#T (K)	rho (g/cm3)	P (kbar)	P (Pa)	u (KJ/g)
1000.00	1.00	18.60	1.8600E+09	−74.48
1000.00	1.11	28.40	2.8400E+09	−74.42
1000.00	1.25	43.50	4.3500E+09	−74.43
1000.00	1.50	88.10	8.8100E+09	−74.01
1000.00	1.75	158.00	1.5800E+10	−73.32
1000.00	1.90	207.00	2.0700E+10	−72.77
1000.00	1.99	246.00	2.4600E+10	−72.40
1000.00	2.50	436.00	4.3600E+10	−71.29
1000.00	3.00	918.00	9.1800E+10	−67.68
1000.00	3.50	1720.00	1.7200E+11	−62.16
1000.00	4.00	2840.00	2.8400E+11	−54.52
2000.00	1.00	36.80	3.6800E+09	−70.83
2000.00	1.11	49.10	4.9100E+09	−70.81
2000.00	1.15	56.30	5.6300E+09	−70.81
2000.00	1.36	87.90	8.7900E+09	−70.34
2000.00	1.50	120.00	1.2000E+10	−69.96
2000.00	1.76	196.00	1.9600E+10	−69.20
2000.00	2.00	304.00	3.0400E+10	−67.90
2000.00	2.30	478.00	4.7800E+10	−66.20
2000.00	2.50	593.00	5.9300E+10	−65.18
2000.00	2.75	790.00	7.9000E+10	−63.88
2000.00	3.00	1050.00	1.0500E+11	−62.78
2000.00	3.25	1400.00	1.4000E+11	−60.57
2000.00	3.50	1830.00	1.8300E+11	−57.64
2000.00	3.75	2340.00	2.3400E+11	−54.05
2000.00	4.00	2900.00	2.9000E+11	−50.24
3000.00	2.50	694.00	6.9400E+10	−60.4
3000.00	3.00	1180.00	1.1800E+11	−56.5
3000.00	3.50	1950.00	1.9500E+11	−50.5
3000.00	4.00	2960.00	2.9600E+11	−42.9
4000.00	1.00	59.50	5.9500E+09	−63.3
4000.00	1.36	126.00	1.2600E+10	−62.0
4000.00	1.99	385.00	3.8500E+10	−59.4
4000.00	2.50	776.00	7.7600E+10	−55.7
4000.00	3.00	1260.00	1.2600E+11	−52.4
4000.00	3.32	1730.00	1.7300E+11	−48.7
4000.00	3.50	2040.00	2.0400E+11	−46.4
4000.00	4.00	3060.00	3.0600E+11	−38.8
4000.00	5.00	5870.00	5.8700E+11	−19.9
4000.00	6.00	9660.00	9.6600E+11	3.30
4000.00	7.00	14400.00	1.4400E+12	29.60
4000.00	9.00	27030.00	2.7030E+12	88.70
4000.00	11.00	44050.00	4.4050E+12	155.80
4000.00	13.00	64160.00	6.4160E+12	228.70
4000.00	15.00	88930.00	8.8930E+12	304.00
6000.00	1.00	77.70	7.7700E+09	−52.5
6000.00	1.50	212.00	2.1200E+10	−51.6
6000.00	1.99	478.00	4.7800E+10	−49.6
6000.00	2.50	901.00	9.0100E+10	−45.9
6000.00	3.00	1530.00	1.5300E+11	−41.5
6000.00	3.32	2030.00	2.0300E+11	−38.0
6000.00	3.50	2340.00	2.3400E+11	−36.1
6000.00	3.74	2710.00	2.7100E+11	−34.7
6000.00	4.00	3290.00	3.2900E+11	−30.9
6000.00	5.00	6140.00	6.1400E+11	−12.2
6000.00	6.00	9980.00	9.9800E+11	10.80
6000.00	7.00	14850.00	1.4850E+12	37.40
6000.00	9.00	27670.00	2.7670E+12	97.00
6000.00	11.00	44790.00	4.4790E+12	164.30
6000.00	13.00	65160.00	6.5160E+12	237.60
6000.00	15.00	90140.00	9.0140E+12	313.30
8000.00	1.00	108.00	1.0800E+10	−41.3
8000.00	1.36	213.00	2.1300E+10	−42.1
8000.00	1.99	565.00	5.6500E+10	−40.1
8000.00	2.30	821.00	8.2100E+10	−38.5
8000.00	2.50	1030.00	1.0300E+11	−37.2
8000.00	2.72	1300.00	1.3000E+11	−35.1
8000.00	2.75	1350.00	1.3500E+11	−34.8
8000.00	2.99	1690.00	1.6900E+11	−32.4
8000.00	3.50	2590.00	2.5900E+11	26.20
8000.00	4.00	3680.00	3.6800E+11	−18.9
8000.00	6.00	10300.00	1.0300E+12	18.60
8000.00	7.00	15270.00	1.5270E+12	44.90
8000.00	9.00	28260.00	2.8260E+12	104.80
8000.00	11.00	45510.00	4.5510E+12	172.70
8000.00	13.00	66000.00	6.6000E+12	246.10
8000.00	15.00	91170.00	9.1170E+12	321.90
9000.00	4.00	3820.00	3.8200E+11	−14.3
9000.00	5.00	6790.00	6.7900E+11	4.70
9000.00	7.00	15480.00	1.5480E+12	48.80
9000.00	9.00	28540.00	2.8540E+12	109.00
9000.00	10.00	36620.00	3.6620E+12	142.00
9000.00	12.00	55390.00	5.5390E+12	213.30
10000.00	1.00	139.00	1.3900E+10	−32.1
10000.00	1.36	266.00	2.6600E+10	−33.6
10000.00	1.99	654.00	6.5400E+10	−31.9
10000.00	2.30	960.00	9.6000E+10	−30.5
10000.00	2.72	1450.00	1.4500E+11	−27.4
10000.00	3.00	1880.00	1.8800E+11	−23.9
10000.00	3.50	2810.00	2.8100E+11	−17.4
10000.00	4.00	3960.00	3.9600E+11	−9.7
10000.00	5.00	6970.00	6.9700E+11	9.40
10000.00	6.00	10920.00	1.0920E+12	31.60
10000.00	13.00	66850.00	6.6850E+12	254.00
10000.00	15.00	92150.00	9.2150E+12	330.10
11000.00	7.00	16170.00	1.6170E+12	63.10
11000.00	9.00	29230.00	2.9230E+12	122.60
11000.00	12.00	56160.00	5.6160E+12	221.40
12000.00	4.00	4200.00	4.2000E+11	−1.9
12000.00	5.00	7300.00	7.3000E+11	18.30
12000.00	6.00	11320.00	1.1320E+12	40.70
12000.00	7.00	16370.00	1.6370E+12	67.10
12000.00	9.00	29520.00	2.9520E+12	127.50
12000.00	10.00	37640.00	3.7640E+12	160.70
12000.00	13.00	67680.00	6.7680E+12	262.40
12000.00	15.00	93110.00	9.3110E+12	338.50
13000.00	9.00	29820.00	2.9820E+12	132.00
13000.00	11.00	47110.00	4.7110E+12	200.20
13000.00	12.00	57290.00	5.7290E+12	236.20
13000.00	15.00	93590.00	9.3590E+12	342.60
14000.00	4.00	4440.00	4.4400E+11	5.90
14000.00	5.00	7620.00	7.6200E+11	26.30
14000.00	6.00	11750.00	1.1750E+12	50.00
14000.00	7.00	16830.00	1.6830E+12	76.00
14000.00	9.00	30140.00	3.0140E+12	137.20
14000.00	10.00	38310.00	3.8310E+12	170.80
14000.00	11.00	47500.00	4.7500E+12	205.80
14000.00	13.00	68860.00	6.8860E+12	278.40
14000.00	15.00	94340.00	9.4340E+12	354.60
16000.00	4.00	4660.00	4.6600E+11	12.90
16000.00	5.00	7900.00	7.9000E+11	33.50
16000.00	6.00	12110.00	1.2110E+12	57.70
16000.00	7.00	17280.00	1.7280E+12	84.40
16000.00	9.00	30720.00	3.0720E+12	145.90
16000.00	11.00	48190.00	4.8190E+12	214.00
16000.00	13.00	69660.00	6.9660E+12	287.00
16000.00	15.00	95260.00	9.5260E+12	364.00
20000.00	4.00	5140.00	5.1400E+11	27.80
20000.00	5.00	8490.00	8.4900E+11	48.20
20000.00	6.00	12810.00	1.2810E+12	72.60
20000.00	7.00	18120.00	1.8120E+12	100.00
20000.00	9.00	31820.00	3.1820E+12	161.80
20000.00	11.00	49470.00	4.9470E+12	230.40
20000.00	13.00	71180.00	7.1180E+12	303.60
20000.00	15.00	96980.00	9.6980E+12	381.40
24000.00	4.00	5550.00	5.5500E+11	41.20
24000.00	5.00	9030.00	9.0300E+11	62.20
24000.00	6.00	13470.00	1.3470E+12	86.90
24000.00	7.00	18890.00	1.8890E+12	114.30
24000.00	9.00	32790.00	3.2790E+12	177.20
24000.00	11.00	50650.00	5.0650E+12	245.00
24000.00	13.00	72610.00	7.2610E+12	319.90
24000.00	15.00	98710.00	9.8710E+12	397.10