# a2	a3	a4	a5	a6	a7	a8	v1	v2	sigma1	sigma2	z1	z2
-1853.5439232246208	-1736.3450054854875	9620.812571255356	-9365.86085192007	-665.0961348950495	9330.943881186122	-6037.868247710341	70.30185534502795	120.82787749028569	4149.203625046014	1281.7799794703055	0.20938105771104404	0.733842177828019
-4169.991194207985	-5011.303716516853	6202.440894584754	-1314.6103991250002	-4459.002529762121	8330.94045091635	-3467.68520949144	404.1296303168424	334.99670484409836	2974.773256149694	1591.1035818640173	0.09956022754792998	0.6082653342751296
-7768.361640174792	6906.830488855172	6768.214487557892	-8585.082285838576	-6416.901401050579	-1780.787137641133	7455.474617825894	437.72267388459375	793.3663570525836	512.9968720755706	837.8082549370225	0.4350070195849372	0.6391938590692554
-1449.589787404655	-4973.98836429708	8265.9778154349	-9791.792388217402	9238.84417101692	-2225.651658652033	-793.4486469183976	339.1956581008716	86.99919115329729	688.8674751138501	2500.0459432243892	0.10849977826876264	0.5145737928523384
-6804.2160374314735	3930.0644634454857	3750.476786656918	7877.9784508537705	-8436.653063419715	-9102.849967271382	7315.7097811513595	407.0350338001679	925.0066896923262	6193.814115455943	1271.8297520801002	0.2138078498600151	0.626744272293398
-559.8917422452887	-7341.524919983105	1683.3146873792339	5564.166894474887	27.30027659647203	2896.435926536722	-4079.1770710067694	529.5162293620626	52.679050414226	7867.968501451548	1899.7676558207743	0.06272332863457497	0.5283092185838029
-9178.8992421875	-4317.06357196604	5274.27569863094	9367.197620435258	5476.637966842847	-3987.164751179177	-7143.824711182533	317.7882931637503	728.0385997385416	11236.757215032358	774.9658261431991	0.16207912186997414	0.5413488190819049
-768.7831072865574	-4101.437666606551	-3211.1006786597554	1310.9354970199001	1939.2551657893382	7270.111406927932	-6041.205984804374	964.003637557039	66.2922439086948	1995.7398850841469	2323.6465841608656	0.36173543829828825	0.5363560599529288
1212.3983507463417	-7237.13107397169	4347.302545238304	36.963212761695104	-2110.2874986418656	9250.734632658885	-6801.348171831938	432.2754947318402	992.0338429925418	10495.24659207299	1154.2422547928365	0.144474208093901	0.5645130922385054
-2539.470497477032	9071.92472695803	-6582.484012910772	-8341.079161620952	4035.2482972878697	3712.8332442957453	-562.8776949535168	854.3861104844652	382.1511083908637	9056.07782536025	2717.823586597157	0.17281197064504905	0.568960162810019
-5243.294515406982	-8673.490213077652	7468.0570316726735	1633.3279977998063	2562.724124510263	-7556.041802106987	4420.26344669129	995.0097034018562	306.5457270190069	8242.30114446754	684.6136633825273	0.23455771410687126	0.5469406451726114
1476.6654997872593	-4723.527002656558	4884.145655885841	236.75052056743516	-8256.630285791829	-268.3470420177	5090.854158976552	796.5332226549157	26.625114436784674	3294.8477744830516	1196.5557014390015	0.10267753291503778	0.618663866900218
-828.3617979841456	976.6211229661476	-1808.4720794019722	-9810.175672148955	8496.970982716859	7359.1146688540175	-6291.586893676473	912.7703371056224	429.80082422094245	4620.264366054083	2702.812400996659	0.153910761643632	0.5611835835119355
-457.3036647788813	-8843.007477918873	2583.922423224056	3750.3973842452015	5067.267805648202	4922.871656015184	-9847.655587220042	479.5436076385553	754.6238034084831	7996.371959440349	1118.0354382772427	0.20824652213349776	0.5488084550440228
-4670.548553134211	2111.8162791708146	-832.2486042064738	-4104.48885643244	9957.031833512763	-4795.975769539269	-464.4557832639566	287.30586898194264	904.8774639437661	3258.354133350334	1878.9800561737957	0.31341639099221075	0.6080608058623733
-8920.45723534899	-94.22911342754014	326.8939018719084	3494.3768521063175	9835.000381416092	-755.3398093048199	-8480.427043523929	558.9581979905881	649.9912561186328	3092.200901349269	246.74660199700992	0.21162717808070108	0.6602269370850955
-5043.665388752663	201.83593040336018	5525.6606124147675	-1560.9673537313702	-1729.952041199067	4381.55497304894	-4586.806473334879	112.21377270888925	197.78474303585267	8581.435921620956	2776.463420888613	0.07033023713028985	0.5628494438581207
-2598.999885463233	-956.6007594089915	-1437.2069971431029	3524.660978209389	343.9064840484025	5924.091650043354	-7385.03864097205	94.23203977815247	468.15406519832294	6992.4888139538525	73.07369845313217	0.22691913064954583	0.8369054764203974
-9901.88840468975	7207.248567823004	1548.434384986018	-3045.986515608006	4308.556893969191	6479.675375140196	-9259.309524793905	596.0355223850813	355.17724762422085	2731.163409394304	1171.403816980867	0.29456860604219376	0.6100385770372395
-5545.570952584351	7158.777532975368	-2921.077016749793	2787.237244906497	-4504.759898025714	-708.5688097951388	1531.6919602038633	913.6174163745893	175.25911698040113	1747.9199563433513	1181.0699418082015	0.07772236083163374	0.6498253596533264
-6395.9374792191775	-3554.804447853883	8883.333194870316	-4083.7133870786984	9371.76558273775	-4596.233980575042	-3062.174913887501	234.4957458758172	484.5549479435468	10282.926087616335	545.5690241379397	0.268819770851187	0.7751713540131969
-3017.6783620273227	1605.6894708878372	6942.485892185683	-9454.25214712262	4050.4651220990363	-4652.925953615699	2970.0333076716797	485.7189481057571	218.39990001671072	10081.131690011433	2338.879373333367	0.17364353173470118	0.5517897972683722
-8839.543868839315	5439.634174883355	-7173.178452617659	8415.225789844608	-140.43480068887766	6451.733195169119	-7734.396898609781	415.7353709082272	479.4843955119616	12101.284059847329	1070.6050186578952	0.2127804593711668	0.5622027039644231
-8294.198439788583	-5086.949373173328	7279.787387687822	8633.058616105693	-3397.351281926788	2670.310701505061	-5332.388265525112	159.80034840715908	497.87409343071323	1557.1573555941786	863.2300780078417	0.25880603909555205	0.5397762583097007
-7907.373938992295	9576.170218086776	-2850.0968682789953	4211.853348360242	-7297.499677759986	-1168.5237368956896	3609.6821922565705	831.3752717990254	287.10091541092584	1597.546844129656	1671.896498310459	0.40205365997781856	0.5831248492345635
-6575.636065673323	8586.808401166349	-3290.417283860287	-3101.179762009143	-3256.5934434490455	9669.118089624884	-4290.965535448534	531.2754385008309	922.4092264857441	1743.6060079927129	2707.090691301166	0.1701723300353538	0.5127495826812466
-5483.759023218895	-391.45904601336406	-2618.0947331272428	4059.9419267640405	704.0229101766363	1504.312821771813	-1825.0688454585306	487.6965237554457	353.07488819798436	3471.11659973218	1699.2366609248388	0.2536686271114311	0.6084439203227547
2304.2737487048616	-5100.081994793994	-7611.9770456551605	-2235.763858934325	9652.729691222765	8195.825459758431	-8150.788121182238	615.8434649568998	930.917223698609	5428.99180947281	1048.012556294775	0.0740666763384982	0.6333214974284003
-5003.132238317047	9301.174802257283	-4791.64583148725	-3953.237989096505	3513.589580959264	2385.4050884418084	-2306.7308549439012	768.687693326994	668.5694214330732	12771.738708035022	1754.611509801176	0.11077953970989138	0.7105487469806578
-6349.979362620481	8990.405407377828	-9170.429021907867	4068.422388383262	-1451.359914273531	1370.6799455716136	-27.444037585424667	809.9726119051319	488.5044907872642	3897.260644555618	648.5757870663899	0.20732867406349115	0.6627276229224661
-2378.4928824511417	-1545.4863827740355	-4171.60727310615	6057.62072949325	-848.6301795452364	-1107.6896942127587	1046.4080434240077	701.4371955857864	37.443919796297266	5091.644532895647	84.17806742702095	0.3496563243191598	0.8384268649350788
-1092.289509726972	-5264.293064044965	6659.528842966374	-2532.003203700632	2115.8047270758852	-3410.594465515839	1513.8992149461847	660.336386579966	705.2206212238485	7405.96838457789	78.6551622858478	0.3180467161572109	0.7630328765372193
-4074.56486610714	3688.7254808157995	759.1111424635747	-1701.184428283288	5939.952057411416	-8774.968839794961	2902.4239486995793	90.85768092058488	630.2994603523609	8744.695595364548	2132.4474278460025	0.12433433726753912	0.5844599850719231
-3495.568487846641	-1003.6023645919631	2922.6042509469607	-372.04241089740026	-6055.813783500299	6442.120576652189	-1186.1764457741501	434.0130506086438	948.0789332070938	2336.4970314049538	1160.2126201242058	0.27037243308657427	0.5145847495979157
442.17648587513213	-1865.9727651583216	-1389.298301233468	-2243.739012416215	4443.060318498619	-3418.350133346069	1926.2579356556307	330.7161585990564	627.1203018896556	5041.24057810291	383.6357101853505	0.18104704835667235	0.6069407044798238
-7239.198049844331	1925.2043170252127	-7432.446588650526	7516.711860840998	7892.316405835747	-6183.226186723372	-714.5670744831241	109.05165862179926	635.0344589662839	2179.561117713746	322.28292493868827	0.4769694877926267	0.7167911362316258
-2669.27074236669	5516.789534263826	-4690.363167546303	-162.8080106632333	-4818.65318366701	5992.127301771508	-972.5691116841499	529.4719997022632	25.729147531389003	7292.231693725919	849.5537368686201	0.058356196412882096	0.7422244616807154
-8557.640884802	2611.485316907989	103.68090774835764	5566.05960928963	2117.6646906716305	-3233.555750839365	-1727.4121764614629	830.4651458663271	637.3593913549423	7531.218859473487	3955.109584119323	0.07259946158870684	0.5205353509863977
-7825.052800712091	6355.829149971243	-9566.08109879832	7850.294543995682	-4590.634977216481	9355.028355626713	-6111.658050195694	83.55749595498222	272.47640214921626	3546.0554701929814	702.0767294080188	0.20804595657488772	0.6096520771322841
-9555.019508301028	7200.9375540762885	-9955.237488872757	6924.426962327325	9466.823883575249	-8580.750369540767	-297.15424425741185	836.0212319156425	45.356765820967226	10113.735358226508	2321.346269019582	0.06843567594279432	0.5181721405961331
-5746.2270091827	5925.452185133279	6324.589591407874	-4474.069771841471	-2554.2937065945616	-7457.927268975602	5949.322399922803	670.8639309291244	161.29735071606663	4225.288785618018	457.7045800980994	0.16396627323198215	0.5233150217816029
-3502.6228678561047	-9796.522458325368	7243.244994010511	8090.456233872304	-3748.033506368267	1647.9004640896092	-3968.3326737192683	768.464928282285	698.5629439427112	279.71101363849505	2274.771201584158	0.2676862289822561	0.537737991297739
-3570.909318905992	969.0638425973102	8810.241558331669	-4091.2093746406117	-1777.6485917060254	-3286.14875430995	1892.5184452927751	113.8953759873052	560.4115255689343	5547.779425571802	1463.3519899706248	0.30559583716435657	0.6631676255103084
-1776.5641324251264	4194.668739846957	-9115.706080145601	7578.501032069842	-8469.56286556242	6763.56004320526	-1563.625056738385	423.2865205028986	466.1944197532173	9604.149693115649	158.20283634480737	0.13551011271501318	0.7450544745979799
-7058.636736637782	3315.0243961522883	559.3314938614731	9245.165657058664	-6697.834337064114	426.3805848926204	-2668.0560480959994	952.6281405384753	330.9370628781028	5743.702145798539	353.9955922583693	0.34812685321565384	0.7503991038409521
-1532.7672853099975	-3996.916635319847	2077.905533979276	1633.3165054098536	5866.075373269561	-2195.773827636507	-3613.9105423514484	556.386381142955	111.29652498666822	1790.279484801236	2050.3699675183575	0.09871932779667209	0.5780949350378379
-4545.963679695804	-2116.923028157207	-9755.920479625007	9312.609620329855	2353.8107770613224	9684.209372575555	-9399.642339091468	324.50051534802117	50.7053227177073	9268.141558821359	6.069800825461158	0.23253120822416734	0.6067719391880619
-5764.750361243125	-160.2496878013735	8831.527750640198	-3713.364556583487	-4148.988759612868	1015.4604818978914	1584.8908055252614	232.95958607825253	910.2524287616499	7759.704241272998	2165.2780871443356	0.18145337896964475	0.5308078514576936
-702.1189297853489	2141.1733016613634	-7371.065885959709	5693.125195434655	-5067.511095981756	1217.6696723731166	2134.0950245591266	113.95014287505505	532.4956528984889	6902.529902704599	511.4085649907918	0.2509333975456728	0.830357002966761
-3401.1001988929747	-5601.287955632215	7856.44995535885	-1003.9279329510118	9025.2461546866	-5971.371667541621	-3180.339101959069	440.54831948088025	75.28566849515707	11520.551148857157	1398.550103848195	0.2273433737938298	0.6341786942764027
193.00045490350203	-1142.3145648418194	-7123.11035697039	5626.438954548092	-4658.295281336242	7582.834697873488	-3424.514205315223	763.0984278387534	853.904404415611	6195.56769679013	1043.9095018170751	0.23332291494288948	0.5681291545217448
-3881.767972853292	-9343.246662927655	6680.730234182614	4781.259513846902	3162.261532873732	4529.176323879643	-9443.201367621372	777.2803544682127	422.9109424144422	5522.432945280031	488.9734170275517	0.10073192541777179	0.525245904544608
-8829.97418764595	5753.101581235285	-5803.262229781312	8069.803253727474	-1365.8068940260619	-2341.4710158671915	815.1593418881912	992.6971264903154	204.85346999321055	2083.3881945660605	1637.954592462354	0.1969202745190664	0.6010780971138413
-4004.572459267206	8288.457138681657	-3189.371881743985	-6769.297881485301	4348.7509941590615	4802.326754064499	-4853.0834869879545	718.564242283917	468.78296424065707	5012.737992484322	2720.1556250697845	0.15819338951612846	0.5725695732245613
-3501.769491286813	2053.6981811724163	6496.751513130337	-6913.601399935911	-1291.076439607221	7214.448568608226	-5483.743347714267	223.90204851499635	133.73077921545234	1751.390591355637	2651.825459427053	0.3301382652952015	0.6339391833942751
-782.04321510525	-365.3501561705034	-6349.6996605458535	1710.7973710748156	8960.559351385458	2898.129176466604	-7170.018259961404	155.29362305691748	722.5692107498622	1515.4936855344704	978.4302579842418	0.4724853898325928	0.8452774765941689
-4365.548159950794	5193.798945639701	-4160.628506885866	-1717.1422991837608	224.23212230854733	7186.390233311227	-5381.698899673146	441.15100545189983	242.17542236164002	329.84277519131575	0.1408494981869346	0.13409607896690373	0.8459985534187845
-5515.894640370289	-822.4828258353791	5877.503960053104	2969.3993616116295	-8738.40137137478	4396.460712771113	-1630.479660209232	748.3348897498709	186.35466757271308	12703.445972541838	2131.454613884183	0.0634183377037894	0.5090510071438468
-5183.523118516698	-6459.646716468581	7463.576796800397	-1727.0674272030956	-2276.973177859707	1609.554223357536	1303.9127382873357	582.3509259006635	943.4458509037522	6783.726237862098	226.59624107536968	0.2664913633737815	0.6021434930738238
2957.5216232633975	-3798.4471836552493	3094.4574379170117	-2949.728949264825	-3985.8537035971394	1081.19023920168	2632.0093614195503	121.79219639423916	102.3467242684742	12938.244587255325	81.17753865196863	0.27644867038173154	0.8282663775772482
-6417.26802771271	6168.433008338561	-4656.26657618744	-2172.8160385751717	8006.371486491447	1153.2535654068852	-4304.762552964274	580.1911805459252	266.7182587207542	14549.698275362724	390.00706401783214	0.06980609318986329	0.6436278543052789
-9290.531692115854	8827.244753729876	-3242.6612553576197	1664.9388593623444	5545.380188566536	-8300.58573877636	2337.482840902265	910.2903055009418	651.027768259704	600.9521090020509	302.91634513762045	0.2567342848047281	0.8045990052913577
-9894.044009193038	-153.5644526128399	-3335.565622303405	8919.025152250088	3154.9115400579703	5092.00936681002	-8897.306249218318	95.3448209887778	781.8510284250391	805.6079961417995	716.4924810399386	0.4756967118956904	0.6604827565246367
-9981.734193873199	3630.584177279128	5118.545407517478	5416.305883985697	265.42863753735764	-9596.742022541332	1607.5082304572516	402.1788699866708	222.68331969562772	9721.244712917556	287.8169125863361	0.06467718675803981	0.7711589382944533
2153.2110669726735	-7390.638944393382	-3907.6970329948144	6476.280961798846	4034.5536589805834	-2107.4759008987494	-1798.9297447511453	630.6484628724945	192.78293660649356	4111.460563450897	1414.2798112313071	0.1157928185908139	0.5004016811429893
-5291.059246479333	-563.9119033398329	188.9118243531575	8660.995794568087	464.7057029561056	-3627.3475387139697	-2231.5186181341005	298.7989385089029	105.73610138641615	1736.1191071428373	427.75585368908907	0.22089392217004628	0.7541905562675296
-2520.8433522027017	1273.6662503238022	6643.674722021198	-6846.543571105368	-7668.947560219816	4721.819644585366	2452.210120042195	833.5288992832365	484.949033198677	7830.252104454538	363.78125220743794	0.10265951650358232	0.8473633237459551
-4721.802104211901	1428.9041025122006	-1615.4156174827494	4720.564635969	-7051.06242249983	3311.4905803004276	790.1831386975737	519.5815155956724	245.17972069196512	3229.783981770522	612.0239876259337	0.43895178768031407	0.6005700124921057
-2019.7237074872	-9605.504231596127	8425.827555697466	107.95994933138718	-1149.6993043874118	2347.5944121761713	-1715.8474109673552	382.28225355000535	507.20564808261634	5285.804050915935	169.88473937617155	0.09670367108342634	0.5340779557846307
-6597.919691922871	-3237.62355191427	7796.278455565167	384.66901459183646	7252.010021784994	-3974.5585329946007	-4519.453201627901	123.59291223199082	471.2056703515397	8200.483631757583	3022.620125933213	0.06515601750558271	0.5108330985538951
-3445.022760526106	-877.6325455453862	7431.163990364457	-4889.121048763245	-502.3823118979635	6384.026304738356	-6169.6577730881	945.4598066959112	229.0302162172792	2112.5429031511776	3120.944608512155	0.35413411114369564	0.5112296011704456
-9943.163987859729	2472.515592852067	2137.2624974374176	4229.039874228185	-570.1819200743703	4611.261501764515	-6209.976316082488	524.886696398671	476.21490715473703	6641.961920653048	4052.1620157418	0.28641089227515215	0.5222479866259585
1481.3052998879903	-7258.427684071793	-359.8172192576203	9975.11477557497	-5796.872547997105	2285.0355360104186	-2037.6463587225226	762.5024372970327	611.7089357016482	7445.1919438536015	1251.2193528448433	0.17222178693485168	0.5581735163475187
-3451.5007112614085	-2098.374865522992	7148.657562190765	-742.585268687817	-101.3714965842355	-42.327841739885116	-3091.781717334534	624.6463781812276	563.8245476685561	2280.1852429051482	2207.205000180548	0.18068841731327823	0.6126194559387628
-6500.8789983293955	7765.717336002017	-8651.594745841416	7247.954897525196	-995.9445765322744	3634.787061590956	-5231.079590296455	693.0584323823127	274.6980435895695	2985.2038776714408	266.1930133350454	0.38067112658747143	0.7298556291468846
-8655.741506484857	3299.6673949857504	5269.166993183342	3839.7744624065417	-7240.432446284762	5258.0932931811985	-4766.234279532156	449.8805054726845	50.06521727666719	46.950074326777	586.0609789079407	0.06332217179690405	0.5698683434444773
-2826.2554255335817	4238.640186116858	3486.554029987383	-8443.07651790616	100.29581553544085	5287.43018656222	-2984.9730200645963	731.1281812335701	992.5994629617893	10058.873487359924	1558.2126984834742	0.10867683904533218	0.5425590159983337
-6003.823687822776	8830.654600141304	-7320.1760158785655	3436.0921559035232	-4622.593383189815	-2059.411685654124	4943.373738003307	427.4443003557011	23.165122530773715	12154.76257305001	291.4248023039079	0.17790323498179084	0.6147411571370285
-1673.2022019687029	4522.908220597752	-7949.613127612347	5894.658058875348	-4025.263068021972	1531.6103949937315	-50.65310775728358	770.1492447203946	638.5969600831905	790.441934474957	548.3921699335336	0.31954943332172797	0.6797977473854931
-1481.6126229844722	2150.8928806431068	-6919.166570288546	-4134.001260762323	7280.933548538247	7528.136071982055	-6979.403238690289	335.411534085297	205.01362835188877	10433.099604686178	521.9686986916239	0.1540685345070506	0.7051958785474532
-643.7572583110286	-1096.9157130273306	-2108.2494558843455	8306.253204173678	-4722.723837204891	-3512.8346633557794	2333.1193982218683	568.7991113798325	280.18715680638036	11558.897846104921	2763.754548809818	0.19715823466448712	0.5320804877320746
-2212.0871241481254	6335.357816006839	-7222.755538240175	-3902.8669129193313	4783.019607714221	-4252.837923001715	4202.404789671864	876.9367616510433	724.9426330167082	13607.900226528562	167.8488521677246	0.10813233317025098	0.5696753441275062
150.1265131785167	-6378.722447263807	2940.722352352679	149.9286176224232	-4541.24086773591	9514.222551648061	-4129.958604799848	230.4251226936858	325.6318686849949	322.58398032205093	2585.5020497522905	0.2976538487934735	0.504907499183407
-5283.296760930234	2949.6772547228247	-2239.7856965366273	8036.876436208127	-153.6880408769266	-802.0987498543291	-4541.815437321959	554.1282933643406	942.1045510342681	11670.337534404744	872.386509618277	0.2450265083058526	0.6529361041217799
-9951.276596580454	2624.998559033347	6765.5153279890255	398.5956414375705	-3564.2967975107376	-2114.7484984801413	2169.9175108779964	407.3952883222698	171.76437478742216	1872.1388786454772	1093.7143131683702	0.4611309711374647	0.5016858792837715
210.34619228617703	-3286.8805574093394	-2115.0089696445093	4565.056724391237	272.268413041842	4239.295940917791	-4882.195596924188	699.0157896698098	54.46379033920386	11265.206441928089	1673.6096348655028	0.1985815501305268	0.7786871654741152
-5491.458427352205	-6302.091685158611	9148.411482792482	-2352.9802213782577	4504.0983145843475	3967.2753076111094	-6495.901292877608	663.5151021371606	228.32679587552434	5829.620578210939	2226.325967047151	0.22576677481044682	0.5581550464700903
-3504.9882873781635	-5409.241236302575	6777.790787698203	-3480.6221848520827	3236.049360522007	-2456.6683007016454	1107.2081967975464	321.01975565057796	920.5445588335776	1731.9251647699118	1396.8182426875676	0.4128487588642428	0.5775775240083073
-1579.302783310226	-8050.216915932589	6718.809947524358	4707.071717815719	1745.2274669223898	-3892.611523737699	-1882.2874990851733	884.6532169113976	890.250967108493	2430.8331572335896	1097.9117785414471	0.42859288571312504	0.508796343851799
-2229.6431000320863	-6818.452698031177	3113.5338977077718	5742.12911387342	-6643.004953725475	8827.200616302387	-5638.16861012228	238.92329010317894	574.7049115630825	4797.478065851033	855.3159994816606	0.2526272328298587	0.5382818457638503
-9894.85816899584	3079.1615721008075	8321.189840520776	-366.9091074155822	-8206.745434077915	673.826911092221	2766.527845806937	164.57393561279068	972.6997625600555	825.7445206377678	841.4843560513851	0.11370005777093174	0.7018385115750435
300.42174626295855	287.7015144486195	-6476.750640798771	-1870.8243718281901	7928.495701716511	1901.8567972612072	-3679.963489655669	251.8846700358634	69.71050180693533	6052.902754398359	586.844753432716	0.3108883539779296	0.5250671169651384
1343.1023267190958	-3148.9509436820426	-1719.5422146337278	-1492.9660159973773	9053.833128649196	-2327.501482084206	-2637.4725081424995	572.3118428664212	410.18860463791356	9641.802925428245	2019.4291259098684	0.15305673743758758	0.575177457120487
-9767.224748866498	8337.05329077888	1681.972556399438	-7219.098461829883	4384.459125155981	8129.137679096057	-8375.244584655647	895.2374293077571	536.2663906944929	3173.0022325656428	287.43872872661444	0.47090484812286637	0.7077573987707617
-5468.448531063461	-4700.282051272362	5077.436960035244	7610.283567044997	-9601.468409908202	4956.852803606196	-1418.770812769355	988.3269804839404	912.8874109470195	428.22428392430555	564.541041302371	0.48307402058157906	0.8388929613852979
-3271.6892962222864	-4189.936111389298	8912.84670611265	5927.002644428139	-8880.988451265881	-9852.165105129716	9108.628242094306	583.7242183159951	270.30098238472715	1044.387235672213	567.4270818633431	0.16684732699825328	0.8206596568677492
-5365.0906022198815	8702.247964564667	-5421.29114480904	3799.1176125723505	-8087.692281905099	2674.818712373659	1637.7363843393869	746.2051890051501	42.35402297009185	3925.5352405026533	1587.4448893969673	0.099280142116208	0.5451078200082455
-1672.3800286090373	1904.812121676061	6184.433439791477	-8125.964283770246	-1495.7623177065088	-7305.1119889138645	8725.006330421795	617.7329278922133	967.3320822408825	241.58490097762274	1503.4189225865703	0.1998908526728731	0.5395765333056398
-6757.368545692963	4440.835479471776	4992.637686083386	-7978.428311473782	8080.26560471077	1976.6859577189043	-7124.900397493706	687.692437211443	322.4747833868144	4667.783684402547	1329.6447752552942	0.0501605190204095	0.6507686041092592
-9511.519629150956	7306.154555718233	-65.65964522428112	5218.711574250745	-1369.1195372711027	-7954.857818653282	3221.404149362901	52.95756711258623	812.5046158945078	5032.644576651459	2303.0391909713967	0.17959081423953832	0.5535024049174683
-4421.044172812276	3399.6092599727963	4488.034726262438	-8170.187841687275	-532.418177189058	5666.347176113859	-2357.5298639857256	989.0670549278972	577.0839710608666	5898.929666850831	3276.646072355802	0.18040897225870195	0.5035311743589745
-4222.62339732443	3517.468311602517	-2669.768559008652	1420.7805385327702	7.000050388798627	7798.9145983335875	-7303.198051484023	234.3528914974401	55.43508155607412	7428.6223810882875	880.1251822739631	0.13616294364316228	0.8004125776372413
-1351.9142299552823	6510.747302302083	-6145.091012498138	-4563.26170278089	6937.1511052087735	-8602.071998476884	5488.634276434061	165.98851272768158	602.9928184014965	7841.767129620525	1488.1348598414413	0.09276129533477914	0.5267653354945813
-8100.274938239935	5969.61749358347	232.89430201660434	-5808.084468642774	4325.801574124562	-3458.9790478634995	2900.2615037362775	205.73967263004604	553.8959564209093	2344.7954890804776	2823.8608342205216	0.38214372851138834	0.5188902537049902
-450.882412648054	1826.7302993930498	-2071.779449521505	2091.587658112463	-4968.826198418011	-3315.9789428331087	4977.4054738649975	738.4111598172603	900.7864712934402	3925.741740917048	78.71847863461178	0.10866360396021466	0.5230648976203878
-8055.767884172611	961.3115862563718	3431.598931465707	-3165.956598233928	1814.6291767656821	7503.047208451102	-6172.760385570015	852.1192885226545	351.5408356848925	7274.477537925108	2606.9599412052467	0.14536540910662604	0.5845853087230866
-9249.08582309847	-2066.411057672415	3818.89240326473	8336.277571127772	1819.390541310253	88.14851196217387	-7367.422838823366	774.613046213381	248.58345979407758	1486.8168867313614	390.0068339407037	0.16467017441221116	0.5184197349470975
-4563.585498440781	-2428.6937265969646	3158.407796523885	6446.661026016816	-8336.472911362947	-1190.041896752784	3631.442505793326	877.9154702920403	590.2226967701597	6899.564824984721	2179.973654622711	0.0828286149996362	0.5191419866745609
-3875.32959090017	-1757.6454288091427	3521.5372366400406	-77.03550491681199	-2915.9539469082692	8954.581683025219	-5806.272631482443	82.9522777383568	210.96823928226678	9270.070777154331	1115.499895896619	0.23408977250048618	0.589353922846856
-6642.9053055178165	4362.841753665001	2199.334597629637	3925.515845106691	-8820.369420826146	134.87614941255015	1964.7884957849146	24.98424538437922	738.5502701224916	692.8028294877975	235.2687656627328	0.44076713167671033	0.5340094693627434
-2602.003779994049	-3510.529198758687	4705.048154423985	-3049.903640059537	4390.41407862796	4493.543184173914	-6518.715199241209	375.4967065093927	958.2992839672281	431.4134147718418	201.62314444299943	0.3100969033739301	0.7166191733825957
-4842.101868997941	9427.232270665863	-748.9341299559383	-4231.94392723492	-6019.108663902061	1629.4470321574245	3433.0187639398027	467.78933179164784	537.9373143500907	8894.02336511632	1159.1552665030513	0.2037235138034319	0.6283912348682081
-6042.884879274148	7384.285054785687	-9155.949082081	1661.5800332186282	3426.5599868470817	539.0290740859018	-1460.2834351053843	912.163552727605	929.3186689616905	2286.5510169632144	1034.0995664499685	0.40582107585582816	0.622045692147046
-9836.678611754254	9684.366354484137	2037.3712694774931	679.3648337780505	-9439.490750559411	1712.142636014998	2700.7498402451183	125.09172019202461	812.2334914460339	5203.231729704543	2653.965967298968	0.19688513574423588	0.5334993441425615