# Guignot et al. 2007 (https://ui.adsabs.harvard.edu/abs/2007E%26PSL.256..162G/abstract)
# P–V–T data on MgSiO3 post-perovskite phase
# P (GPa) P_err(GPa) a (Å) b (Å) c (Å) V (Å3) V_err (Å3) T (K) aMgO (Å)
111.1 5 2.473584 8.105783 6.134658 123.00 8 300 3.7522
114.8 5 2.467492 8.089385 6.127964 122.32 7 300 3.7437
115.4 5 2.468392 8.080647 6.124279 122.16 7 300 3.7423
117.4 5 2.466453 8.071189 6.118184 121.80 10 300 3.7380
118.5 5 2.466175 8.060682 6.116515 121.59 5 300 3.7355
118.2 5 2.465687 8.063539 6.114923 121.58 5 300 3.7361
117.9 5 2.467123 8.065793 6.116477 121.71 6 300 3.7368
121.7 5 2.462973 8.047212 6.107080 121.04 3 300 3.7285
123.0 5 2.460243 8.042772 6.102291 120.75 4 300 3.7258
123.3 5 2.460619 8.039013 6.103719 120.74 8 300 3.7252
123.5 5 2.461332 8.037754 6.100445 120.69 8 300 3.7248
123.8 5 2.460076 8.039284 6.101700 120.67 4 300 3.7240
124.0 5 2.460758 8.035878 6.099467 120.61 4 300 3.7236
127.5 5 2.455981 8.018187 6.091888 119.96 3 300 3.7163
129.5 5 2.454011 8.009941 6.086818 119.65 4 300 3.7122
129.5 5 2.452957 8.010430 6.089190 119.65 3 300 3.7122
128.6 5 2.455264 8.018196 6.093702 119.97 5 300 3.7140
129.1 5 2.456719 8.004843 6.090545 119.77 4 300 3.7129
129.4 5 2.454427 8.010681 6.092878 119.80 4 300 3.7123
131.4 5 2.453198 7.994507 6.084594 119.33 4 300 3.7082
131.6 5 2.450566 7.996241 6.089450 119.32 5 300 3.7079
132.0 5 2.449594 7.995782 6.086390 119.21 5 300 3.7070
132.4 5 2.447289 8.004339 6.083857 119.18 4 300 3.7063
132.4 5 2.449522 7.993332 6.083714 119.12 4 300 3.7063