17.1480213  1.0000E-04  3.863636    72.0  1.1035E-03
17.1480190  1.2032E-04  3.863395    74.6  1.2800E-03
17.1480162  1.4382E-04  3.863153    77.2  1.4756E-03
17.1480131  1.7084E-04  3.862912    79.9  1.6911E-03
17.1480096  2.0171E-04  3.862670    82.7  1.9277E-03
17.1480055  2.3680E-04  3.862429    85.5  2.1840E-03
17.1480010  2.7646E-04  3.862188    88.5  2.4626E-03
17.1479958  3.2107E-04  3.861946    91.4  2.7622E-03
17.1479901  3.7101E-04  3.861705    94.5  3.0856E-03
17.1479837  4.2665E-04  3.861463    97.6  3.4294E-03
17.1479766  4.8839E-04  3.861222   100.8  3.7983E-03
17.1479687  5.5660E-04  3.860980   104.0  4.1854E-03
17.1479601  6.3165E-04  3.860739   107.3  4.5972E-03
17.1479506  7.1395E-04  3.860497   110.7  5.0303E-03
17.1479403  8.0383E-04  3.860256   114.1  5.4843E-03
17.1479290  9.0170E-04  3.860014   117.6  5.9632E-03
17.1479168  1.0079E-03  3.859773   121.1  6.4551E-03
17.1478894  1.2465E-03  3.859290   128.5  7.5048E-03
17.1478578  1.5223E-03  3.858807   136.1  8.6205E-03
17.1478216  1.8374E-03  3.858324   143.9  9.7999E-03
17.1477807  2.1940E-03  3.857841   152.0  1.1035E-02
17.1477349  2.5941E-03  3.857358   160.5  1.2322E-02
17.1476839  3.0389E-03  3.856875   169.3  1.3653E-02
17.1476277  3.5301E-03  3.856392   178.2  1.5016E-02
17.1475661  4.0684E-03  3.855909   186.7  1.6390E-02
17.1468469  1.0368E-02  3.852045   248.8  3.0189E-02
17.1456581  2.0823E-02  3.848182   310.5  4.6131E-02
17.1439398  3.5993E-02  3.844318   365.2  6.3814E-02
17.1416813  5.6011E-02  3.840455   414.6  8.1148E-02
17.1388797  8.0940E-02  3.836591   458.8  9.8933E-02
17.1355423  1.1075E-01  3.832727   501.0  1.1592E-01
17.1317027  1.4518E-01  3.828864   541.2  1.3161E-01
17.1274243  1.8370E-01  3.825000   577.1  1.4507E-01
17.1227446  2.2598E-01  3.821136   609.8  1.5830E-01
17.1176773  2.7194E-01  3.817273   640.8  1.7081E-01
17.1122425  3.2143E-01  3.813409   671.3  1.8290E-01
17.1064546  3.7432E-01  3.809545   701.7  1.9448E-01
17.1003331  4.3048E-01  3.805682   732.0  2.0556E-01
17.0938942  4.8977E-01  3.801818   762.2  2.1607E-01
17.0871525  5.5207E-01  3.797955   791.7  2.2633E-01
17.0801167  6.1734E-01  3.794091   820.0  2.3599E-01
17.0728169  6.8530E-01  3.790227   846.5  2.4496E-01
17.0652688  7.5584E-01  3.786364   871.6  2.5332E-01
17.0574885  8.2881E-01  3.782500   895.7  2.6139E-01
17.0494848  9.0416E-01  3.778636   919.3  2.6912E-01
17.0412745  9.8173E-01  3.774773   942.4  2.7627E-01
17.0328706  1.0614E+00  3.770909   964.6  2.8295E-01
17.0242935  1.1430E+00  3.767045   985.4  2.8953E-01
17.0155236  1.2268E+00  3.763182  1004.5  2.9677E-01
17.0065522  1.3128E+00  3.759318  1021.7  3.0410E-01
16.9973838  1.4010E+00  3.755455  1036.7  3.1121E-01
16.9880253  1.4914E+00  3.751591  1050.1  3.1818E-01
16.9784804  1.5839E+00  3.747727  1062.5  3.2507E-01
16.9687527  1.6785E+00  3.743864  1074.3  3.3185E-01
16.9588460  1.7752E+00  3.740000  1086.0  3.3853E-01
16.9487640  1.8739E+00  3.736136  1097.8  3.4513E-01
16.9385095  1.9747E+00  3.732273  1110.0  3.5168E-01
16.9280851  2.0776E+00  3.728409  1122.6  3.5814E-01
16.9174940  2.1824E+00  3.724545  1135.5  3.6452E-01
16.9067395  2.2893E+00  3.720682  1148.6  3.7082E-01
16.8958247  2.3981E+00  3.716818  1161.7  3.7703E-01
16.8847530  2.5089E+00  3.712955  1174.8  3.8314E-01
16.8735315  2.6216E+00  3.709091  1187.8  3.8893E-01
16.8621666  2.7361E+00  3.705227  1200.7  3.9464E-01
16.8506610  2.8525E+00  3.701364  1213.4  4.0028E-01
16.8390174  2.9707E+00  3.697500  1226.0  4.0586E-01
16.8272381  3.0906E+00  3.693636  1238.4  4.1138E-01
16.8153256  3.2124E+00  3.689773  1250.8  4.1683E-01
16.8032822  3.3359E+00  3.685909  1263.0  4.2226E-01
16.7911083  3.4612E+00  3.682045  1275.3  4.2768E-01
16.7788057  3.5883E+00  3.678182  1287.5  4.3305E-01
16.7663765  3.7171E+00  3.674318  1299.7  4.3837E-01
16.7538227  3.8477E+00  3.670455  1311.9  4.4364E-01
16.7411462  3.9800E+00  3.666591  1324.1  4.4888E-01
16.7283483  4.1140E+00  3.662727  1336.4  4.5408E-01
16.7154309  4.2498E+00  3.658864  1348.7  4.5924E-01
16.7023958  4.3873E+00  3.655000  1361.0  4.6435E-01
16.6892448  4.5264E+00  3.651136  1373.4  4.6942E-01
16.6759792  4.6673E+00  3.647273  1385.8  4.7448E-01
16.6626000  4.8099E+00  3.643409  1398.3  4.7952E-01
16.6491108  4.9542E+00  3.639545  1410.8  4.8437E-01
16.6355155  5.1001E+00  3.635682  1423.5  4.8917E-01
16.6218157  5.2476E+00  3.631818  1436.1  4.9394E-01
16.6080130  5.3968E+00  3.627955  1448.8  4.9865E-01
16.5941098  5.5475E+00  3.624091  1461.6  5.0331E-01
16.5801075  5.6999E+00  3.620227  1474.5  5.0794E-01
16.5660077  5.8538E+00  3.616364  1487.4  5.1253E-01
16.5518117  6.0093E+00  3.612500  1500.4  5.1710E-01
16.5375210  6.1665E+00  3.608636  1513.3  5.2163E-01
16.5231358  6.3252E+00  3.604773  1526.3  5.2620E-01
16.5086565  6.4854E+00  3.600909  1539.2  5.3075E-01
16.4940845  6.6473E+00  3.597045  1552.1  5.3526E-01
16.4794209  6.8108E+00  3.593182  1564.9  5.3974E-01
16.4646672  6.9758E+00  3.589318  1577.6  5.4420E-01
16.4498245  7.1424E+00  3.585455  1590.3  5.4864E-01
16.4348937  7.3105E+00  3.581591  1602.8  5.5305E-01
16.4198761  7.4802E+00  3.577727  1615.2  5.5744E-01
16.4047728  7.6515E+00  3.573864  1627.5  5.6180E-01
16.3895850  7.8243E+00  3.570000  1639.6  5.6614E-01
16.3743138  7.9987E+00  3.566136  1651.5  5.7045E-01
16.3589598  8.1746E+00  3.562273  1663.3  5.7479E-01
16.3435227  8.3520E+00  3.558409  1674.9  5.7913E-01
16.3280036  8.5311E+00  3.554545  1686.3  5.8345E-01
16.3124033  8.7116E+00  3.550682  1697.6  5.8775E-01
16.2967231  8.8938E+00  3.546818  1708.7  5.9203E-01
16.2809638  9.0774E+00  3.542955  1719.8  5.9628E-01
16.2651265  9.2626E+00  3.539091  1730.8  6.0052E-01
16.2492109  9.4494E+00  3.535227  1741.7  6.0483E-01
16.2332164  9.6377E+00  3.531364  1752.5  6.0914E-01
16.2171436  9.8276E+00  3.527500  1763.3  6.1344E-01
16.2009937  1.0019E+01  3.523636  1774.1  6.1771E-01
16.1847674  1.0212E+01  3.519773  1784.8  6.2197E-01
16.1684658  1.0407E+01  3.515909  1795.6  6.2621E-01
16.1520897  1.0603E+01  3.512045  1806.3  6.3043E-01
16.1356399  1.0801E+01  3.508182  1817.1  6.3464E-01
16.1191173  1.1000E+01  3.504318  1827.9  6.3884E-01
16.1025226  1.1201E+01  3.500455  1838.7  6.4301E-01
16.0858568  1.1403E+01  3.496591  1849.5  6.4718E-01
16.0691207  1.1607E+01  3.492727  1860.5  6.5132E-01
16.0523151  1.1812E+01  3.488864  1871.5  6.5546E-01
16.0354408  1.2019E+01  3.485000  1882.5  6.5957E-01
16.0184987  1.2228E+01  3.481136  1893.6  6.6367E-01
16.0014896  1.2438E+01  3.477273  1904.7  6.6776E-01
15.9844140  1.2650E+01  3.473409  1915.8  6.7184E-01
15.9672728  1.2863E+01  3.469545  1926.8  6.7591E-01
15.9500666  1.3077E+01  3.465682  1937.9  6.7997E-01
15.9327963  1.3294E+01  3.461818  1948.8  6.8400E-01
15.9154626  1.3511E+01  3.457955  1959.8  6.8803E-01
15.8980663  1.3731E+01  3.454091  1970.6  6.9204E-01
15.8806080  1.3951E+01  3.450227  1981.3  6.9604E-01
15.8630887  1.4174E+01  3.446364  1991.9  7.0003E-01
15.8455085  1.4398E+01  3.442500  2002.4  7.0404E-01
15.8278673  1.4623E+01  3.438636  2012.7  7.0806E-01
15.8101658  1.4850E+01  3.434773  2022.9  7.1206E-01
15.7924047  1.5079E+01  3.430909  2032.9  7.1605E-01
15.7745845  1.5309E+01  3.427045  2042.7  7.2003E-01
15.7567061  1.5540E+01  3.423182  2052.3  7.2400E-01
15.7387701  1.5773E+01  3.419318  2061.8  7.2796E-01
15.7207771  1.6008E+01  3.415455  2071.0  7.3190E-01
15.7027279  1.6244E+01  3.411591  2079.9  7.3584E-01
15.6846231  1.6482E+01  3.407727  2088.7  7.3976E-01
15.6664637  1.6721E+01  3.403864  2097.2  7.4366E-01
15.6482503  1.6962E+01  3.400000  2105.4  7.4755E-01
15.6299835  1.7204E+01  3.396136  2113.4  7.5143E-01
15.6116632  1.7448E+01  3.392273  2121.1  7.5544E-01
15.5932854  1.7694E+01  3.388409  2128.6  7.5953E-01
15.5748504  1.7941E+01  3.384545  2136.0  7.6362E-01
15.5563587  1.8189E+01  3.380682  2143.1  7.6771E-01
15.5378111  1.8440E+01  3.376818  2150.0  7.7178E-01
15.5192080  1.8692E+01  3.372955  2156.8  7.7584E-01
15.5005500  1.8945E+01  3.369091  2163.4  7.7990E-01
15.4818378  1.9200E+01  3.365227  2169.8  7.8395E-01
15.4630719  1.9457E+01  3.361364  2176.1  7.8799E-01
15.4442529  1.9715E+01  3.357500  2182.3  7.9203E-01
15.4253810  1.9975E+01  3.353636  2188.4  7.9609E-01
15.4064562  2.0237E+01  3.349773  2194.4  8.0015E-01
15.3874790  2.0500E+01  3.345909  2200.3  8.0421E-01
15.3684499  2.0765E+01  3.342045  2206.0  8.0825E-01
15.3493696  2.1031E+01  3.338182  2211.8  8.1229E-01
15.3302385  2.1299E+01  3.334318  2217.4  8.1633E-01
15.3110572  2.1569E+01  3.330455  2223.0  8.2036E-01
15.2918263  2.1840E+01  3.326591  2228.6  8.2438E-01
15.2725462  2.2113E+01  3.322727  2234.1  8.2839E-01
15.2532175  2.2387E+01  3.318864  2239.6  8.3240E-01
15.2338408  2.2663E+01  3.315000  2245.0  8.3640E-01
15.2144166  2.2941E+01  3.311136  2250.4  8.4040E-01
15.1949454  2.3220E+01  3.307273  2255.9  8.4439E-01
15.1754277  2.3501E+01  3.303409  2261.3  8.4837E-01
15.1558640  2.3784E+01  3.299545  2266.8  8.5235E-01
15.1362548  2.4068E+01  3.295682  2272.2  8.5632E-01
15.1166008  2.4354E+01  3.291818  2277.7  8.6028E-01
15.0969022  2.4642E+01  3.287955  2283.2  8.6425E-01
15.0771593  2.4931E+01  3.284091  2288.7  8.6822E-01
15.0573726  2.5222E+01  3.280227  2294.2  8.7219E-01
15.0375426  2.5514E+01  3.276364  2299.8  8.7615E-01
15.0176698  2.5808E+01  3.272500  2305.4  8.8010E-01
14.9977547  2.6104E+01  3.268636  2310.9  8.8405E-01
14.9777977  2.6401E+01  3.264773  2316.5  8.8799E-01
14.9577995  2.6700E+01  3.260909  2322.1  8.9192E-01
14.9377603  2.7001E+01  3.257045  2327.7  8.9586E-01
14.9176808  2.7303E+01  3.253182  2333.3  8.9978E-01
14.8975614  2.7607E+01  3.249318  2338.9  9.0370E-01
14.8774026  2.7912E+01  3.245455  2344.5  9.0762E-01
14.8572048  2.8219E+01  3.241591  2350.0  9.1153E-01
14.8369686  2.8528E+01  3.237727  2355.6  9.1543E-01
14.8166943  2.8838E+01  3.233864  2361.1  9.1933E-01
14.7963825  2.9151E+01  3.230000  2366.7  9.2323E-01
14.7760336  2.9464E+01  3.226136  2372.2  9.2712E-01
14.7556480  2.9780E+01  3.222273  2377.7  9.3101E-01
14.7352263  3.0097E+01  3.218409  2383.2  9.3489E-01
14.7147688  3.0415E+01  3.214545  2388.7  9.3877E-01
14.6942760  3.0736E+01  3.210682  2394.1  9.4264E-01
14.6737475  3.1058E+01  3.206818  2399.5  9.4661E-01
14.6531818  3.1381E+01  3.202955  2404.9  9.5060E-01
14.6325793  3.1707E+01  3.199091  2410.3  9.5460E-01
14.6119404  3.2034E+01  3.195227  2415.6  9.5859E-01
14.5912656  3.2362E+01  3.191364  2420.9  9.6257E-01
14.5705552  3.2693E+01  3.187500  2426.2  9.6655E-01
14.5498097  3.3025E+01  3.183636  2431.4  9.7053E-01
14.5290295  3.3359E+01  3.179773  2436.6  9.7451E-01
14.5082150  3.3694E+01  3.175909  2441.8  9.7848E-01
14.4873667  3.4032E+01  3.172045  2446.9  9.8245E-01
14.4664850  3.4371E+01  3.168182  2452.0  9.8641E-01
14.4455703  3.4711E+01  3.164318  2457.1  9.9037E-01
14.4246231  3.5054E+01  3.160455  2462.1  9.9433E-01
14.4036436  3.5398E+01  3.156591  2467.0  9.9829E-01
14.3826324  3.5744E+01  3.152727  2471.9  1.0022E+00
14.3615899  3.6091E+01  3.148864  2476.8  1.0062E+00
14.3405164  3.6441E+01  3.145000  2481.6  1.0101E+00
14.3194124  3.6792E+01  3.141136  2486.4  1.0141E+00
14.2982783  3.7144E+01  3.137273  2491.2  1.0180E+00
14.2771145  3.7499E+01  3.133409  2495.9  1.0220E+00
14.2559214  3.7855E+01  3.129545  2500.5  1.0259E+00
14.2346993  3.8213E+01  3.125682  2505.1  1.0298E+00
14.2134487  3.8573E+01  3.121818  2509.7  1.0337E+00
14.1921699  3.8934E+01  3.117955  2514.2  1.0377E+00
14.1708628  3.9297E+01  3.114091  2518.7  1.0416E+00
14.1495278  3.9662E+01  3.110227  2523.1  1.0456E+00
14.1281654  4.0029E+01  3.106364  2527.5  1.0495E+00
14.1067759  4.0397E+01  3.102500  2531.9  1.0535E+00
14.0853597  4.0767E+01  3.098636  2536.2  1.0574E+00
14.0639172  4.1139E+01  3.094773  2540.5  1.0613E+00
14.0424487  4.1512E+01  3.090909  2544.7  1.0653E+00
14.0209548  4.1888E+01  3.087045  2548.9  1.0692E+00
13.9994356  4.2265E+01  3.083182  2553.0  1.0731E+00
13.9778917  4.2644E+01  3.079318  2557.1  1.0770E+00
13.9563234  4.3024E+01  3.075455  2561.1  1.0810E+00
13.9347310  4.3407E+01  3.071591  2565.1  1.0849E+00
13.9131150  4.3791E+01  3.067727  2569.1  1.0888E+00
13.8914757  4.4177E+01  3.063864  2573.0  1.0927E+00
13.8698135  4.4564E+01  3.060000  2576.9  1.0966E+00
13.8481287  4.4954E+01  3.056136  2580.7  1.1005E+00
13.8264218  4.5345E+01  3.052273  2584.5  1.1044E+00
13.8046930  4.5738E+01  3.048409  2588.3  1.1083E+00
13.7829428  4.6133E+01  3.044545  2592.0  1.1122E+00
13.7611715  4.6529E+01  3.040682  2595.6  1.1161E+00
13.7393794  4.6927E+01  3.036818  2599.3  1.1200E+00
13.7175670  4.7327E+01  3.032955  2602.8  1.1239E+00
13.6957346  4.7729E+01  3.029091  2606.4  1.1278E+00
13.6738825  4.8133E+01  3.025227  2609.9  1.1317E+00
13.6520112  4.8538E+01  3.021364  2613.3  1.1356E+00
13.6301209  4.8945E+01  3.017500  2616.7  1.1395E+00
13.6082120  4.9354E+01  3.013636  2620.1  1.1434E+00
13.5862854  4.9765E+01  3.009773  2623.4  1.1472E+00
13.5643414  5.0178E+01  3.005909  2626.7  1.1511E+00
13.5423805  5.0592E+01  3.002045  2629.9  1.1549E+00
13.5204030  5.1008E+01  2.998182  2633.1  1.1588E+00
13.4984092  5.1426E+01  2.994318  2636.3  1.1626E+00
13.4763994  5.1846E+01  2.990455  2639.4  1.1664E+00
13.4543741  5.2267E+01  2.986591  2642.5  1.1703E+00
13.4323335  5.2691E+01  2.982727  2645.5  1.1741E+00
13.4102780  5.3116E+01  2.978864  2648.6  1.1780E+00
13.3882080  5.3543E+01  2.975000  2651.5  1.1818E+00
13.3661241  5.3971E+01  2.971136  2654.5  1.1856E+00
13.3440272  5.4402E+01  2.967273  2657.4  1.1893E+00
13.3219178  5.4834E+01  2.963409  2660.3  1.1931E+00
13.2997961  5.5268E+01  2.959545  2663.1  1.1969E+00
13.2776625  5.5704E+01  2.955682  2666.0  1.2007E+00
13.2555173  5.6141E+01  2.951818  2668.8  1.2044E+00
13.2333609  5.6581E+01  2.947955  2671.6  1.2082E+00
13.2111936  5.7022E+01  2.944091  2674.3  1.2119E+00
13.1890156  5.7465E+01  2.940227  2677.0  1.2157E+00
13.1668274  5.7910E+01  2.936364  2679.8  1.2195E+00
13.1446292  5.8357E+01  2.932500  2682.4  1.2232E+00
13.1224214  5.8805E+01  2.928636  2685.1  1.2270E+00
13.1002042  5.9255E+01  2.924773  2687.8  1.2307E+00
13.0779781  5.9707E+01  2.920909  2690.4  1.2345E+00
13.0557433  6.0161E+01  2.917045  2693.0  1.2382E+00
13.0335001  6.0617E+01  2.913182  2695.6  1.2420E+00
13.0112489  6.1074E+01  2.909318  2698.2  1.2457E+00
12.9889899  6.1534E+01  2.905455  2700.7  1.2494E+00
12.9667235  6.1995E+01  2.901591  2703.3  1.2532E+00
12.9444500  6.2458E+01  2.897727  2705.8  1.2569E+00
12.9221697  6.2922E+01  2.893864  2708.4  1.2607E+00
12.8998829  6.3389E+01  2.890000  2710.9  1.2644E+00
12.8775899  6.3857E+01  2.886136  2713.4  1.2681E+00
12.8552910  6.4328E+01  2.882273  2715.9  1.2719E+00
12.8329865  6.4800E+01  2.878409  2718.4  1.2756E+00
12.8106768  6.5274E+01  2.874545  2720.8  1.2793E+00
12.7883621  6.5749E+01  2.870682  2723.3  1.2830E+00
12.7660426  6.6227E+01  2.866818  2725.8  1.2867E+00
12.7437188  6.6707E+01  2.862955  2728.2  1.2905E+00
12.7213910  6.7188E+01  2.859091  2730.7  1.2942E+00
12.6990593  6.7671E+01  2.855227  2733.1  1.2979E+00
12.6767241  6.8156E+01  2.851364  2735.6  1.3016E+00
12.6543858  6.8643E+01  2.847500  2738.0  1.3053E+00
12.6320445  6.9132E+01  2.843636  2740.5  1.3090E+00
12.6097007  6.9622E+01  2.839773  2742.9  1.3127E+00
12.5873547  7.0115E+01  2.835909  2745.3  1.3164E+00
12.5650067  7.0609E+01  2.832045  2747.8  1.3201E+00
12.5426571  7.1105E+01  2.828182  2750.2  1.3238E+00
12.5203062  7.1603E+01  2.824318  2752.7  1.3275E+00
12.4979541  7.2103E+01  2.820455  2755.1  1.3312E+00
12.4756013  7.2605E+01  2.816591  2757.5  1.3349E+00
12.4532480  7.3109E+01  2.812727  2760.0  1.3386E+00
12.4308945  7.3614E+01  2.808864  2762.4  1.3423E+00
12.4085410  7.4122E+01  2.805000  2764.9  1.3460E+00
12.3861879  7.4631E+01  2.801136  2767.4  1.3497E+00
12.3638353  7.5142E+01  2.797273  2769.8  1.3534E+00
12.3414837  7.5655E+01  2.793409  2772.3  1.3571E+00
12.3191332  7.6170E+01  2.789545  2774.8  1.3607E+00
12.2967841  7.6687E+01  2.785682  2777.3  1.3644E+00
12.2744368  7.7206E+01  2.781818  2779.8  1.3681E+00
12.2520914  7.7727E+01  2.777955  2782.3  1.3718E+00
12.2297483  7.8250E+01  2.774091  2784.8  1.3755E+00
12.2074077  7.8774E+01  2.770227  2787.3  1.3791E+00
12.1850698  7.9301E+01  2.766364  2789.8  1.3828E+00
12.1627350  7.9829E+01  2.762500  2792.4  1.3865E+00
12.1404036  8.0359E+01  2.758636  2795.0  1.3902E+00
12.1180757  8.0891E+01  2.754773  2797.5  1.3938E+00
12.0957516  8.1426E+01  2.750909  2800.1  1.3975E+00
12.0734317  8.1962E+01  2.747045  2802.7  1.4012E+00
12.0511161  8.2500E+01  2.743182  2805.3  1.4048E+00
12.0288051  8.3040E+01  2.739318  2808.0  1.4085E+00
12.0064990  8.3581E+01  2.735455  2810.6  1.4122E+00
11.9841981  8.4125E+01  2.731591  2813.3  1.4158E+00
11.9619025  8.4671E+01  2.727727  2816.0  1.4195E+00
11.9396126  8.5219E+01  2.723864  2818.7  1.4231E+00
11.9173286  8.5768E+01  2.720000  2821.4  1.4268E+00
11.8950507  8.6320E+01  2.716136  2824.1  1.4305E+00
11.8727793  8.6874E+01  2.712273  2826.9  1.4341E+00
11.8505145  8.7429E+01  2.708409  2829.7  1.4378E+00
11.8282566  8.7987E+01  2.704545  2832.5  1.4414E+00
11.8060058  8.8546E+01  2.700682  2835.3  1.4451E+00
11.7837625  8.9108E+01  2.696818  2838.1  1.4487E+00
11.7615268  8.9671E+01  2.692955  2841.0  1.4524E+00
11.7392990  9.0237E+01  2.689091  2843.9  1.4560E+00
11.7170793  9.0804E+01  2.685227  2846.8  1.4597E+00
11.6948681  9.1373E+01  2.681364  2849.7  1.4633E+00
11.6726654  9.1945E+01  2.677500  2852.7  1.4670E+00
11.6504716  9.2518E+01  2.673636  2855.7  1.4706E+00
11.6282869  9.3094E+01  2.669773  2858.7  1.4743E+00
11.6061115  9.3671E+01  2.665909  2861.7  1.4779E+00
11.5839457  9.4251E+01  2.662045  2864.7  1.4816E+00
11.5617917  9.4832E+01  2.658182  2867.8  1.4850E+00
11.5396513  9.5415E+01  2.654318  2870.9  1.4884E+00
11.5175246  9.6000E+01  2.650455  2874.1  1.4918E+00
11.4954119  9.6588E+01  2.646591  2877.2  1.4952E+00
11.4733134  9.7177E+01  2.642727  2880.4  1.4986E+00
11.4512294  9.7768E+01  2.638864  2883.6  1.5020E+00
11.4291600  9.8361E+01  2.635000  2886.9  1.5054E+00
11.4071055  9.8956E+01  2.631136  2890.2  1.5088E+00
11.3850662  9.9552E+01  2.627273  2893.5  1.5122E+00
11.3630422  1.0015E+02  2.623409  2896.8  1.5156E+00
11.3410337  1.0075E+02  2.619545  2900.1  1.5190E+00
11.3190410  1.0135E+02  2.615682  2903.5  1.5224E+00
11.2970643  1.0196E+02  2.611818  2907.0  1.5258E+00
11.2751039  1.0257E+02  2.607955  2910.4  1.5291E+00
11.2531598  1.0317E+02  2.604091  2913.9  1.5325E+00
11.2312324  1.0379E+02  2.600227  2917.4  1.5359E+00
11.2093218  1.0440E+02  2.596364  2921.0  1.5393E+00
11.1874283  1.0501E+02  2.592500  2924.5  1.5427E+00
11.1655520  1.0563E+02  2.588636  2928.1  1.5461E+00
11.1436933  1.0625E+02  2.584773  2931.8  1.5494E+00
11.1218522  1.0687E+02  2.580909  2935.5  1.5528E+00
11.1000290  1.0749E+02  2.577045  2939.1  1.5562E+00
11.0782239  1.0812E+02  2.573182  2942.9  1.5596E+00
11.0564371  1.0874E+02  2.569318  2946.6  1.5629E+00
11.0346689  1.0937E+02  2.565455  2950.4  1.5663E+00
11.0129193  1.1000E+02  2.561591  2954.2  1.5697E+00
10.9911887  1.1063E+02  2.557727  2958.0  1.5730E+00
10.9694771  1.1127E+02  2.553864  2961.9  1.5764E+00
10.9477849  1.1191E+02  2.550000  2965.7  1.5798E+00
10.9261122  1.1254E+02  2.546136  2969.6  1.5831E+00
10.9044592  1.1319E+02  2.542273  2973.5  1.5865E+00
10.8828260  1.1383E+02  2.538409  2977.5  1.5899E+00
10.8612130  1.1447E+02  2.534545  2981.4  1.5932E+00
10.8396203  1.1512E+02  2.530682  2985.4  1.5966E+00
10.8180481  1.1577E+02  2.526818  2989.3  1.6000E+00
10.7964965  1.1642E+02  2.522955  2993.3  1.6033E+00
10.7749658  1.1707E+02  2.519091  2997.3  1.6067E+00
10.7534562  1.1773E+02  2.515227  3001.4  1.6100E+00
10.7319678  1.1839E+02  2.511364  3005.4  1.6134E+00
10.7105008  1.1905E+02  2.507500  3009.4  1.6167E+00
10.6890555  1.1971E+02  2.503636  3013.5  1.6201E+00
10.6676319  1.2037E+02  2.499773  3017.6  1.6234E+00
10.6462310  1.2104E+02  2.495909  3021.6  1.6267E+00
10.6248537  1.2170E+02  2.492045  3025.7  1.6299E+00
10.6035003  1.2237E+02  2.488182  3029.8  1.6332E+00
10.5821710  1.2305E+02  2.484318  3033.9  1.6364E+00
10.5608658  1.2372E+02  2.480455  3038.0  1.6396E+00
10.5395851  1.2440E+02  2.476591  3042.1  1.6428E+00
10.5183289  1.2507E+02  2.472727  3046.2  1.6461E+00
10.4970975  1.2575E+02  2.468864  3050.4  1.6493E+00
10.4758909  1.2644E+02  2.465000  3054.5  1.6525E+00
10.4547095  1.2712E+02  2.461136  3058.6  1.6557E+00
10.4335533  1.2781E+02  2.457273  3062.8  1.6590E+00
10.4124225  1.2850E+02  2.453409  3066.9  1.6622E+00
10.3913173  1.2919E+02  2.449545  3071.0  1.6654E+00
10.3702379  1.2988E+02  2.445682  3075.1  1.6686E+00
10.3491843  1.3058E+02  2.441818  3079.3  1.6719E+00
10.3281569  1.3127E+02  2.437955  3083.4  1.6751E+00
10.3071557  1.3197E+02  2.434091  3087.5  1.6783E+00
10.2861810  1.3267E+02  2.430227  3091.7  1.6815E+00
10.2652328  1.3338E+02  2.426364  3095.8  1.6847E+00
10.2443113  1.3408E+02  2.422500  3099.9  1.6879E+00
10.2234168  1.3479E+02  2.418636  3104.0  1.6911E+00
10.2025493  1.3550E+02  2.414773  3108.1  1.6944E+00
10.1817090  1.3621E+02  2.410909  3112.2  1.6976E+00
10.1608961  1.3693E+02  2.407045  3116.3  1.7008E+00
10.1401107  1.3764E+02  2.403182  3120.4  1.7040E+00
10.1193530  1.3836E+02  2.399318  3124.5  1.7072E+00
10.0986231  1.3908E+02  2.395455  3128.5  1.7104E+00
10.0779212  1.3981E+02  2.391591  3132.6  1.7136E+00
10.0572474  1.4053E+02  2.387727  3136.6  1.7168E+00
10.0366020  1.4126E+02  2.383864  3140.7  1.7200E+00
10.0159850  1.4199E+02  2.380000  3144.7  1.7232E+00
 9.9953965  1.4272E+02  2.376136  3148.7  1.7264E+00
 9.9748369  1.4346E+02  2.372273  3152.7  1.7296E+00
 9.9543065  1.4419E+02  2.368409  3156.7  1.7328E+00
 9.9338056  1.4493E+02  2.364545  3160.7  1.7359E+00
 9.9133341  1.4568E+02  2.360682  3164.7  1.7391E+00
 9.8928924  1.4642E+02  2.356818  3168.6  1.7423E+00
 9.8724805  1.4716E+02  2.352955  3172.5  1.7454E+00
 9.8520986  1.4791E+02  2.349091  3176.5  1.7486E+00
 9.8317468  1.4866E+02  2.345227  3180.4  1.7518E+00
 9.8283578  1.4879E+02  2.344583  3181.0  1.7523E+00
 9.8249696  1.4891E+02  2.343939  3181.7  1.7528E+00
 9.8215823  1.4904E+02  2.343295  3182.3  1.7534E+00
 9.8181958  1.4916E+02  2.342652  3183.0  1.7539E+00
 9.8148101  1.4929E+02  2.342008  3183.6  1.7544E+00
 9.8114253  1.4942E+02  2.341364  3184.2  1.7549E+00
 9.8080413  1.4954E+02  2.340720  3184.9  1.7555E+00
 9.8046582  1.4967E+02  2.340076  3185.5  1.7560E+00
 9.8012759  1.4979E+02  2.339432  3186.2  1.7565E+00
 9.7978945  1.4992E+02  2.338788  3186.8  1.7570E+00
 9.7970493  1.4995E+02  2.338627  3187.0  1.7572E+00
 9.7962041  1.4998E+02  2.338466  3187.1  1.7573E+00
 9.7961102  1.4999E+02  2.338448  3187.2  1.7573E+00
 9.7960163  1.4999E+02  2.338430  3187.2  1.7573E+00
 9.7959224  1.4999E+02  2.338412  3187.2  1.7574E+00
 9.7958285  1.5000E+02  2.338394  3187.2  1.7574E+00
 9.7957346  1.5000E+02  2.338376  3187.2  1.7574E+00
 9.7955781  1.5000E+02  2.338359  3187.3  3.1640E+00
 9.7949018  1.5003E+02  2.338287  3187.4  3.1642E+00
 9.7942256  1.5006E+02  2.338215  3187.6  3.1644E+00
 9.7935494  1.5008E+02  2.338144  3187.7  3.1645E+00
 9.7928731  1.5011E+02  2.338072  3187.9  3.1647E+00
 9.7921969  1.5013E+02  2.338001  3188.0  3.1648E+00
 9.7915207  1.5016E+02  2.337929  3188.2  3.1650E+00
 9.7908445  1.5018E+02  2.337858  3188.3  3.1652E+00
 9.7901683  1.5021E+02  2.337786  3188.5  3.1653E+00
 9.7894922  1.5023E+02  2.337715  3188.6  3.1655E+00
 9.7888160  1.5026E+02  2.337643  3188.8  3.1657E+00
 9.7523128  1.5162E+02  2.333779  3196.7  3.1744E+00
 9.7158307  1.5299E+02  2.329916  3204.7  3.1830E+00
 9.6793705  1.5435E+02  2.326052  3212.6  3.1916E+00
 9.6429329  1.5573E+02  2.322189  3220.5  3.2002E+00
 9.6065189  1.5710E+02  2.318325  3228.4  3.2088E+00
 9.5701293  1.5848E+02  2.314461  3236.2  3.2173E+00
 9.5337649  1.5986E+02  2.310598  3244.0  3.2258E+00
 9.4974265  1.6124E+02  2.306734  3251.8  3.2343E+00
 9.4611148  1.6263E+02  2.302870  3259.5  3.2427E+00
 9.4248308  1.6402E+02  2.299007  3267.2  3.2511E+00
 9.3885751  1.6541E+02  2.295143  3274.9  3.2595E+00
 9.3523486  1.6681E+02  2.291279  3282.5  3.2678E+00
 9.3161520  1.6821E+02  2.287416  3290.1  3.2761E+00
 9.2799861  1.6961E+02  2.283552  3297.7  3.2844E+00
 9.2438516  1.7101E+02  2.279689  3305.3  3.2927E+00
 9.2077492  1.7242E+02  2.275825  3312.8  3.3009E+00
 9.1716798  1.7383E+02  2.271961  3320.3  3.3091E+00
 9.1356440  1.7524E+02  2.268098  3327.7  3.3172E+00
 9.0996426  1.7666E+02  2.264234  3335.2  3.3253E+00
 9.0636763  1.7808E+02  2.260370  3342.6  3.3334E+00
 9.0277458  1.7950E+02  2.256507  3349.9  3.3415E+00
 8.9918517  1.8092E+02  2.252643  3357.3  3.3495E+00
 8.9559949  1.8235E+02  2.248779  3364.6  3.3575E+00
 8.9201759  1.8378E+02  2.244916  3371.9  3.3655E+00
 8.8843955  1.8521E+02  2.241052  3379.1  3.3734E+00
 8.8486543  1.8664E+02  2.237189  3386.4  3.3814E+00
 8.8129529  1.8808E+02  2.233325  3393.6  3.3892E+00
 8.7772922  1.8952E+02  2.229461  3400.8  3.3971E+00
 8.7416726  1.9096E+02  2.225598  3407.9  3.4049E+00
 8.7060949  1.9240E+02  2.221734  3415.0  3.4127E+00
 8.6705597  1.9385E+02  2.217870  3422.1  3.4205E+00
 8.6350676  1.9530E+02  2.214007  3429.2  3.4283E+00
 8.5996193  1.9675E+02  2.210143  3436.3  3.4360E+00
 8.5642154  1.9820E+02  2.206279  3443.3  3.4437E+00
 8.5288564  1.9966E+02  2.202416  3450.3  3.4514E+00
 8.4935431  2.0111E+02  2.198552  3457.2  3.4590E+00
 8.4582759  2.0257E+02  2.194689  3464.2  3.4666E+00
 8.4230556  2.0404E+02  2.190825  3471.1  3.4742E+00
 8.3878826  2.0550E+02  2.186961  3478.0  3.4818E+00
 8.3527576  2.0697E+02  2.183098  3484.9  3.4893E+00
 8.3176812  2.0844E+02  2.179234  3491.7  3.4968E+00
 8.2826539  2.0991E+02  2.175370  3498.5  3.5043E+00
 8.2476763  2.1138E+02  2.171507  3505.3  3.5118E+00
 8.2127490  2.1286E+02  2.167643  3512.1  3.5192E+00
 8.1778724  2.1434E+02  2.163779  3518.8  3.5266E+00
 8.1430473  2.1582E+02  2.159916  3525.5  3.5340E+00
 8.1082740  2.1730E+02  2.156052  3532.2  3.5413E+00
 8.0735532  2.1878E+02  2.152189  3538.9  3.5487E+00
 8.0388854  2.2027E+02  2.148325  3545.5  3.5560E+00
 8.0042711  2.2176E+02  2.144461  3552.2  3.5633E+00
 7.9697108  2.2325E+02  2.140598  3558.8  3.5705E+00
 7.9352051  2.2474E+02  2.136734  3565.3  3.5778E+00
 7.9007544  2.2623E+02  2.132870  3571.9  3.5850E+00
 7.8663593  2.2773E+02  2.129007  3578.4  3.5922E+00
 7.8320203  2.2922E+02  2.125143  3584.9  3.5993E+00
 7.7977378  2.3072E+02  2.121279  3591.4  3.6065E+00
 7.7635125  2.3223E+02  2.117416  3597.9  3.6136E+00
 7.7293446  2.3373E+02  2.113552  3604.3  3.6207E+00
 7.6952348  2.3523E+02  2.109689  3610.8  3.6278E+00
 7.6611835  2.3674E+02  2.105825  3617.2  3.6348E+00
 7.6271912  2.3825E+02  2.101961  3623.6  3.6418E+00
 7.5932583  2.3976E+02  2.098098  3629.9  3.6488E+00
 7.5593853  2.4127E+02  2.094234  3636.3  3.6558E+00
 7.5255727  2.4278E+02  2.090370  3642.6  3.6628E+00
 7.4918209  2.4430E+02  2.086507  3648.9  3.6697E+00
 7.4581303  2.4582E+02  2.082643  3655.2  3.6766E+00
 7.4245015  2.4734E+02  2.078779  3661.4  3.6835E+00
 7.3909348  2.4886E+02  2.074916  3667.7  3.6904E+00
 7.3574307  2.5038E+02  2.071052  3673.9  3.6972E+00
 7.3239896  2.5190E+02  2.067189  3680.0  3.7041E+00
 7.2906119  2.5343E+02  2.063325  3686.2  3.7109E+00
 7.2572981  2.5495E+02  2.059461  3692.3  3.7176E+00
 7.2240485  2.5648E+02  2.055598  3698.4  3.7244E+00
 7.1908636  2.5801E+02  2.051734  3704.5  3.7311E+00
 7.1577438  2.5954E+02  2.047870  3710.6  3.7379E+00
 7.1246895  2.6107E+02  2.044007  3716.6  3.7445E+00
 7.0917011  2.6261E+02  2.040143  3722.6  3.7512E+00
 7.0587789  2.6414E+02  2.036279  3728.6  3.7579E+00
 7.0259235  2.6568E+02  2.032416  3734.5  3.7645E+00
 6.9931350  2.6722E+02  2.028552  3740.5  3.7711E+00
 6.9604140  2.6876E+02  2.024689  3746.4  3.7777E+00
 6.9277608  2.7030E+02  2.020825  3752.4  3.7843E+00
 6.8951758  2.7184E+02  2.016961  3758.3  3.7908E+00
 6.8626593  2.7339E+02  2.013098  3764.2  3.7974E+00
 6.8302118  2.7493E+02  2.009234  3770.1  3.8039E+00
 6.7978335  2.7648E+02  2.005370  3776.0  3.8104E+00
 6.7655248  2.7802E+02  2.001507  3781.9  3.8168E+00
 6.7332861  2.7957E+02  1.997643  3787.7  3.8233E+00
 6.7011178  2.8112E+02  1.993779  3793.6  3.8297E+00
 6.6690201  2.8267E+02  1.989916  3799.5  3.8361E+00
 6.6369934  2.8422E+02  1.986052  3805.4  3.8425E+00
 6.6050381  2.8578E+02  1.982189  3811.3  3.8489E+00
 6.5731544  2.8733E+02  1.978325  3817.1  3.8552E+00
 6.5413428  2.8889E+02  1.974461  3823.0  3.8616E+00
 6.5096035  2.9044E+02  1.970598  3828.8  3.8679E+00
 6.4779368  2.9200E+02  1.966734  3834.6  3.8742E+00
 6.4463431  2.9356E+02  1.962870  3840.4  3.8804E+00
 6.4148227  2.9512E+02  1.959007  3846.1  3.8867E+00
 6.3833759  2.9668E+02  1.955143  3851.8  3.8929E+00
 6.3520030  2.9824E+02  1.951279  3857.4  3.8992E+00
 6.3207043  2.9980E+02  1.947416  3863.0  3.9054E+00
 6.2894801  3.0137E+02  1.943552  3868.5  3.9115E+00
 6.2583306  3.0293E+02  1.939689  3874.0  3.9177E+00
 6.2272563  3.0450E+02  1.935825  3879.4  3.9238E+00
 6.1962573  3.0606E+02  1.931961  3884.7  3.9300E+00
 6.1653340  3.0763E+02  1.928098  3889.9  3.9361E+00
 6.1344866  3.0920E+02  1.924234  3895.1  3.9422E+00
 6.1037155  3.1077E+02  1.920370  3900.2  3.9482E+00
 6.0730208  3.1234E+02  1.916507  3905.2  3.9543E+00
 6.0424029  3.1391E+02  1.912643  3910.1  3.9603E+00
 6.0118620  3.1548E+02  1.908779  3915.0  3.9663E+00
 5.9813984  3.1705E+02  1.904916  3919.8  3.9723E+00
 5.9510123  3.1862E+02  1.901052  3924.6  3.9783E+00
 5.9207040  3.2020E+02  1.897189  3929.3  3.9843E+00
 5.8904738  3.2177E+02  1.893325  3934.0  3.9902E+00
 5.8603219  3.2335E+02  1.889461  3938.6  3.9961E+00
 5.8302483  3.2492E+02  1.885598  3943.2  4.0023E+00
 5.8002495  3.2650E+02  1.881734  3947.8  4.0088E+00
 5.7703249  3.2808E+02  1.877870  3952.4  4.0154E+00
 5.7404746  3.2966E+02  1.874007  3956.9  4.0219E+00
 5.7106990  3.3124E+02  1.870143  3961.5  4.0284E+00
 5.6809983  3.3282E+02  1.866279  3966.0  4.0349E+00
 5.6513729  3.3440E+02  1.862416  3970.6  4.0414E+00
 5.6218229  3.3598E+02  1.858552  3975.1  4.0478E+00
 5.5923486  3.3756E+02  1.854689  3979.7  4.0542E+00
 5.5629503  3.3914E+02  1.850825  3984.2  4.0607E+00
 5.5336282  3.4073E+02  1.846961  3988.8  4.0671E+00
 5.5043826  3.4231E+02  1.843098  3993.4  4.0734E+00
 5.4752137  3.4390E+02  1.839234  3998.0  4.0798E+00
 5.4461218  3.4549E+02  1.835370  4002.6  4.0862E+00
 5.4171072  3.4707E+02  1.831507  4007.3  4.0925E+00
 5.3881705  3.4866E+02  1.827643  4011.9  4.0987E+00
 5.3593118  3.5025E+02  1.823779  4016.5  4.1050E+00
 5.3305314  3.5184E+02  1.819916  4021.2  4.1112E+00
 5.3018296  3.5343E+02  1.816052  4025.9  4.1174E+00
 5.2732065  3.5502E+02  1.812189  4030.6  4.1236E+00
 5.2446624  3.5661E+02  1.808325  4035.2  4.1298E+00
 5.2161974  3.5820E+02  1.804461  4039.9  4.1360E+00
 5.1878119  3.5979E+02  1.800598  4044.6  4.1421E+00
 5.1595060  3.6138E+02  1.796734  4049.3  4.1483E+00
 5.1312799  3.6298E+02  1.792870  4054.1  4.1544E+00
 5.1031339  3.6457E+02  1.789007  4058.8  4.1605E+00
 5.0750680  3.6616E+02  1.785143  4063.5  4.1666E+00
 5.0470827  3.6776E+02  1.781279  4068.2  4.1726E+00
 5.0191779  3.6935E+02  1.777416  4073.0  4.1787E+00
 4.9913540  3.7095E+02  1.773552  4077.7  4.1847E+00
 4.9636110  3.7254E+02  1.769689  4082.4  4.1907E+00
 4.9359493  3.7414E+02  1.765825  4087.2  4.1967E+00
 4.9083690  3.7573E+02  1.761961  4091.9  4.2027E+00
 4.8808703  3.7733E+02  1.758098  4096.7  4.2087E+00
 4.8534533  3.7893E+02  1.754234  4101.4  4.2147E+00
 4.8261182  3.8052E+02  1.750370  4106.2  4.2206E+00
 4.7988653  3.8212E+02  1.746507  4110.9  4.2265E+00
 4.7716946  3.8372E+02  1.742643  4115.6  4.2325E+00
 4.7446064  3.8531E+02  1.738779  4120.3  4.2384E+00
 4.7176008  3.8691E+02  1.734916  4125.1  4.2442E+00
 4.6906780  3.8851E+02  1.731052  4129.8  4.2501E+00
 4.6638381  3.9011E+02  1.727189  4134.5  4.2560E+00
 4.6370813  3.9171E+02  1.723325  4139.2  4.2618E+00
 4.6104078  3.9331E+02  1.719461  4143.8  4.2676E+00
 4.5838177  3.9490E+02  1.715598  4148.5  4.2734E+00
 4.5573111  3.9650E+02  1.711734  4153.2  4.2792E+00
 4.5308883  3.9810E+02  1.707870  4157.8  4.2850E+00
 4.5045493  3.9970E+02  1.704007  4162.5  4.2907E+00
 4.4782943  4.0130E+02  1.700143  4167.1  4.2965E+00
 4.4521234  4.0290E+02  1.696279  4171.7  4.3022E+00
 4.4260368  4.0450E+02  1.692416  4176.3  4.3079E+00
 4.4000346  4.0610E+02  1.688552  4180.8  4.3136E+00
 4.3741170  4.0770E+02  1.684689  4185.4  4.3193E+00
 4.3482841  4.0930E+02  1.680825  4189.9  4.3250E+00
 4.3225359  4.1089E+02  1.676961  4194.4  4.3306E+00
 4.2968727  4.1249E+02  1.673098  4198.9  4.3363E+00
 4.2712945  4.1409E+02  1.669234  4203.4  4.3419E+00
 4.2458015  4.1569E+02  1.665370  4207.9  4.3475E+00
 4.2203937  4.1729E+02  1.661507  4212.4  4.3531E+00
 4.1950714  4.1889E+02  1.657643  4216.8  4.3587E+00
 4.1698346  4.2049E+02  1.653779  4221.2  4.3643E+00
 4.1446834  4.2209E+02  1.649916  4225.6  4.3698E+00
 4.1196179  4.2368E+02  1.646052  4230.0  4.3753E+00
 4.0946383  4.2528E+02  1.642189  4234.4  4.3809E+00
 4.0697446  4.2688E+02  1.638325  4238.8  4.3864E+00
 4.0449370  4.2848E+02  1.634461  4243.2  4.3919E+00
 4.0202155  4.3007E+02  1.630598  4247.5  4.3974E+00
 3.9955802  4.3167E+02  1.626734  4251.8  4.4028E+00
 3.9710312  4.3327E+02  1.622870  4256.2  4.4083E+00
 3.9465687  4.3487E+02  1.619007  4260.5  4.4137E+00
 3.9221927  4.3646E+02  1.615143  4264.8  4.4191E+00
 3.8979032  4.3806E+02  1.611279  4269.1  4.4245E+00
 3.8737005  4.3965E+02  1.607416  4273.3  4.4299E+00
 3.8495845  4.4125E+02  1.603552  4277.6  4.4353E+00
 3.8255553  4.4284E+02  1.599689  4281.8  4.4407E+00
 3.8016131  4.4444E+02  1.595825  4286.1  4.4460E+00
 3.7777578  4.4603E+02  1.591961  4290.3  4.4514E+00
 3.7539896  4.4763E+02  1.588098  4294.5  4.4567E+00
 3.7303086  4.4922E+02  1.584234  4298.7  4.4620E+00
 3.7067147  4.5081E+02  1.580370  4302.9  4.4673E+00
 3.6832081  4.5241E+02  1.576507  4307.1  4.4726E+00
 3.6597888  4.5400E+02  1.572643  4311.3  4.4779E+00
 3.6364569  4.5559E+02  1.568779  4315.4  4.4831E+00
 3.6132125  4.5718E+02  1.564916  4319.6  4.4884E+00
 3.5900556  4.5877E+02  1.561052  4323.7  4.4936E+00
 3.5669862  4.6036E+02  1.557189  4327.8  4.4988E+00
 3.5440044  4.6195E+02  1.553325  4332.0  4.5040E+00
 3.5211103  4.6354E+02  1.549461  4336.1  4.5092E+00
 3.4983039  4.6513E+02  1.545598  4340.1  4.5144E+00
 3.4755853  4.6672E+02  1.541734  4344.2  4.5195E+00
 3.4529544  4.6831E+02  1.537870  4348.3  4.5247E+00
 3.4304114  4.6989E+02  1.534007  4352.4  4.5298E+00
 3.4079563  4.7148E+02  1.530143  4356.4  4.5349E+00
 3.3855891  4.7307E+02  1.526279  4360.4  4.5400E+00
 3.3633098  4.7465E+02  1.522416  4364.5  4.5451E+00
 3.3411185  4.7623E+02  1.518552  4368.5  4.5502E+00
 3.3190152  4.7782E+02  1.514689  4372.5  4.5553E+00
 3.2970000  4.7940E+02  1.510825  4376.5  4.5603E+00
 3.2750728  4.8098E+02  1.506961  4380.5  4.5653E+00
 3.2532338  4.8257E+02  1.503098  4384.4  4.5704E+00
 3.2314828  4.8415E+02  1.499234  4388.4  4.5754E+00
 3.2098200  4.8573E+02  1.495370  4392.3  4.5804E+00
 3.1882453  4.8731E+02  1.491507  4396.3  4.5854E+00
 3.1667588  4.8888E+02  1.487643  4400.2  4.5903E+00
 3.1453604  4.9046E+02  1.483779  4404.1  4.5953E+00
 3.1240503  4.9204E+02  1.479916  4408.0  4.6002E+00
 3.1028284  4.9362E+02  1.476052  4411.9  4.6052E+00
 3.0816946  4.9519E+02  1.472189  4415.8  4.6101E+00
 3.0606491  4.9677E+02  1.468325  4419.6  4.6150E+00
 3.0396918  4.9834E+02  1.464461  4423.5  4.6199E+00
 3.0188228  4.9991E+02  1.460598  4427.3  4.6248E+00
 2.9980419  5.0148E+02  1.456734  4431.2  4.6296E+00
 2.9773493  5.0306E+02  1.452870  4435.0  4.6345E+00
 2.9567449  5.0463E+02  1.449007  4438.8  4.6393E+00
 2.9362287  5.0620E+02  1.445143  4442.6  4.6442E+00
 2.9158007  5.0776E+02  1.441279  4446.4  4.6490E+00
 2.8954609  5.0933E+02  1.437416  4450.2  4.6538E+00
 2.8752093  5.1090E+02  1.433552  4454.0  4.6586E+00
 2.8550458  5.1246E+02  1.429689  4457.7  4.6634E+00
 2.8349705  5.1403E+02  1.425825  4461.5  4.6681E+00
 2.8149833  5.1559E+02  1.421961  4465.2  4.6729E+00
 2.7950842  5.1716E+02  1.418098  4468.9  4.6776E+00
 2.7752733  5.1872E+02  1.414234  4472.6  4.6824E+00
 2.7555503  5.2028E+02  1.410370  4476.3  4.6871E+00
 2.7359155  5.2184E+02  1.406507  4480.0  4.6918E+00
 2.7163686  5.2340E+02  1.402643  4483.7  4.6965E+00
 2.6969097  5.2495E+02  1.398779  4487.4  4.7012E+00
 2.6775388  5.2651E+02  1.394916  4491.0  4.7058E+00
 2.6582558  5.2807E+02  1.391052  4494.7  4.7105E+00
 2.6390607  5.2962E+02  1.387189  4498.3  4.7151E+00
 2.6199535  5.3117E+02  1.383325  4502.0  4.7197E+00
 2.6009340  5.3273E+02  1.379461  4505.6  4.7244E+00
 2.5820023  5.3428E+02  1.375598  4509.2  4.7290E+00
 2.5631584  5.3583E+02  1.371734  4512.8  4.7336E+00
 2.5444021  5.3738E+02  1.367870  4516.4  4.7381E+00
 2.5257335  5.3893E+02  1.364007  4519.9  4.7427E+00
 2.5071525  5.4047E+02  1.360143  4523.5  4.7473E+00
 2.4886590  5.4202E+02  1.356279  4527.1  4.7518E+00
 2.4702530  5.4356E+02  1.352416  4530.6  4.7563E+00
 2.4519345  5.4511E+02  1.348552  4534.1  4.7609E+00
 2.4337033  5.4665E+02  1.344689  4537.7  4.7654E+00
 2.4155594  5.4819E+02  1.340825  4541.2  4.7699E+00
 2.3975029  5.4973E+02  1.336961  4544.7  4.7744E+00
 2.3795335  5.5127E+02  1.333098  4548.2  4.7788E+00
 2.3616513  5.5280E+02  1.329234  4551.7  4.7833E+00
 2.3438562  5.5434E+02  1.325370  4555.2  4.7877E+00
 2.3261481  5.5587E+02  1.321507  4558.6  4.7922E+00
 2.3085269  5.5741E+02  1.317643  4562.1  4.7966E+00
 2.2909927  5.5894E+02  1.313779  4565.5  4.8010E+00
 2.2735452  5.6047E+02  1.309916  4569.0  4.8054E+00
 2.2561845  5.6200E+02  1.306052  4572.4  4.8098E+00
 2.2389105  5.6353E+02  1.302189  4575.8  4.8142E+00
 2.2217231  5.6506E+02  1.298325  4579.2  4.8186E+00
 2.2046221  5.6658E+02  1.294461  4582.7  4.8229E+00
 2.1876077  5.6811E+02  1.290598  4586.1  4.8273E+00
 2.1706795  5.6963E+02  1.286734  4589.4  4.8316E+00
 2.1538377  5.7115E+02  1.282870  4592.8  4.8359E+00
 2.1370820  5.7267E+02  1.279007  4596.2  4.8402E+00
 2.1204125  5.7419E+02  1.275143  4599.6  4.8445E+00
 2.1038290  5.7571E+02  1.271279  4602.9  4.8488E+00
 2.0873314  5.7722E+02  1.267416  4606.3  4.8531E+00
 2.0709196  5.7874E+02  1.263552  4609.6  4.8574E+00
 2.0545936  5.8025E+02  1.259689  4613.0  4.8616E+00
 2.0383533  5.8176E+02  1.255825  4616.3  4.8659E+00
 2.0221985  5.8328E+02  1.251961  4619.6  4.8701E+00
 2.0061292  5.8479E+02  1.248098  4622.9  4.8743E+00
 1.9901453  5.8629E+02  1.244234  4626.2  4.8785E+00
 1.9742466  5.8780E+02  1.240370  4629.5  4.8827E+00
 1.9584331  5.8931E+02  1.236507  4632.8  4.8869E+00
 1.9427046  5.9081E+02  1.232643  4636.1  4.8911E+00
 1.9270611  5.9231E+02  1.228779  4639.3  4.8952E+00
 1.9115025  5.9381E+02  1.224916  4642.6  4.8994E+00
 1.8960286  5.9531E+02  1.221052  4645.8  4.9035E+00
 1.8806394  5.9681E+02  1.217189  4649.1  4.9077E+00
 1.8653347  5.9831E+02  1.213325  4652.3  4.9118E+00
 1.8501143  5.9980E+02  1.209461  4655.5  4.9159E+00
 1.8349783  6.0130E+02  1.205598  4658.7  4.9200E+00
 1.8199265  6.0279E+02  1.201734  4661.9  4.9241E+00
 1.8049587  6.0428E+02  1.197870  4665.1  4.9282E+00
 1.7900749  6.0577E+02  1.194007  4668.3  4.9322E+00
 1.7752750  6.0726E+02  1.190143  4671.4  4.9363E+00
 1.7605587  6.0874E+02  1.186279  4674.6  4.9403E+00
 1.7459260  6.1023E+02  1.182416  4677.7  4.9444E+00
 1.7313768  6.1171E+02  1.178552  4680.8  4.9484E+00
 1.7169109  6.1319E+02  1.174689  4683.9  4.9524E+00
 1.7025282  6.1467E+02  1.170825  4687.0  4.9564E+00
 1.6882286  6.1615E+02  1.166961  4690.1  4.9604E+00
 1.6740120  6.1763E+02  1.163098  4693.2  4.9644E+00
 1.6598781  6.1911E+02  1.159234  4696.2  4.9684E+00
 1.6458270  6.2058E+02  1.155370  4699.3  4.9723E+00
 1.6318584  6.2205E+02  1.151507  4702.3  4.9763E+00
 1.6179722  6.2353E+02  1.147643  4705.3  4.9802E+00
 1.6041683  6.2500E+02  1.143779  4708.3  4.9841E+00
 1.5904465  6.2646E+02  1.139916  4711.3  4.9881E+00
 1.5768068  6.2793E+02  1.136052  4714.3  4.9920E+00
 1.5632489  6.2940E+02  1.132189  4717.3  4.9959E+00
 1.5497727  6.3086E+02  1.128325  4720.2  4.9998E+00
 1.5363777  6.3232E+02  1.124461  4723.1  5.0039E+00
 1.5230633  6.3378E+02  1.120598  4726.1  5.0081E+00
 1.5098293  6.3524E+02  1.116734  4729.0  5.0123E+00
 1.4966757  6.3670E+02  1.112870  4731.8  5.0165E+00
 1.4836023  6.3816E+02  1.109007  4734.7  5.0206E+00
 1.4706089  6.3961E+02  1.105143  4737.6  5.0247E+00
 1.4576955  6.4107E+02  1.101279  4740.4  5.0289E+00
 1.4448618  6.4252E+02  1.097416  4743.2  5.0330E+00
 1.4321077  6.4397E+02  1.093552  4746.0  5.0371E+00
 1.4194331  6.4542E+02  1.089689  4748.8  5.0412E+00
 1.4068379  6.4687E+02  1.085825  4751.6  5.0453E+00
 1.3943218  6.4831E+02  1.081961  4754.4  5.0494E+00
 1.3818848  6.4976E+02  1.078098  4757.2  5.0535E+00
 1.3695266  6.5120E+02  1.074234  4759.9  5.0575E+00
 1.3572472  6.5265E+02  1.070370  4762.7  5.0616E+00
 1.3450463  6.5409E+02  1.066507  4765.4  5.0656E+00
 1.3329239  6.5553E+02  1.062643  4768.1  5.0696E+00
 1.3208798  6.5696E+02  1.058779  4770.8  5.0737E+00
 1.3089137  6.5840E+02  1.054916  4773.5  5.0777E+00
 1.2970256  6.5984E+02  1.051052  4776.2  5.0817E+00
 1.2852153  6.6127E+02  1.047189  4778.9  5.0857E+00
 1.2734826  6.6270E+02  1.043325  4781.5  5.0897E+00
 1.2618274  6.6413E+02  1.039461  4784.2  5.0936E+00
 1.2502495  6.6556E+02  1.035598  4786.8  5.0976E+00
 1.2387487  6.6699E+02  1.031734  4789.5  5.1016E+00
 1.2273249  6.6842E+02  1.027870  4792.1  5.1055E+00
 1.2159779  6.6984E+02  1.024007  4794.7  5.1094E+00
 1.2047075  6.7127E+02  1.020143  4797.3  5.1134E+00
 1.1935136  6.7269E+02  1.016279  4799.9  5.1173E+00
 1.1823960  6.7411E+02  1.012416  4802.5  5.1212E+00
 1.1713544  6.7553E+02  1.008552  4805.1  5.1251E+00
 1.1603889  6.7695E+02  1.004689  4807.7  5.1290E+00
 1.1494991  6.7837E+02  1.000825  4810.3  5.1329E+00
 1.1386848  6.7978E+02  0.996961  4812.8  5.1368E+00
 1.1279460  6.8120E+02  0.993098  4815.4  5.1406E+00
 1.1172824  6.8261E+02  0.989234  4817.9  5.1445E+00
 1.1066938  6.8402E+02  0.985370  4820.5  5.1483E+00
 1.0961802  6.8543E+02  0.981507  4823.0  5.1522E+00
 1.0857412  6.8684E+02  0.977643  4825.5  5.1560E+00
 1.0753766  6.8825E+02  0.973779  4828.1  5.1598E+00
 1.0650864  6.8966E+02  0.969916  4830.6  5.1636E+00
 1.0548703  6.9106E+02  0.966052  4833.1  5.1674E+00
 1.0447282  6.9246E+02  0.962189  4835.6  5.1712E+00
 1.0346598  6.9387E+02  0.958325  4838.1  5.1750E+00
 1.0246649  6.9527E+02  0.954461  4840.6  5.1788E+00
 1.0147434  6.9667E+02  0.950598  4843.1  5.1826E+00
 1.0048951  6.9807E+02  0.946734  4845.6  5.1863E+00
 0.9951197  6.9947E+02  0.942870  4848.1  5.1901E+00
 0.9854171  7.0086E+02  0.939007  4850.6  5.1939E+00
 0.9757871  7.0226E+02  0.935143  4853.1  5.1976E+00
 0.9662295  7.0365E+02  0.931279  4855.6  5.2013E+00
 0.9567440  7.0504E+02  0.927416  4858.0  5.2051E+00
 0.9473305  7.0644E+02  0.923552  4860.5  5.2088E+00
 0.9379888  7.0783E+02  0.919689  4863.0  5.2125E+00
 0.9287187  7.0922E+02  0.915825  4865.4  5.2162E+00
 0.9195199  7.1061E+02  0.911961  4867.9  5.2199E+00
 0.9103923  7.1199E+02  0.908098  4870.3  5.2236E+00
 0.9013357  7.1338E+02  0.904234  4872.8  5.2272E+00
 0.8923498  7.1476E+02  0.900370  4875.2  5.2309E+00
 0.8834344  7.1615E+02  0.896507  4877.6  5.2346E+00
 0.8745894  7.1753E+02  0.892643  4880.1  5.2382E+00
 0.8658145  7.1891E+02  0.888779  4882.5  5.2419E+00
 0.8571095  7.2030E+02  0.884916  4884.9  5.2455E+00
 0.8484741  7.2168E+02  0.881052  4887.3  5.2492E+00
 0.8399083  7.2306E+02  0.877189  4889.7  5.2528E+00
 0.8314117  7.2444E+02  0.873325  4892.2  5.2564E+00
 0.8229842  7.2581E+02  0.869461  4894.6  5.2600E+00
 0.8146255  7.2719E+02  0.865598  4897.0  5.2636E+00
 0.8063354  7.2857E+02  0.861734  4899.4  5.2672E+00
 0.7981137  7.2994E+02  0.857870  4901.7  5.2708E+00
 0.7899602  7.3132E+02  0.854007  4904.1  5.2744E+00
 0.7818746  7.3269E+02  0.850143  4906.5  5.2780E+00
 0.7738567  7.3406E+02  0.846279  4908.9  5.2816E+00
 0.7659064  7.3544E+02  0.842416  4911.3  5.2852E+00
 0.7580233  7.3681E+02  0.838552  4913.6  5.2887E+00
 0.7502072  7.3818E+02  0.834689  4916.0  5.2923E+00
 0.7424580  7.3955E+02  0.830825  4918.4  5.2959E+00
 0.7347753  7.4092E+02  0.826961  4920.7  5.2994E+00
 0.7271590  7.4229E+02  0.823098  4923.1  5.3029E+00
 0.7196089  7.4366E+02  0.819234  4925.4  5.3065E+00
 0.7121246  7.4503E+02  0.815370  4927.8  5.3100E+00
 0.7047060  7.4639E+02  0.811507  4930.1  5.3135E+00
 0.6973528  7.4776E+02  0.807643  4932.5  5.3171E+00
 0.6900648  7.4913E+02  0.803779  4934.8  5.3206E+00
 0.6828418  7.5050E+02  0.799916  4937.1  5.3241E+00
 0.6756835  7.5186E+02  0.796052  4939.5  5.3276E+00
 0.6685897  7.5323E+02  0.792189  4941.8  5.3311E+00
 0.6615601  7.5460E+02  0.788325  4944.1  5.3346E+00
 0.6545946  7.5596E+02  0.784461  4946.4  5.3381E+00
 0.6476928  7.5733E+02  0.780598  4948.7  5.3416E+00
 0.6408545  7.5870E+02  0.776734  4951.1  5.3451E+00
 0.6340795  7.6006E+02  0.772870  4953.4  5.3486E+00
 0.6273675  7.6143E+02  0.769007  4955.7  5.3520E+00
 0.6207183  7.6279E+02  0.765143  4958.0  5.3555E+00
 0.6141317  7.6416E+02  0.761279  4960.3  5.3590E+00
 0.6076074  7.6553E+02  0.757416  4962.6  5.3624E+00
 0.6011451  7.6689E+02  0.753552  4964.9  5.3659E+00
 0.5947446  7.6826E+02  0.749689  4967.1  5.3694E+00
 0.5884056  7.6963E+02  0.745825  4969.4  5.3728E+00
 0.5821280  7.7100E+02  0.741961  4971.7  5.3763E+00
 0.5759114  7.7236E+02  0.738098  4974.0  5.3797E+00
 0.5697556  7.7373E+02  0.734234  4976.3  5.3832E+00
 0.5636604  7.7510E+02  0.730370  4978.5  5.3866E+00
 0.5576254  7.7647E+02  0.726507  4980.8  5.3901E+00
 0.5516505  7.7784E+02  0.722643  4983.1  5.3935E+00
 0.5457354  7.7921E+02  0.718779  4985.4  5.3970E+00
 0.5398797  7.8059E+02  0.714916  4987.6  5.4004E+00
 0.5340834  7.8196E+02  0.711052  4989.9  5.4038E+00
 0.5283460  7.8333E+02  0.707189  4992.2  5.4073E+00
 0.5226674  7.8471E+02  0.703325  4994.4  5.4107E+00
 0.5170472  7.8609E+02  0.699461  4996.7  5.4141E+00
 0.5114853  7.8746E+02  0.695598  4998.9  5.4176E+00
 0.5059813  7.8884E+02  0.691734  5001.2  5.4210E+00
 0.5005351  7.9022E+02  0.687870  5003.5  5.4244E+00
 0.4951462  7.9161E+02  0.684007  5005.7  5.4279E+00
 0.4898146  7.9299E+02  0.680143  5008.0  5.4313E+00
 0.4845398  7.9437E+02  0.676279  5010.2  5.4347E+00
 0.4793217  7.9576E+02  0.672416  5012.5  5.4382E+00
 0.4741599  7.9715E+02  0.668552  5014.8  5.4416E+00
 0.4690542  7.9854E+02  0.664689  5017.0  5.4450E+00
 0.4640044  7.9993E+02  0.660825  5019.3  5.4485E+00
 0.4590101  8.0133E+02  0.656961  5021.5  5.4519E+00
 0.4540711  8.0272E+02  0.653098  5023.8  5.4553E+00
 0.4491871  8.0412E+02  0.649234  5026.1  5.4588E+00
 0.4443579  8.0553E+02  0.645370  5028.3  5.4622E+00
 0.4395831  8.0693E+02  0.641507  5030.6  5.4657E+00
 0.4348625  8.0834E+02  0.637643  5032.8  5.4691E+00
 0.4301958  8.0975E+02  0.633779  5035.1  5.4726E+00
 0.4255828  8.1116E+02  0.629916  5037.4  5.4760E+00
 0.4210232  8.1257E+02  0.626052  5039.6  5.4795E+00
 0.4165166  8.1399E+02  0.622189  5041.9  5.4829E+00
 0.4120628  8.1542E+02  0.618325  5044.2  5.4864E+00
 0.4076616  8.1684E+02  0.614461  5046.5  5.4899E+00
 0.4033127  8.1827E+02  0.610598  5048.7  5.4933E+00
 0.3990157  8.1970E+02  0.606734  5051.0  5.4968E+00
 0.3947704  8.2114E+02  0.602870  5053.3  5.5003E+00
 0.3905765  8.2258E+02  0.599007  5055.6  5.5038E+00
 0.3864337  8.2402E+02  0.595143  5057.9  5.5073E+00
 0.3823418  8.2547E+02  0.591279  5060.2  5.5108E+00
 0.3783004  8.2693E+02  0.587416  5062.5  5.5143E+00
 0.3743093  8.2839E+02  0.583552  5064.8  5.5178E+00
 0.3703682  8.2985E+02  0.579689  5067.1  5.5214E+00
 0.3664767  8.3132E+02  0.575825  5069.4  5.5249E+00
 0.3658330  8.3156E+02  0.575181  5069.8  5.5255E+00
 0.3651906  8.3181E+02  0.574537  5070.2  5.5261E+00
 0.3645496  8.3205E+02  0.573893  5070.6  5.5267E+00
 0.3639099  8.3230E+02  0.573249  5071.0  5.5272E+00
 0.3632717  8.3254E+02  0.572605  5071.3  5.5278E+00
 0.3626347  8.3279E+02  0.571961  5071.7  5.5284E+00
 0.3619992  8.3304E+02  0.571317  5072.1  5.5290E+00
 0.3613650  8.3328E+02  0.570673  5072.5  5.5296E+00
 0.3607322  8.3353E+02  0.570029  5072.9  5.5302E+00
 0.3605742  8.3359E+02  0.569868  5073.0  5.5303E+00
 0.3604163  8.3365E+02  0.569707  5073.1  5.5305E+00
 0.3602354  8.3372E+02  0.569547  5073.1  1.0378E+01
 0.3600153  8.3381E+02  0.569298  5073.1  1.0378E+01
 0.3600144  8.3381E+02  0.569291  5073.1  1.0378E+01
 0.3600135  8.3382E+02  0.569283  5073.1  1.0378E+01
 0.3599990  8.3383E+02  0.569275  5073.1  1.0378E+01
 0.3599846  8.3383E+02  0.569267  5073.1  1.0378E+01
 0.3599701  8.3384E+02  0.569259  5073.1  1.0378E+01
 0.3599557  8.3384E+02  0.569251  5073.1  1.0378E+01
 0.3599412  8.3385E+02  0.569243  5073.1  1.0378E+01
 0.3599268  8.3385E+02  0.569236  5073.1  1.0379E+01
 0.3599123  8.3386E+02  0.569228  5073.1  1.0379E+01
 0.3598979  8.3386E+02  0.569220  5073.1  1.0379E+01
 0.3598834  8.3387E+02  0.569212  5073.1  1.0379E+01
 0.3598690  8.3388E+02  0.569204  5073.1  1.0379E+01
 0.3598545  8.3388E+02  0.569196  5073.1  1.0379E+01
 0.3598401  8.3389E+02  0.569188  5073.1  1.0379E+01
 0.3598256  8.3389E+02  0.569180  5073.1  1.0379E+01
 0.3598112  8.3390E+02  0.569173  5073.1  1.0379E+01
 0.3597968  8.3390E+02  0.569165  5073.1  1.0379E+01
 0.3597823  8.3391E+02  0.569157  5073.1  1.0379E+01
 0.3597679  8.3392E+02  0.569149  5073.1  1.0379E+01
 0.3597534  8.3392E+02  0.569141  5073.1  1.0379E+01
 0.3597390  8.3393E+02  0.569133  5073.1  1.0379E+01
 0.3597245  8.3393E+02  0.569125  5073.1  1.0379E+01
 0.3597101  8.3394E+02  0.569118  5073.1  1.0379E+01
 0.3596957  8.3394E+02  0.569110  5073.1  1.0379E+01
 0.3596812  8.3395E+02  0.569102  5073.1  1.0379E+01
 0.3596668  8.3396E+02  0.569094  5073.1  1.0379E+01
 0.3596524  8.3396E+02  0.569086  5073.1  1.0379E+01
 0.3596379  8.3397E+02  0.569078  5073.1  1.0379E+01
 0.3596235  8.3397E+02  0.569070  5073.1  1.0379E+01
 0.3596090  8.3398E+02  0.569063  5073.1  1.0379E+01
 0.3594647  8.3403E+02  0.568984  5073.1  1.0379E+01
 0.3593204  8.3409E+02  0.568905  5073.1  1.0380E+01
 0.3591762  8.3415E+02  0.568827  5073.1  1.0380E+01
 0.3590321  8.3420E+02  0.568748  5073.1  1.0380E+01
 0.3588880  8.3426E+02  0.568670  5073.1  1.0380E+01
 0.3587439  8.3432E+02  0.568591  5073.1  1.0380E+01
 0.3585999  8.3437E+02  0.568512  5073.1  1.0381E+01
 0.3584560  8.3443E+02  0.568434  5073.1  1.0381E+01
 0.3583121  8.3449E+02  0.568355  5073.1  1.0381E+01
 0.3581683  8.3454E+02  0.568277  5073.1  1.0381E+01
 0.3580246  8.3460E+02  0.568198  5073.1  1.0382E+01
 0.3578808  8.3465E+02  0.568120  5073.1  1.0382E+01
 0.3577372  8.3471E+02  0.568041  5073.1  1.0382E+01
 0.3575936  8.3477E+02  0.567963  5073.1  1.0382E+01
 0.3574501  8.3482E+02  0.567884  5073.1  1.0383E+01
 0.3573066  8.3488E+02  0.567806  5073.1  1.0383E+01
 0.3571632  8.3494E+02  0.567728  5073.1  1.0383E+01
 0.3570198  8.3499E+02  0.567649  5073.1  1.0383E+01
 0.3568765  8.3505E+02  0.567571  5073.1  1.0383E+01
 0.3567332  8.3510E+02  0.567492  5073.1  1.0384E+01
 0.3565900  8.3516E+02  0.567414  5073.1  1.0384E+01
 0.3564469  8.3522E+02  0.567336  5073.1  1.0384E+01
 0.3563038  8.3527E+02  0.567257  5073.1  1.0384E+01
 0.3561608  8.3533E+02  0.567179  5073.1  1.0385E+01
 0.3560178  8.3539E+02  0.567100  5073.1  1.0385E+01
 0.3558749  8.3544E+02  0.567022  5073.1  1.0385E+01
 0.3544487  8.3600E+02  0.566239  5073.1  1.0387E+01
 0.3530282  8.3656E+02  0.565458  5073.1  1.0390E+01
 0.3516132  8.3712E+02  0.564677  5073.1  1.0392E+01
 0.3502038  8.3768E+02  0.563897  5073.1  1.0394E+01
 0.3487999  8.3823E+02  0.563119  5073.1  1.0397E+01
 0.3474014  8.3879E+02  0.562341  5073.1  1.0399E+01
 0.3460085  8.3934E+02  0.561565  5073.1  1.0401E+01
 0.3446210  8.3989E+02  0.560790  5073.1  1.0403E+01
 0.3432390  8.4044E+02  0.560015  5073.1  1.0406E+01
 0.3418623  8.4099E+02  0.559242  5073.1  1.0408E+01
 0.3404911  8.4153E+02  0.558470  5073.1  1.0410E+01
 0.3391252  8.4208E+02  0.557699  5073.1  1.0413E+01
 0.3377647  8.4263E+02  0.556929  5073.1  1.0415E+01
 0.3364095  8.4317E+02  0.556160  5073.1  1.0417E+01
 0.3350597  8.4371E+02  0.555392  5073.1  1.0419E+01
 0.3337151  8.4425E+02  0.554626  5073.1  1.0421E+01
 0.3323759  8.4479E+02  0.553860  5073.1  1.0424E+01
 0.3310418  8.4533E+02  0.553095  5073.1  1.0426E+01
 0.3297130  8.4587E+02  0.552332  5073.1  1.0428E+01
 0.3283895  8.4640E+02  0.551569  5073.1  1.0430E+01
 0.3270711  8.4694E+02  0.550808  5073.1  1.0432E+01
 0.3257579  8.4747E+02  0.550047  5073.1  1.0435E+01
 0.3244498  8.4800E+02  0.549288  5073.1  1.0437E+01
 0.3231469  8.4853E+02  0.548530  5073.1  1.0439E+01
 0.3218491  8.4906E+02  0.547772  5073.1  1.0441E+01
 0.3205565  8.4959E+02  0.547016  5073.1  1.0443E+01
 0.3079059  8.5479E+02  0.539511  5073.1  1.0465E+01
 0.2957445  8.5987E+02  0.532108  5073.1  1.0485E+01
 0.2840542  8.6483E+02  0.524807  5073.1  1.0505E+01
 0.2728173  8.6967E+02  0.517607  5073.1  1.0525E+01
 0.2620168  8.7439E+02  0.510505  5073.1  1.0544E+01
 0.2516364  8.7899E+02  0.503501  5073.1  1.0562E+01
 0.2416603  8.8348E+02  0.496592  5073.1  1.0580E+01
 0.2320731  8.8786E+02  0.489779  5073.1  1.0598E+01
 0.2228601  8.9213E+02  0.483059  5073.1  1.0615E+01
 0.2140072  8.9630E+02  0.476431  5073.1  1.0631E+01
 0.2055007  9.0036E+02  0.469894  5073.1  1.0647E+01
 0.1973274  9.0432E+02  0.463447  5073.1  1.0663E+01
 0.1894745  9.0818E+02  0.457088  5073.1  1.0678E+01
 0.1819299  9.1194E+02  0.450817  5073.1  1.0693E+01
 0.1746818  9.1561E+02  0.444631  5073.1  1.0707E+01
 0.1677187  9.1919E+02  0.438531  5073.1  1.0721E+01
 0.1610297  9.2267E+02  0.432514  5073.1  1.0735E+01
 0.1546042  9.2607E+02  0.426580  5073.1  1.0748E+01
 0.1484322  9.2938E+02  0.420727  5073.1  1.0761E+01
 0.1425038  9.3261E+02  0.414954  5073.1  1.0774E+01
 0.1368095  9.3576E+02  0.409261  5073.1  1.0786E+01
 0.1313403  9.3882E+02  0.403645  5073.1  1.0798E+01
 0.1260874  9.4181E+02  0.398107  5073.1  1.0809E+01
 0.1210425  9.4472E+02  0.392645  5073.1  1.0820E+01
 0.1161974  9.4756E+02  0.387258  5073.1  1.0831E+01
 0.1115445  9.5032E+02  0.381944  5073.1  1.0842E+01
 0.1070761  9.5301E+02  0.376704  5073.1  1.0852E+01
 0.1027851  9.5563E+02  0.371535  5073.1  1.0862E+01
 0.0986645  9.5819E+02  0.366438  5073.1  1.0872E+01
 0.0947077  9.6068E+02  0.361410  5073.1  1.0882E+01
 0.0909083  9.6310E+02  0.356451  5073.1  1.0891E+01
 0.0872602  9.6546E+02  0.351560  5073.1  1.0900E+01
 0.0837572  9.6776E+02  0.346737  5073.1  1.0909E+01
 0.0803939  9.7000E+02  0.341979  5073.1  1.0917E+01
 0.0771646  9.7218E+02  0.337287  5073.1  1.0925E+01
 0.0740641  9.7431E+02  0.332660  5073.1  1.0933E+01
 0.0710873  9.7638E+02  0.328095  5073.1  1.0941E+01
 0.0682293  9.7839E+02  0.323594  5073.1  1.0949E+01
 0.0654856  9.8035E+02  0.319154  5073.1  1.0956E+01
 0.0628514  9.8226E+02  0.314775  5073.1  1.0963E+01
 0.0603226  9.8412E+02  0.310456  5073.1  1.0970E+01
 0.0578949  9.8594E+02  0.306196  5073.1  1.0977E+01
 0.0555643  9.8770E+02  0.301995  5073.1  1.0984E+01
 0.0533271  9.8942E+02  0.297852  5073.1  1.0990E+01
 0.0511794  9.9109E+02  0.293765  5073.1  1.0997E+01
 0.0491177  9.9272E+02  0.289734  5073.1  1.1003E+01
 0.0471387  9.9430E+02  0.285759  5073.1  1.1009E+01
 0.0452390  9.9585E+02  0.281838  5073.1  1.1014E+01
 0.0434155  9.9735E+02  0.277971  5073.1  1.1020E+01
 0.0416651  9.9881E+02  0.274157  5073.1  1.1026E+01
 0.0399850  1.0002E+03  0.270396  5073.1  1.1031E+01
 0.0383723  1.0016E+03  0.266686  5073.1  1.1036E+01
 0.0368244  1.0030E+03  0.263027  5073.1  1.1041E+01
 0.0353387  1.0043E+03  0.259418  5073.1  1.1046E+01
 0.0339127  1.0056E+03  0.255859  5073.1  1.1051E+01
 0.0325439  1.0068E+03  0.252348  5073.1  1.1055E+01
 0.0312302  1.0080E+03  0.248886  5073.1  1.1060E+01
 0.0299694  1.0092E+03  0.245471  5073.1  1.1064E+01
 0.0287592  1.0103E+03  0.242103  5073.1  1.1068E+01
 0.0275978  1.0115E+03  0.238781  5073.1  1.1073E+01
 0.0264831  1.0126E+03  0.235505  5073.1  1.1077E+01
 0.0254132  1.0136E+03  0.232274  5073.1  1.1081E+01
 0.0243865  1.0146E+03  0.229087  5073.1  1.1084E+01
 0.0234011  1.0156E+03  0.225944  5073.1  1.1088E+01
 0.0224554  1.0166E+03  0.222844  5073.1  1.1092E+01
 0.0215477  1.0176E+03  0.219786  5073.1  1.1095E+01
 0.0206767  1.0185E+03  0.216770  5073.1  1.1099E+01
 0.0198408  1.0194E+03  0.213796  5073.1  1.1102E+01
 0.0190386  1.0203E+03  0.210863  5073.1  1.1105E+01
 0.0182687  1.0211E+03  0.207970  5073.1  1.1108E+01
 0.0175299  1.0219E+03  0.205116  5073.1  1.1111E+01
 0.0168209  1.0228E+03  0.202302  5073.1  1.1114E+01
 0.0161405  1.0235E+03  0.199526  5073.1  1.1117E+01
 0.0154875  1.0243E+03  0.196789  5073.1  1.1120E+01
 0.0148609  1.0250E+03  0.194089  5073.1  1.1123E+01
 0.0142596  1.0258E+03  0.191426  5073.1  1.1125E+01
 0.0136826  1.0265E+03  0.188799  5073.1  1.1128E+01
 0.0131289  1.0272E+03  0.186209  5073.1  1.1130E+01
 0.0125975  1.0278E+03  0.183654  5073.1  1.1133E+01
 0.0120876  1.0285E+03  0.181134  5073.1  1.1135E+01
 0.0115983  1.0291E+03  0.178649  5073.1  1.1138E+01
 0.0111288  1.0297E+03  0.176198  5073.1  1.1140E+01
 0.0106782  1.0303E+03  0.173780  5073.1  1.1142E+01
 0.0102458  1.0309E+03  0.171396  5073.1  1.1144E+01
 0.0098310  1.0315E+03  0.169044  5073.1  1.1146E+01
 0.0094329  1.0320E+03  0.166725  5073.1  1.1148E+01
 0.0090508  1.0326E+03  0.164437  5073.1  1.1150E+01
 0.0086843  1.0331E+03  0.162181  5073.1  1.1152E+01
 0.0083325  1.0336E+03  0.159956  5073.1  1.1154E+01
 0.0079950  1.0341E+03  0.157761  5073.1  1.1156E+01
 0.0076712  1.0346E+03  0.155597  5073.1  1.1157E+01
 0.0073604  1.0350E+03  0.153462  5073.1  1.1159E+01
 0.0070622  1.0355E+03  0.151356  5073.1  1.1161E+01
 0.0067761  1.0359E+03  0.149279  5073.1  1.1162E+01
 0.0065015  1.0364E+03  0.147231  5073.1  1.1164E+01
 0.0062381  1.0368E+03  0.145211  5073.1  1.1166E+01
 0.0059853  1.0372E+03  0.143219  5073.1  1.1167E+01
 0.0057427  1.0376E+03  0.141254  5073.1  1.1168E+01
 0.0055100  1.0380E+03  0.139316  5073.1  1.1170E+01
 0.0052867  1.0383E+03  0.137404  5073.1  1.1171E+01
 0.0050724  1.0387E+03  0.135519  5073.1  1.1173E+01
 0.0048668  1.0391E+03  0.133660  5073.1  1.1174E+01
 0.0046696  1.0394E+03  0.131826  5073.1  1.1175E+01
 0.0044803  1.0397E+03  0.130017  5073.1  1.1176E+01
 0.0042987  1.0401E+03  0.128233  5073.1  1.1178E+01
 0.0041244  1.0404E+03  0.126474  5073.1  1.1179E+01
 0.0039572  1.0407E+03  0.124738  5073.1  1.1180E+01
 0.0037968  1.0410E+03  0.123027  5073.1  1.1181E+01
 0.0036428  1.0413E+03  0.121339  5073.1  1.1182E+01
 0.0034951  1.0416E+03  0.119674  5073.1  1.1183E+01
 0.0033534  1.0418E+03  0.118032  5073.1  1.1184E+01
 0.0032174  1.0421E+03  0.116413  5073.1  1.1185E+01
 0.0030870  1.0424E+03  0.114815  5073.1  1.1186E+01
 0.0029618  1.0426E+03  0.113240  5073.1  1.1187E+01
 0.0028417  1.0429E+03  0.111686  5073.1  1.1188E+01
 0.0027264  1.0431E+03  0.110154  5073.1  1.1189E+01
 0.0026159  1.0434E+03  0.108643  5073.1  1.1190E+01
 0.0025098  1.0436E+03  0.107152  5073.1  1.1191E+01
 0.0024080  1.0438E+03  0.105682  5073.1  1.1191E+01
 0.0023103  1.0440E+03  0.104232  5073.1  1.1192E+01
 0.0022166  1.0442E+03  0.102802  5073.1  1.1193E+01
 0.0021267  1.0444E+03  0.101391  5073.1  1.1194E+01
 0.0020405  1.0446E+03  0.100000  5073.1  1.1195E+01
 0.0019577  1.0448E+03  0.098628  5073.1  1.1195E+01
 0.0018783  1.0450E+03  0.097275  5073.1  1.1196E+01
 0.0018021  1.0452E+03  0.095940  5073.1  1.1197E+01
 0.0017290  1.0454E+03  0.094624  5073.1  1.1197E+01
 0.0016588  1.0456E+03  0.093325  5073.1  1.1198E+01
 0.0015916  1.0457E+03  0.092045  5073.1  1.1199E+01
 0.0015270  1.0459E+03  0.090782  5073.1  1.1199E+01
 0.0014650  1.0461E+03  0.089536  5073.1  1.1200E+01
 0.0014056  1.0462E+03  0.088308  5073.1  1.1200E+01
 0.0013486  1.0464E+03  0.087096  5073.1  1.1201E+01
 0.0012939  1.0465E+03  0.085901  5073.1  1.1201E+01
 0.0012414  1.0467E+03  0.084723  5073.1  1.1202E+01
 0.0011910  1.0468E+03  0.083560  5073.1  1.1202E+01
 0.0011427  1.0469E+03  0.082414  5073.1  1.1203E+01
 0.0010963  1.0471E+03  0.081283  5073.1  1.1203E+01
 0.0010518  1.0472E+03  0.080168  5073.1  1.1204E+01
 0.0010091  1.0473E+03  0.079068  5073.1  1.1204E+01
 0.0009682  1.0474E+03  0.077983  5073.1  1.1205E+01
 0.0009289  1.0476E+03  0.076913  5073.1  1.1205E+01
 0.0008912  1.0477E+03  0.075858  5073.1  1.1206E+01
 0.0008551  1.0478E+03  0.074817  5073.1  1.1206E+01
 0.0008204  1.0479E+03  0.073790  5073.1  1.1206E+01
 0.0007871  1.0480E+03  0.072778  5073.1  1.1207E+01
 0.0007551  1.0481E+03  0.071779  5073.1  1.1207E+01
 0.0007245  1.0482E+03  0.070795  5073.1  1.1208E+01
 0.0006951  1.0483E+03  0.069823  5073.1  1.1208E+01
 0.0006669  1.0484E+03  0.068865  5073.1  1.1208E+01
 0.0006398  1.0485E+03  0.067920  5073.1  1.1209E+01
 0.0006139  1.0486E+03  0.066988  5073.1  1.1209E+01
 0.0005889  1.0487E+03  0.066069  5073.1  1.1209E+01
 0.0005650  1.0487E+03  0.065163  5073.1  1.1210E+01
 0.0005421  1.0488E+03  0.064269  5073.1  1.1210E+01
 0.0005201  1.0489E+03  0.063387  5073.1  1.1210E+01
 0.0004990  1.0490E+03  0.062517  5073.1  1.1211E+01
 0.0004787  1.0491E+03  0.061660  5073.1  1.1211E+01
 0.0004593  1.0491E+03  0.060814  5073.1  1.1211E+01
 0.0004407  1.0492E+03  0.059979  5073.1  1.1211E+01
 0.0004228  1.0493E+03  0.059156  5073.1  1.1212E+01
 0.0004056  1.0493E+03  0.058345  5073.1  1.1212E+01
 0.0003892  1.0494E+03  0.057544  5073.1  1.1212E+01
 0.0003734  1.0495E+03  0.056754  5073.1  1.1212E+01
 0.0003582  1.0495E+03  0.055976  5073.1  1.1213E+01
 0.0003437  1.0496E+03  0.055208  5073.1  1.1213E+01
 0.0003297  1.0497E+03  0.054450  5073.1  1.1213E+01
 0.0003163  1.0497E+03  0.053703  5073.1  1.1213E+01
 0.0003035  1.0498E+03  0.052966  5073.1  1.1213E+01
 0.0002912  1.0498E+03  0.052240  5073.1  1.1214E+01
 0.0002794  1.0499E+03  0.051523  5073.1  1.1214E+01
 0.0002680  1.0499E+03  0.050816  5073.1  1.1214E+01
 0.0002571  1.0500E+03  0.050119  5073.1  1.1214E+01
 0.0002467  1.0500E+03  0.049431  5073.1  1.1214E+01
 0.0002367  1.0501E+03  0.048753  5073.1  1.1215E+01
 0.0002271  1.0501E+03  0.048084  5073.1  1.1215E+01
 0.0002179  1.0502E+03  0.047424  5073.1  1.1215E+01
 0.0002090  1.0502E+03  0.046774  5073.1  1.1215E+01
 0.0002005  1.0503E+03  0.046132  5073.1  1.1215E+01
 0.0001924  1.0503E+03  0.045499  5073.1  1.1215E+01
 0.0001846  1.0503E+03  0.044875  5073.1  1.1215E+01
 0.0001771  1.0504E+03  0.044259  5073.1  1.1216E+01
 0.0001699  1.0504E+03  0.043652  5073.1  1.1216E+01
 0.0001630  1.0505E+03  0.043053  5073.1  1.1216E+01
 0.0001564  1.0505E+03  0.042462  5073.1  1.1216E+01
 0.0001500  1.0505E+03  0.041879  5073.1  1.1216E+01
 0.0001440  1.0506E+03  0.041305  5073.1  1.1216E+01
 0.0001381  1.0506E+03  0.040738  5073.1  1.1216E+01
 0.0001325  1.0506E+03  0.040179  5073.1  1.1217E+01
 0.0001271  1.0507E+03  0.039628  5073.1  1.1217E+01
 0.0001220  1.0507E+03  0.039084  5073.1  1.1217E+01
 0.0001170  1.0507E+03  0.038548  5073.1  1.1217E+01
 0.0001123  1.0507E+03  0.038019  5073.1  1.1217E+01
 0.0001077  1.0508E+03  0.037497  5073.1  1.1217E+01
 0.0001033  1.0508E+03  0.036983  5073.1  1.1217E+01
 0.0000991  1.0508E+03  0.036475  5073.1  1.1217E+01
 0.0000951  1.0509E+03  0.035975  5073.1  1.1217E+01
 0.0000913  1.0509E+03  0.035481  5073.1  1.1217E+01
 0.0000876  1.0509E+03  0.034995  5073.1  1.1218E+01
 0.0000840  1.0509E+03  0.034514  5073.1  1.1218E+01
 0.0000806  1.0510E+03  0.034041  5073.1  1.1218E+01
 0.0000773  1.0510E+03  0.033574  5073.1  1.1218E+01
 0.0000742  1.0510E+03  0.033113  5073.1  1.1218E+01
 0.0000712  1.0510E+03  0.032659  5073.1  1.1218E+01
 0.0000683  1.0510E+03  0.032211  5073.1  1.1218E+01
 0.0000655  1.0511E+03  0.031769  5073.1  1.1218E+01
 0.0000628  1.0511E+03  0.031333  5073.1  1.1218E+01
 0.0000603  1.0511E+03  0.030903  5073.1  1.1218E+01
 0.0000578  1.0511E+03  0.030479  5073.1  1.1218E+01
 0.0000555  1.0511E+03  0.030061  5073.1  1.1218E+01
 0.0000532  1.0512E+03  0.029648  5073.1  1.1218E+01
 0.0000511  1.0512E+03  0.029242  5073.1  1.1219E+01
 0.0000490  1.0512E+03  0.028840  5073.1  1.1219E+01
 0.0000470  1.0512E+03  0.028445  5073.1  1.1219E+01
 0.0000451  1.0512E+03  0.028054  5073.1  1.1219E+01
 0.0000433  1.0512E+03  0.027669  5073.1  1.1219E+01
 0.0000415  1.0512E+03  0.027290  5073.1  1.1219E+01
 0.0000398  1.0513E+03  0.026915  5073.1  1.1219E+01
 0.0000382  1.0513E+03  0.026546  5073.1  1.1219E+01
 0.0000367  1.0513E+03  0.026182  5073.1  1.1219E+01
 0.0000352  1.0513E+03  0.025823  5073.1  1.1219E+01
 0.0000338  1.0513E+03  0.025468  5073.1  1.1219E+01
 0.0000324  1.0513E+03  0.025119  5073.1  1.1219E+01
 0.0000311  1.0513E+03  0.024774  5073.1  1.1219E+01
 0.0000298  1.0514E+03  0.024434  5073.1  1.1219E+01
 0.0000286  1.0514E+03  0.024099  5073.1  1.1219E+01
 0.0000274  1.0514E+03  0.023768  5073.1  1.1219E+01
 0.0000263  1.0514E+03  0.023442  5073.1  1.1219E+01
 0.0000253  1.0514E+03  0.023121  5073.1  1.1219E+01
 0.0000242  1.0514E+03  0.022803  5073.1  1.1219E+01
 0.0000232  1.0514E+03  0.022491  5073.1  1.1219E+01
 0.0000223  1.0514E+03  0.022182  5073.1  1.1219E+01
 0.0000214  1.0514E+03  0.021878  5073.1  1.1219E+01
 0.0000205  1.0514E+03  0.021577  5073.1  1.1220E+01
 0.0000197  1.0515E+03  0.021281  5073.1  1.1220E+01
 0.0000189  1.0515E+03  0.020989  5073.1  1.1220E+01
 0.0000181  1.0515E+03  0.020701  5073.1  1.1220E+01
 0.0000174  1.0515E+03  0.020417  5073.1  1.1220E+01
 0.0000167  1.0515E+03  0.020137  5073.1  1.1220E+01
 0.0000160  1.0515E+03  0.019861  5073.1  1.1220E+01
 0.0000154  1.0515E+03  0.019588  5073.1  1.1220E+01
 0.0000147  1.0515E+03  0.019320  5073.1  1.1220E+01
 0.0000141  1.0515E+03  0.019055  5073.1  1.1220E+01
 0.0000136  1.0515E+03  0.018793  5073.1  1.1220E+01
 0.0000130  1.0515E+03  0.018535  5073.1  1.1220E+01
 0.0000125  1.0515E+03  0.018281  5073.1  1.1220E+01
 0.0000120  1.0515E+03  0.018030  5073.1  1.1220E+01
 0.0000115  1.0516E+03  0.017783  5073.1  1.1220E+01
 0.0000110  1.0516E+03  0.017539  5073.1  1.1220E+01
 0.0000106  1.0516E+03  0.017298  5073.1  1.1220E+01
 0.0000101  1.0516E+03  0.017061  5073.1  1.1220E+01
 0.0000097  1.0516E+03  0.016827  5073.1  1.1220E+01
 0.0000093  1.0516E+03  0.016596  5073.1  1.1220E+01
 0.0000090  1.0516E+03  0.016368  5073.1  1.1220E+01
 0.0000086  1.0516E+03  0.016144  5073.1  1.1220E+01
 0.0000082  1.0516E+03  0.015922  5073.1  1.1220E+01
 0.0000079  1.0516E+03  0.015704  5073.1  1.1220E+01
 0.0000076  1.0516E+03  0.015488  5073.1  1.1220E+01
 0.0000073  1.0516E+03  0.015276  5073.1  1.1220E+01
 0.0000070  1.0516E+03  0.015066  5073.1  1.1220E+01
 0.0000067  1.0516E+03  0.014859  5073.1  1.1220E+01
 0.0000064  1.0516E+03  0.014655  5073.1  1.1220E+01
 0.0000062  1.0516E+03  0.014454  5073.1  1.1220E+01
 0.0000059  1.0516E+03  0.014256  5073.1  1.1220E+01
 0.0000057  1.0516E+03  0.014060  5073.1  1.1220E+01
 0.0000054  1.0516E+03  0.013868  5073.1  1.1220E+01
 0.0000052  1.0516E+03  0.013677  5073.1  1.1220E+01
 0.0000050  1.0517E+03  0.013490  5073.1  1.1220E+01
 0.0000048  1.0517E+03  0.013305  5073.1  1.1220E+01
 0.0000046  1.0517E+03  0.013122  5073.1  1.1220E+01
 0.0000044  1.0517E+03  0.012942  5073.1  1.1220E+01
 0.0000042  1.0517E+03  0.012764  5073.1  1.1220E+01
 0.0000041  1.0517E+03  0.012589  5073.1  1.1220E+01
 0.0000039  1.0517E+03  0.012417  5073.1  1.1220E+01
 0.0000038  1.0517E+03  0.012246  5073.1  1.1220E+01
 0.0000036  1.0517E+03  0.012078  5073.1  1.1220E+01
 0.0000035  1.0517E+03  0.011912  5073.1  1.1220E+01
 0.0000033  1.0517E+03  0.011749  5073.1  1.1220E+01
 0.0000032  1.0517E+03  0.011588  5073.1  1.1220E+01
 0.0000031  1.0517E+03  0.011429  5073.1  1.1220E+01
 0.0000029  1.0517E+03  0.011272  5073.1  1.1220E+01
 0.0000028  1.0517E+03  0.011117  5073.1  1.1220E+01
 0.0000027  1.0517E+03  0.010965  5073.1  1.1220E+01
 0.0000026  1.0517E+03  0.010814  5073.1  1.1220E+01
 0.0000025  1.0517E+03  0.010666  5073.1  1.1220E+01
 0.0000024  1.0517E+03  0.010520  5073.1  1.1220E+01
 0.0000023  1.0517E+03  0.010375  5073.1  1.1220E+01
 0.0000022  1.0517E+03  0.010233  5073.1  1.1220E+01
 0.0000021  1.0517E+03  0.010093  5073.1  1.1220E+01
 0.0000020  1.0517E+03  0.010000  5073.1  1.1220E+01
