14.5359582  1.0000E-04  3.977743    76.0  4.0488E-04
14.5359544  1.2476E-04  3.976749    79.5  4.8286E-04
14.5359499  1.5415E-04  3.975754    83.0  5.7040E-04
14.5359446  1.8874E-04  3.974760    86.6  6.6819E-04
14.5359384  2.2912E-04  3.973765    90.3  7.7650E-04
14.5359312  2.7587E-04  3.972771    94.1  8.9546E-04
14.5359230  3.2962E-04  3.971776    98.1  1.0253E-03
14.5359136  3.9099E-04  3.970782   102.2  1.1667E-03
14.5359030  4.6061E-04  3.969787   106.4  1.3182E-03
14.5358910  5.3909E-04  3.968793   110.6  1.4813E-03
14.5358776  6.2703E-04  3.967799   115.0  1.6538E-03
14.5358627  7.2503E-04  3.966804   119.5  1.8375E-03
14.5358462  8.3367E-04  3.965810   124.2  2.0311E-03
14.5358280  9.5355E-04  3.964815   128.9  2.2352E-03
14.5358080  1.0853E-03  3.963821   133.8  2.4483E-03
14.5357861  1.2292E-03  3.962826   138.8  2.6691E-03
14.5357624  1.3860E-03  3.961832   143.9  2.8995E-03
14.5357367  1.5560E-03  3.960838   149.1  3.1361E-03
14.5357089  1.7396E-03  3.959843   154.4  3.3804E-03
14.5356791  1.9373E-03  3.958849   159.8  3.6327E-03
14.5356470  2.1495E-03  3.957854   165.3  3.8897E-03
14.5354966  3.1494E-03  3.953876   187.8  4.9691E-03
14.5353075  4.4112E-03  3.949899   209.4  6.2160E-03
14.5350729  5.9832E-03  3.945921   229.0  7.6596E-03
14.5347880  7.9004E-03  3.941943   248.5  9.2218E-03
14.5344492  1.0189E-02  3.937966   269.2  1.0879E-02
14.5340545  1.2866E-02  3.933988   290.3  1.2583E-02
14.5336016  1.5951E-02  3.930010   310.8  1.4419E-02
14.5330853  1.9481E-02  3.926032   330.4  1.6392E-02
14.5325027  2.3482E-02  3.922055   349.0  1.8444E-02
14.5318517  2.7970E-02  3.918077   367.1  2.0556E-02
14.5311305  3.2963E-02  3.914099   384.8  2.2733E-02
14.5303384  3.8468E-02  3.910121   402.1  2.4912E-02
14.5294731  4.4507E-02  3.906144   419.1  2.7255E-02
14.5285317  5.1105E-02  3.902166   435.8  2.9583E-02
14.5275154  5.8256E-02  3.898188   452.2  3.1917E-02
14.5264234  6.5971E-02  3.894210   468.3  3.4297E-02
14.5252551  7.4258E-02  3.890233   484.2  3.6680E-02
14.5240105  8.3123E-02  3.886255   499.9  3.9091E-02
14.5226889  9.2575E-02  3.882277   515.5  4.1522E-02
14.5212907  1.0262E-01  3.878299   531.0  4.3941E-02
14.5198174  1.1324E-01  3.874322   546.4  4.6306E-02
14.5182703  1.2444E-01  3.870344   561.5  4.8653E-02
14.5166498  1.3622E-01  3.866366   576.4  5.1016E-02
14.5149555  1.4858E-01  3.862388   590.9  5.3449E-02
14.5131856  1.6155E-01  3.858411   605.1  5.5786E-02
14.5113467  1.7508E-01  3.854433   618.9  5.8016E-02
14.5094396  1.8917E-01  3.850455   632.2  6.0247E-02
14.5074648  2.0382E-01  3.846477   645.1  6.2475E-02
14.5054224  2.1903E-01  3.842500   657.6  6.4702E-02
14.5033129  2.3481E-01  3.838522   669.9  6.6930E-02
14.5011367  2.5115E-01  3.834544   682.0  6.9127E-02
14.4988962  2.6804E-01  3.830566   694.1  7.1262E-02
14.4965923  2.8548E-01  3.826589   706.1  7.3393E-02
14.4942256  3.0347E-01  3.822611   718.1  7.5518E-02
14.4917965  3.2201E-01  3.818633   730.2  7.7640E-02
14.4893057  3.4109E-01  3.814655   742.4  7.9730E-02
14.4867543  3.6072E-01  3.810678   754.7  8.1805E-02
14.4841430  3.8090E-01  3.806700   767.2  8.3875E-02
14.4814721  4.0161E-01  3.802722   779.8  8.5934E-02
14.4787423  4.2287E-01  3.798745   792.4  8.7995E-02
14.4759532  4.4468E-01  3.794767   805.0  9.0079E-02
14.4731048  4.6704E-01  3.790789   817.4  9.2158E-02
14.4701976  4.8996E-01  3.786811   829.8  9.4235E-02
14.4672319  5.1344E-01  3.782834   842.1  9.6310E-02
14.4642081  5.3747E-01  3.778856   854.1  9.8372E-02
14.4611272  5.6205E-01  3.774878   866.0  1.0041E-01
14.4579897  5.8719E-01  3.770900   877.6  1.0244E-01
14.4547962  6.1288E-01  3.766923   888.9  1.0447E-01
14.4515470  6.3913E-01  3.762945   899.9  1.0649E-01
14.4482464  6.6589E-01  3.758967   910.7  1.0826E-01
14.4448993  6.9315E-01  3.754989   921.0  1.0997E-01
14.4415076  7.2088E-01  3.751012   931.1  1.1165E-01
14.4380720  7.4909E-01  3.747034   940.9  1.1332E-01
14.4345930  7.7776E-01  3.743056   950.4  1.1498E-01
14.4310711  8.0691E-01  3.739078   959.6  1.1662E-01
14.4275069  8.3653E-01  3.735101   968.7  1.1826E-01
14.4239005  8.6662E-01  3.731123   977.5  1.1995E-01
14.4202487  8.9722E-01  3.727145   986.1  1.2173E-01
14.4165497  9.2833E-01  3.723167   994.6  1.2379E-01
14.4127987  9.6002E-01  3.719190  1003.0  1.2551E-01
14.4090048  9.9219E-01  3.715212  1011.2  1.2720E-01
14.4051685  1.0249E+00  3.711234  1019.3  1.2888E-01
14.4012902  1.0580E+00  3.707256  1027.2  1.3055E-01
14.3973703  1.0917E+00  3.703279  1035.1  1.3222E-01
14.3934093  1.1258E+00  3.699301  1042.9  1.3389E-01
14.3894074  1.1605E+00  3.695323  1050.5  1.3555E-01
14.3853649  1.1956E+00  3.691345  1058.1  1.3721E-01
14.3812820  1.2312E+00  3.687368  1065.7  1.3886E-01
14.3771593  1.2673E+00  3.683390  1073.2  1.4051E-01
14.3729969  1.3040E+00  3.679412  1080.6  1.4215E-01
14.3687953  1.3411E+00  3.675434  1088.0  1.4379E-01
14.3645548  1.3787E+00  3.671457  1095.3  1.4542E-01
14.3602759  1.4168E+00  3.667479  1102.6  1.4705E-01
14.3559590  1.4554E+00  3.663501  1109.9  1.4866E-01
14.3516044  1.4945E+00  3.659524  1117.1  1.5027E-01
14.3472125  1.5341E+00  3.655546  1124.4  1.5188E-01
14.3427837  1.5742E+00  3.651568  1131.6  1.5348E-01
14.3383182  1.6148E+00  3.647590  1138.8  1.5508E-01
14.3338175  1.6559E+00  3.643613  1145.9  1.5659E-01
14.3292834  1.6974E+00  3.639635  1153.1  1.5809E-01
14.3247160  1.7395E+00  3.635657  1160.3  1.5959E-01
14.3201157  1.7820E+00  3.631679  1167.4  1.6108E-01
14.3154828  1.8250E+00  3.627702  1174.6  1.6257E-01
14.3108175  1.8684E+00  3.623724  1181.7  1.6405E-01
14.3061203  1.9124E+00  3.619746  1188.9  1.6553E-01
14.3013914  1.9568E+00  3.615768  1196.0  1.6700E-01
14.2966312  2.0017E+00  3.611791  1203.2  1.6848E-01
14.2918395  2.0471E+00  3.607813  1210.4  1.6996E-01
14.2870165  2.0930E+00  3.603835  1217.6  1.7144E-01
14.2821625  2.1393E+00  3.599857  1224.8  1.7292E-01
14.2772777  2.1862E+00  3.595880  1232.0  1.7439E-01
14.2723625  2.2335E+00  3.591902  1239.3  1.7586E-01
14.2674170  2.2813E+00  3.587924  1246.6  1.7732E-01
14.2624417  2.3296E+00  3.583946  1253.9  1.7878E-01
14.2574367  2.3784E+00  3.579969  1261.2  1.8024E-01
14.2524025  2.4277E+00  3.575991  1268.5  1.8169E-01
14.2473392  2.4775E+00  3.572013  1275.9  1.8313E-01
14.2422472  2.5278E+00  3.568035  1283.3  1.8458E-01
14.2371266  2.5785E+00  3.564058  1290.7  1.8602E-01
14.2319779  2.6298E+00  3.560080  1298.2  1.8745E-01
14.2268012  2.6815E+00  3.556102  1305.6  1.8888E-01
14.2215968  2.7338E+00  3.552124  1313.1  1.9031E-01
14.2163647  2.7865E+00  3.548147  1320.7  1.9176E-01
14.2111047  2.8397E+00  3.544169  1328.2  1.9321E-01
14.2058173  2.8935E+00  3.540191  1335.8  1.9465E-01
14.2005033  2.9477E+00  3.536213  1343.3  1.9602E-01
14.1951639  3.0024E+00  3.532236  1350.9  1.9740E-01
14.1897993  3.0576E+00  3.528258  1358.6  1.9877E-01
14.1844097  3.1133E+00  3.524280  1366.2  2.0014E-01
14.1789955  3.1695E+00  3.520303  1373.9  2.0151E-01
14.1735566  3.2262E+00  3.516325  1381.6  2.0288E-01
14.1680933  3.2834E+00  3.512347  1389.3  2.0425E-01
14.1626056  3.3410E+00  3.508369  1397.0  2.0562E-01
14.1570938  3.3992E+00  3.504392  1404.8  2.0698E-01
14.1515582  3.4579E+00  3.500414  1412.5  2.0835E-01
14.1459989  3.5170E+00  3.496436  1420.3  2.0971E-01
14.1404162  3.5767E+00  3.492458  1428.1  2.1106E-01
14.1348103  3.6368E+00  3.488481  1436.0  2.1242E-01
14.1291814  3.6975E+00  3.484503  1443.8  2.1377E-01
14.1235297  3.7587E+00  3.480525  1451.7  2.1513E-01
14.1178551  3.8203E+00  3.476547  1459.6  2.1648E-01
14.1121581  3.8825E+00  3.472570  1467.5  2.1784E-01
14.1064387  3.9452E+00  3.468592  1475.5  2.1919E-01
14.1006972  4.0084E+00  3.464614  1483.4  2.2053E-01
14.0949338  4.0721E+00  3.460636  1491.4  2.2188E-01
14.0891487  4.1363E+00  3.456659  1499.4  2.2322E-01
14.0833421  4.2011E+00  3.452681  1507.4  2.2456E-01
14.0775141  4.2663E+00  3.448703  1515.5  2.2591E-01
14.0716647  4.3321E+00  3.444725  1523.5  2.2726E-01
14.0657940  4.3983E+00  3.440748  1531.6  2.2861E-01
14.0599023  4.4651E+00  3.436770  1539.7  2.2995E-01
14.0539897  4.5325E+00  3.432792  1547.9  2.3130E-01
14.0480565  4.6003E+00  3.428814  1556.0  2.3264E-01
14.0421027  4.6687E+00  3.424837  1564.1  2.3398E-01
14.0361287  4.7376E+00  3.420859  1572.3  2.3532E-01
14.0301346  4.8070E+00  3.416881  1580.5  2.3666E-01
14.0241203  4.8770E+00  3.412903  1588.7  2.3801E-01
14.0180859  4.9475E+00  3.408926  1596.9  2.3936E-01
14.0120314  5.0185E+00  3.404948  1605.1  2.4071E-01
14.0059572  5.0901E+00  3.400970  1613.3  2.4206E-01
13.9998633  5.1622E+00  3.396992  1621.5  2.4340E-01
13.9937500  5.2348E+00  3.393015  1629.8  2.4474E-01
13.9876176  5.3080E+00  3.389037  1638.0  2.4608E-01
13.9814663  5.3818E+00  3.385059  1646.2  2.4742E-01
13.9752962  5.4560E+00  3.381082  1654.5  2.4875E-01
13.9691074  5.5309E+00  3.377104  1662.7  2.5009E-01
13.9629001  5.6062E+00  3.373126  1671.0  2.5143E-01
13.9566745  5.6822E+00  3.369148  1679.2  2.5276E-01
13.9504305  5.7586E+00  3.365171  1687.5  2.5410E-01
13.9441686  5.8357E+00  3.361193  1695.7  2.5543E-01
13.9378887  5.9132E+00  3.357215  1703.9  2.5676E-01
13.9315912  5.9914E+00  3.353237  1712.2  2.5809E-01
13.9252760  6.0701E+00  3.349260  1720.4  2.5943E-01
13.9189435  6.1493E+00  3.345282  1728.6  2.6075E-01
13.9125937  6.2291E+00  3.341304  1736.8  2.6208E-01
13.9062268  6.3095E+00  3.337326  1745.0  2.6342E-01
13.8998428  6.3905E+00  3.333349  1753.2  2.6475E-01
13.8934420  6.4720E+00  3.329371  1761.4  2.6608E-01
13.8870245  6.5541E+00  3.325393  1769.6  2.6741E-01
13.8805904  6.6367E+00  3.321415  1777.8  2.6874E-01
13.8741399  6.7200E+00  3.317438  1785.9  2.7006E-01
13.8676731  6.8038E+00  3.313460  1794.1  2.7139E-01
13.8611902  6.8882E+00  3.309482  1802.2  2.7272E-01
13.8546914  6.9731E+00  3.305504  1810.3  2.7404E-01
13.8481768  7.0587E+00  3.301527  1818.4  2.7537E-01
13.8416462  7.1448E+00  3.297549  1826.5  2.7671E-01
13.8350996  7.2315E+00  3.293571  1834.6  2.7806E-01
13.8285370  7.3188E+00  3.289593  1842.6  2.7941E-01
13.8219588  7.4068E+00  3.285616  1850.7  2.8075E-01
13.8153649  7.4953E+00  3.281638  1858.7  2.8210E-01
13.8087556  7.5844E+00  3.277660  1866.7  2.8344E-01
13.8021310  7.6741E+00  3.273682  1874.7  2.8478E-01
13.7954911  7.7644E+00  3.269705  1882.6  2.8613E-01
13.7888363  7.8553E+00  3.265727  1890.6  2.8747E-01
13.7821666  7.9469E+00  3.261749  1898.5  2.8881E-01
13.7754820  8.0390E+00  3.257771  1906.4  2.9016E-01
13.7687827  8.1317E+00  3.253794  1914.3  2.9151E-01
13.7620689  8.2251E+00  3.249816  1922.1  2.9286E-01
13.7553405  8.3191E+00  3.245838  1930.0  2.9420E-01
13.7485978  8.4137E+00  3.241861  1937.8  2.9555E-01
13.7418409  8.5089E+00  3.237883  1945.6  2.9690E-01
13.7350700  8.6048E+00  3.233905  1953.4  2.9824E-01
13.7282851  8.7013E+00  3.229927  1961.1  2.9959E-01
13.7214865  8.7984E+00  3.225950  1968.9  3.0094E-01
13.7146742  8.8961E+00  3.221972  1976.6  3.0228E-01
13.7078483  8.9945E+00  3.217994  1984.3  3.0363E-01
13.7010090  9.0935E+00  3.214016  1992.0  3.0498E-01
13.6941564  9.1932E+00  3.210039  1999.7  3.0633E-01
13.6872902  9.2935E+00  3.206061  2007.3  3.0770E-01
13.6804106  9.3944E+00  3.202083  2015.0  3.0906E-01
13.6735178  9.4960E+00  3.198105  2022.6  3.1043E-01
13.6666117  9.5983E+00  3.194128  2030.3  3.1179E-01
13.6596926  9.7012E+00  3.190150  2037.9  3.1316E-01
13.6527606  9.8048E+00  3.186172  2045.5  3.1452E-01
13.6458158  9.9090E+00  3.182194  2053.0  3.1589E-01
13.6388583  1.0014E+01  3.178217  2060.6  3.1725E-01
13.6318883  1.0119E+01  3.174239  2068.2  3.1862E-01
13.6249059  1.0226E+01  3.170261  2075.7  3.1998E-01
13.6179111  1.0333E+01  3.166283  2083.3  3.2135E-01
13.6109042  1.0440E+01  3.162306  2090.8  3.2272E-01
13.6038852  1.0548E+01  3.158328  2098.4  3.2409E-01
13.5968543  1.0657E+01  3.154350  2105.9  3.2545E-01
13.5898115  1.0767E+01  3.150372  2113.4  3.2682E-01
13.5827570  1.0877E+01  3.146395  2120.9  3.2819E-01
13.5756909  1.0988E+01  3.142417  2128.4  3.2956E-01
13.5686134  1.1100E+01  3.138439  2135.9  3.3093E-01
13.5615245  1.1212E+01  3.134461  2143.4  3.3230E-01
13.5544244  1.1325E+01  3.130484  2150.8  3.3367E-01
13.5473131  1.1439E+01  3.126506  2158.3  3.3504E-01
13.5401909  1.1554E+01  3.122528  2165.8  3.3641E-01
13.5330578  1.1669E+01  3.118550  2173.2  3.3778E-01
13.5259139  1.1785E+01  3.114573  2180.7  3.3915E-01
13.5187591  1.1901E+01  3.110595  2188.2  3.4055E-01
13.5115932  1.2019E+01  3.106617  2195.6  3.4194E-01
13.5044164  1.2137E+01  3.102639  2203.1  3.4334E-01
13.4972288  1.2255E+01  3.098662  2210.5  3.4474E-01
13.4900306  1.2375E+01  3.094684  2218.0  3.4613E-01
13.4828217  1.2495E+01  3.090706  2225.4  3.4753E-01
13.4756024  1.2616E+01  3.086729  2232.9  3.4893E-01
13.4683727  1.2738E+01  3.082751  2240.3  3.5033E-01
13.4611328  1.2860E+01  3.078773  2247.8  3.5173E-01
13.4538828  1.2983E+01  3.074795  2255.2  3.5313E-01
13.4466228  1.3107E+01  3.070818  2262.7  3.5453E-01
13.4393528  1.3232E+01  3.066840  2270.1  3.5593E-01
13.4320731  1.3358E+01  3.062862  2277.6  3.5734E-01
13.4247836  1.3484E+01  3.058884  2285.0  3.5874E-01
13.4174847  1.3611E+01  3.054907  2292.5  3.6014E-01
13.4101764  1.3738E+01  3.050929  2299.9  3.6154E-01
13.4028588  1.3867E+01  3.046951  2307.4  3.6294E-01
13.3955321  1.3996E+01  3.042973  2314.8  3.6434E-01
13.3881963  1.4126E+01  3.038996  2322.3  3.6575E-01
13.3808515  1.4257E+01  3.035018  2329.8  3.6715E-01
13.3734979  1.4389E+01  3.031040  2337.3  3.6856E-01
13.3661356  1.4521E+01  3.027062  2344.7  3.6996E-01
13.3587646  1.4654E+01  3.023085  2352.2  3.7137E-01
13.3513851  1.4788E+01  3.019107  2359.7  3.7277E-01
13.3501544  1.4810E+01  3.018444  2361.0  3.7301E-01
13.3489234  1.4833E+01  3.017781  2362.2  3.7324E-01
13.3476922  1.4855E+01  3.017118  2363.5  3.7348E-01
13.3464608  1.4878E+01  3.016455  2364.7  3.7371E-01
13.3452291  1.4900E+01  3.015792  2366.0  3.7395E-01
13.3439972  1.4923E+01  3.015129  2367.2  3.7418E-01
13.3427651  1.4945E+01  3.014466  2368.5  3.7442E-01
13.3415327  1.4968E+01  3.013803  2369.7  3.7465E-01
13.3403001  1.4990E+01  3.013140  2371.0  3.7489E-01
13.3399919  1.4996E+01  3.012975  2371.3  3.7494E-01
13.3395605  1.5004E+01  3.012809  2371.6  1.2748E+00
13.3353673  1.5081E+01  3.012146  2374.4  1.2768E+00
13.3311691  1.5158E+01  3.011483  2377.1  1.2789E+00
13.3269661  1.5235E+01  3.010820  2379.8  1.2809E+00
13.3227582  1.5312E+01  3.010157  2382.5  1.2830E+00
13.3185455  1.5390E+01  3.009494  2385.2  1.2850E+00
13.3143279  1.5467E+01  3.008831  2387.9  1.2871E+00
13.3101054  1.5545E+01  3.008168  2390.5  1.2891E+00
13.3058782  1.5623E+01  3.007505  2393.2  1.2911E+00
13.3016461  1.5701E+01  3.006842  2395.8  1.2932E+00
13.2974093  1.5779E+01  3.006179  2398.4  1.2952E+00
13.2718883  1.6250E+01  3.002201  2414.1  1.3073E+00
13.2461990  1.6726E+01  2.998224  2429.6  1.3193E+00
13.2203447  1.7207E+01  2.994246  2445.2  1.3312E+00
13.1943288  1.7692E+01  2.990268  2461.0  1.3430E+00
13.1681546  1.8182E+01  2.986291  2477.3  1.3547E+00
13.1418254  1.8676E+01  2.982313  2494.0  1.3662E+00
13.1153435  1.9175E+01  2.978335  2511.2  1.3778E+00
13.0887099  1.9679E+01  2.974357  2528.5  1.3893E+00
13.0619274  2.0187E+01  2.970380  2545.8  1.4007E+00
13.0349990  2.0699E+01  2.966402  2562.9  1.4120E+00
13.0079276  2.1216E+01  2.962424  2579.8  1.4232E+00
12.9807159  2.1738E+01  2.958446  2596.2  1.4344E+00
12.9533666  2.2263E+01  2.954469  2612.0  1.4454E+00
12.9258823  2.2793E+01  2.950491  2627.2  1.4564E+00
12.8982650  2.3328E+01  2.946513  2641.9  1.4673E+00
12.8705172  2.3866E+01  2.942535  2656.1  1.4781E+00
12.8426395  2.4409E+01  2.938558  2669.8  1.4892E+00
12.8146282  2.4957E+01  2.934580  2683.2  1.5003E+00
12.7864855  2.5508E+01  2.930602  2696.3  1.5114E+00
12.7582137  2.6064E+01  2.926624  2709.1  1.5224E+00
12.7298152  2.6624E+01  2.922647  2721.8  1.5333E+00
12.7012922  2.7189E+01  2.918669  2734.4  1.5441E+00
12.6726472  2.7758E+01  2.914691  2746.8  1.5549E+00
12.6438824  2.8331E+01  2.910713  2759.2  1.5656E+00
12.6150003  2.8908E+01  2.906736  2771.5  1.5762E+00
12.5860029  2.9489E+01  2.902758  2783.8  1.5868E+00
12.5568923  3.0075E+01  2.898780  2796.1  1.5973E+00
12.5276708  3.0665E+01  2.894802  2808.5  1.6077E+00
12.4983402  3.1258E+01  2.890825  2820.9  1.6181E+00
12.4689027  3.1856E+01  2.886847  2833.3  1.6284E+00
12.4393603  3.2458E+01  2.882869  2845.8  1.6386E+00
12.4097150  3.3063E+01  2.878891  2858.4  1.6488E+00
12.3799687  3.3673E+01  2.874914  2871.2  1.6590E+00
12.3501241  3.4287E+01  2.870936  2884.0  1.6690E+00
12.3201830  3.4905E+01  2.866958  2897.0  1.6790E+00
12.2901474  3.5526E+01  2.862980  2910.2  1.6889E+00
12.2600192  3.6151E+01  2.859003  2923.5  1.6988E+00
12.2298000  3.6781E+01  2.855025  2937.1  1.7086E+00
12.1994919  3.7414E+01  2.851047  2950.8  1.7183E+00
12.1690964  3.8051E+01  2.847070  2964.8  1.7280E+00
12.1386153  3.8691E+01  2.843092  2979.0  1.7377E+00
12.1080505  3.9336E+01  2.839114  2993.4  1.7473E+00
12.0774029  3.9984E+01  2.835136  3008.1  1.7570E+00
12.0466714  4.0636E+01  2.831159  3023.0  1.7667E+00
12.0158572  4.1291E+01  2.827181  3038.0  1.7764E+00
11.9849619  4.1951E+01  2.823203  3053.0  1.7861E+00
11.9539872  4.2614E+01  2.819225  3068.0  1.7957E+00
11.9229348  4.3281E+01  2.815248  3082.8  1.8052E+00
11.8918061  4.3951E+01  2.811270  3097.4  1.8147E+00
11.8606027  4.4626E+01  2.807292  3111.7  1.8242E+00
11.8293262  4.5303E+01  2.803314  3125.6  1.8336E+00
11.7979780  4.5985E+01  2.799337  3139.1  1.8430E+00
11.7665606  4.6670E+01  2.795359  3152.1  1.8522E+00
11.7350770  4.7359E+01  2.791381  3164.6  1.8613E+00
11.7035316  4.8051E+01  2.787403  3176.4  1.8702E+00
11.6719261  4.8746E+01  2.783426  3187.6  1.8790E+00
11.6402620  4.9445E+01  2.779448  3198.1  1.8879E+00
11.6085407  5.0147E+01  2.775470  3208.2  1.8967E+00
11.5767635  5.0853E+01  2.771492  3217.9  1.9054E+00
11.5449319  5.1562E+01  2.767515  3227.2  1.9141E+00
11.5130473  5.2274E+01  2.763537  3236.2  1.9228E+00
11.4811109  5.2989E+01  2.759559  3245.0  1.9314E+00
11.4491242  5.3708E+01  2.755581  3253.7  1.9400E+00
11.4170884  5.4430E+01  2.751604  3262.4  1.9486E+00
11.3850049  5.5156E+01  2.747626  3271.0  1.9571E+00
11.3528749  5.5884E+01  2.743648  3279.7  1.9656E+00
11.3206998  5.6616E+01  2.739670  3288.6  1.9740E+00
11.2884813  5.7351E+01  2.735693  3297.6  1.9823E+00
11.2562220  5.8089E+01  2.731715  3306.8  1.9906E+00
11.2239233  5.8830E+01  2.727737  3316.3  1.9988E+00
11.1915864  5.9574E+01  2.723759  3326.1  2.0070E+00
11.1592125  6.0322E+01  2.719782  3336.2  2.0151E+00
11.1268028  6.1072E+01  2.715804  3346.5  2.0232E+00
11.0943585  6.1825E+01  2.711826  3357.1  2.0313E+00
11.0618807  6.2582E+01  2.707849  3367.9  2.0393E+00
11.0293706  6.3341E+01  2.703871  3378.9  2.0473E+00
10.9968294  6.4103E+01  2.699893  3390.1  2.0553E+00
10.9642582  6.4869E+01  2.695915  3401.5  2.0632E+00
10.9316580  6.5637E+01  2.691938  3413.0  2.0711E+00
10.8990301  6.6408E+01  2.687960  3424.8  2.0790E+00
10.8663755  6.7182E+01  2.683982  3436.6  2.0868E+00
10.8336955  6.7959E+01  2.680004  3448.7  2.0946E+00
10.8009924  6.8739E+01  2.676027  3460.8  2.1022E+00
10.7682675  6.9521E+01  2.672049  3473.1  2.1099E+00
10.7355216  7.0306E+01  2.668071  3485.4  2.1175E+00
10.7027560  7.1095E+01  2.664093  3497.9  2.1251E+00
10.6699715  7.1885E+01  2.660116  3510.4  2.1326E+00
10.6371692  7.2679E+01  2.656138  3523.0  2.1401E+00
10.6043502  7.3475E+01  2.652160  3535.7  2.1476E+00
10.5715154  7.4275E+01  2.648182  3548.5  2.1551E+00
10.5386658  7.5076E+01  2.644205  3561.2  2.1625E+00
10.5058024  7.5881E+01  2.640227  3574.1  2.1699E+00
10.4729261  7.6688E+01  2.636249  3586.9  2.1773E+00
10.4400380  7.7498E+01  2.632271  3599.7  2.1846E+00
10.4071390  7.8310E+01  2.628294  3612.6  2.1919E+00
10.3742313  7.9125E+01  2.624316  3625.4  2.1991E+00
10.3413161  7.9942E+01  2.620338  3638.2  2.2063E+00
10.3083943  8.0762E+01  2.616360  3651.0  2.2134E+00
10.2754668  8.1585E+01  2.612383  3663.8  2.2205E+00
10.2425345  8.2410E+01  2.608405  3676.5  2.2275E+00
10.2095983  8.3238E+01  2.604427  3689.2  2.2346E+00
10.1766591  8.4068E+01  2.600449  3701.8  2.2416E+00
10.1437177  8.4900E+01  2.596472  3714.3  2.2486E+00
10.1107751  8.5735E+01  2.592494  3726.8  2.2556E+00
10.0778320  8.6572E+01  2.588516  3739.2  2.2625E+00
10.0448893  8.7412E+01  2.584538  3751.5  2.2694E+00
10.0119478  8.8254E+01  2.580561  3763.7  2.2763E+00
 9.9790084  8.9099E+01  2.576583  3775.8  2.2832E+00
 9.9460715  8.9946E+01  2.572605  3787.8  2.2900E+00
 9.9131380  9.0795E+01  2.568628  3799.7  2.2969E+00
 9.8802085  9.1647E+01  2.564650  3811.5  2.3037E+00
 9.8472841  9.2501E+01  2.560672  3823.2  2.3105E+00
 9.8143654  9.3357E+01  2.556694  3834.7  2.3172E+00
 9.7814532  9.4216E+01  2.552717  3846.2  2.3240E+00
 9.7485465  9.5076E+01  2.548739  3857.4  2.3310E+00
 9.7156418  9.5940E+01  2.544761  3868.6  2.3382E+00
 9.6827396  9.6806E+01  2.540783  3879.6  2.3453E+00
 9.6498408  9.7674E+01  2.536806  3890.4  2.3524E+00
 9.6169460  9.8544E+01  2.532828  3901.1  2.3595E+00
 9.5840561  9.9417E+01  2.528850  3911.7  2.3665E+00
 9.5511718  1.0029E+02  2.524872  3922.0  2.3735E+00
 9.5182938  1.0117E+02  2.520895  3932.3  2.3806E+00
 9.4854230  1.0205E+02  2.516917  3942.3  2.3875E+00
 9.4525602  1.0293E+02  2.512939  3952.2  2.3945E+00
 9.4197067  1.0382E+02  2.508961  3961.9  2.4014E+00
 9.3868632  1.0470E+02  2.504984  3971.5  2.4082E+00
 9.3540303  1.0559E+02  2.501006  3980.8  2.4151E+00
 9.3212089  1.0648E+02  2.497028  3990.0  2.4219E+00
 9.2883996  1.0738E+02  2.493050  3999.1  2.4287E+00
 9.2556032  1.0827E+02  2.489073  4007.9  2.4355E+00
 9.2228203  1.0917E+02  2.485095  4016.7  2.4423E+00
 9.1900516  1.1007E+02  2.481117  4025.4  2.4490E+00
 9.1572978  1.1097E+02  2.477139  4033.9  2.4558E+00
 9.1245596  1.1188E+02  2.473162  4042.3  2.4625E+00
 9.0918377  1.1278E+02  2.469184  4050.7  2.4692E+00
 9.0591327  1.1369E+02  2.465206  4058.9  2.4758E+00
 9.0264453  1.1460E+02  2.461228  4067.1  2.4825E+00
 8.9937761  1.1552E+02  2.457251  4075.2  2.4891E+00
 8.9611259  1.1643E+02  2.453273  4083.3  2.4957E+00
 8.9284952  1.1735E+02  2.449295  4091.3  2.5023E+00
 8.8958847  1.1827E+02  2.445317  4099.3  2.5089E+00
 8.8632950  1.1919E+02  2.441340  4107.3  2.5154E+00
 8.8307268  1.2011E+02  2.437362  4115.2  2.5219E+00
 8.7981807  1.2104E+02  2.433384  4123.1  2.5285E+00
 8.7656573  1.2197E+02  2.429407  4131.0  2.5349E+00
 8.7331572  1.2289E+02  2.425429  4138.9  2.5414E+00
 8.7006811  1.2383E+02  2.421451  4146.8  2.5479E+00
 8.6682296  1.2476E+02  2.417473  4154.7  2.5543E+00
 8.6358033  1.2569E+02  2.413496  4162.7  2.5607E+00
 8.6034027  1.2663E+02  2.409518  4170.7  2.5671E+00
 8.5710286  1.2757E+02  2.405540  4178.7  2.5735E+00
 8.5386814  1.2851E+02  2.401562  4186.7  2.5798E+00
 8.5063618  1.2945E+02  2.397585  4194.8  2.5862E+00
 8.4740702  1.3040E+02  2.393607  4202.9  2.5925E+00
 8.4418074  1.3134E+02  2.389629  4211.1  2.5988E+00
 8.4095738  1.3229E+02  2.385651  4219.3  2.6051E+00
 8.3773701  1.3324E+02  2.381674  4227.5  2.6114E+00
 8.3451967  1.3419E+02  2.377696  4235.8  2.6176E+00
 8.3130543  1.3515E+02  2.373718  4244.1  2.6238E+00
 8.2809433  1.3610E+02  2.369740  4252.5  2.6301E+00
 8.2488643  1.3706E+02  2.365763  4260.9  2.6362E+00
 8.2168179  1.3802E+02  2.361785  4269.4  2.6424E+00
 8.1848046  1.3898E+02  2.357807  4277.9  2.6486E+00
 8.1528249  1.3994E+02  2.353829  4286.4  2.6547E+00
 8.1208794  1.4090E+02  2.349852  4295.0  2.6609E+00
 8.0889685  1.4187E+02  2.345874  4303.7  2.6670E+00
 8.0570928  1.4284E+02  2.341896  4312.4  2.6731E+00
 8.0252528  1.4381E+02  2.337918  4321.1  2.6791E+00
 7.9934490  1.4478E+02  2.333941  4329.9  2.6852E+00
 7.9616822  1.4575E+02  2.329963  4338.8  2.6912E+00
 7.9299528  1.4672E+02  2.325985  4347.7  2.6972E+00
 7.8982614  1.4770E+02  2.322007  4356.6  2.7032E+00
 7.8666085  1.4868E+02  2.318030  4365.6  2.7092E+00
 7.8349945  1.4966E+02  2.314052  4374.7  2.7151E+00
 7.8034200  1.5064E+02  2.310074  4383.8  2.7211E+00
 7.7718854  1.5162E+02  2.306096  4393.0  2.7270E+00
 7.7403911  1.5260E+02  2.302119  4402.2  2.7329E+00
 7.7089377  1.5359E+02  2.298141  4411.5  2.7388E+00
 7.6775256  1.5457E+02  2.294163  4420.8  2.7447E+00
 7.6461553  1.5556E+02  2.290186  4430.2  2.7505E+00
 7.6148273  1.5655E+02  2.286208  4439.7  2.7564E+00
 7.5835419  1.5754E+02  2.282230  4449.1  2.7622E+00
 7.5522997  1.5854E+02  2.278252  4458.6  2.7680E+00
 7.5211010  1.5953E+02  2.274275  4468.1  2.7738E+00
 7.4899464  1.6052E+02  2.270297  4477.7  2.7796E+00
 7.4588362  1.6152E+02  2.266319  4487.2  2.7853E+00
 7.4277710  1.6252E+02  2.262341  4496.7  2.7911E+00
 7.3967511  1.6352E+02  2.258364  4506.2  2.7968E+00
 7.3657769  1.6452E+02  2.254386  4515.6  2.8025E+00
 7.3348489  1.6552E+02  2.250408  4525.0  2.8082E+00
 7.3039675  1.6653E+02  2.246430  4534.4  2.8139E+00
 7.2731337  1.6753E+02  2.242453  4543.8  2.8195E+00
 7.2423485  1.6854E+02  2.238475  4553.1  2.8250E+00
 7.2116122  1.6955E+02  2.234497  4562.3  2.8305E+00
 7.1809254  1.7055E+02  2.230519  4571.4  2.8361E+00
 7.1502884  1.7156E+02  2.226542  4580.5  2.8416E+00
 7.1197015  1.7258E+02  2.222564  4589.5  2.8471E+00
 7.0891653  1.7359E+02  2.218586  4598.4  2.8525E+00
 7.0586800  1.7460E+02  2.214608  4607.2  2.8580E+00
 7.0282460  1.7562E+02  2.210631  4615.9  2.8634E+00
 6.9978637  1.7663E+02  2.206653  4624.5  2.8689E+00
 6.9675336  1.7765E+02  2.202675  4633.0  2.8743E+00
 6.9372558  1.7867E+02  2.198697  4641.4  2.8797E+00
 6.9070310  1.7969E+02  2.194720  4649.6  2.8850E+00
 6.8768593  1.8071E+02  2.190742  4657.7  2.8904E+00
 6.8467411  1.8173E+02  2.186764  4665.7  2.8958E+00
 6.8166768  1.8276E+02  2.182786  4673.5  2.9011E+00
 6.7866668  1.8378E+02  2.178809  4681.2  2.9064E+00
 6.7567114  1.8481E+02  2.174831  4688.8  2.9117E+00
 6.7268108  1.8583E+02  2.170853  4696.2  2.9171E+00
 6.6969643  1.8686E+02  2.166875  4703.4  2.9225E+00
 6.6671721  1.8789E+02  2.162898  4710.4  2.9279E+00
 6.6374346  1.8892E+02  2.158920  4717.3  2.9333E+00
 6.6077522  1.8995E+02  2.154942  4724.1  2.9387E+00
 6.5781251  1.9098E+02  2.150964  4730.7  2.9440E+00
 6.5485537  1.9202E+02  2.146987  4737.2  2.9494E+00
 6.5190384  1.9305E+02  2.143009  4743.6  2.9547E+00
 6.4895794  1.9408E+02  2.139031  4749.8  2.9600E+00
 6.4601771  1.9512E+02  2.135054  4756.0  2.9653E+00
 6.4308319  1.9616E+02  2.131076  4762.0  2.9706E+00
 6.4015440  1.9720E+02  2.127098  4767.9  2.9759E+00
 6.3723137  1.9824E+02  2.123120  4773.8  2.9811E+00
 6.3431415  1.9928E+02  2.119143  4779.6  2.9864E+00
 6.3140275  2.0032E+02  2.115165  4785.3  2.9916E+00
 6.2849721  2.0136E+02  2.111187  4791.0  2.9968E+00
 6.2559756  2.0240E+02  2.107209  4796.6  3.0020E+00
 6.2270383  2.0345E+02  2.103232  4802.1  3.0072E+00
 6.1981605  2.0449E+02  2.099254  4807.6  3.0124E+00
 6.1693425  2.0554E+02  2.095276  4813.1  3.0176E+00
 6.1405846  2.0658E+02  2.091298  4818.5  3.0227E+00
 6.1118871  2.0763E+02  2.087321  4823.9  3.0279E+00
 6.0832502  2.0868E+02  2.083343  4829.3  3.0330E+00
 6.0546742  2.0973E+02  2.079365  4834.7  3.0381E+00
 6.0261595  2.1078E+02  2.075387  4840.0  3.0432E+00
 5.9977063  2.1183E+02  2.071410  4845.4  3.0483E+00
 5.9693149  2.1288E+02  2.067432  4850.8  3.0534E+00
 5.9409855  2.1393E+02  2.063454  4856.1  3.0584E+00
 5.9127185  2.1499E+02  2.059476  4861.5  3.0635E+00
 5.8845140  2.1604E+02  2.055499  4866.9  3.0685E+00
 5.8563724  2.1709E+02  2.051521  4872.4  3.0735E+00
 5.8282939  2.1815E+02  2.047543  4877.8  3.0785E+00
 5.8002787  2.1921E+02  2.043565  4883.3  3.0835E+00
 5.7723272  2.2026E+02  2.039588  4888.9  3.0885E+00
 5.7444396  2.2132E+02  2.035610  4894.5  3.0935E+00
 5.7166161  2.2238E+02  2.031632  4900.1  3.0985E+00
 5.6888569  2.2344E+02  2.027654  4905.8  3.1034E+00
 5.6611624  2.2450E+02  2.023677  4911.5  3.1084E+00
 5.6335328  2.2556E+02  2.019699  4917.3  3.1133E+00
 5.6059682  2.2662E+02  2.015721  4923.2  3.1182E+00
 5.5784690  2.2768E+02  2.011743  4929.1  3.1231E+00
 5.5510354  2.2874E+02  2.007766  4935.1  3.1280E+00
 5.5236676  2.2981E+02  2.003788  4941.2  3.1329E+00
 5.4963658  2.3087E+02  1.999810  4947.3  3.1377E+00
 5.4691303  2.3194E+02  1.995833  4953.6  3.1426E+00
 5.4419612  2.3300E+02  1.991855  4959.8  3.1474E+00
 5.4148589  2.3407E+02  1.987877  4966.2  3.1522E+00
 5.3878235  2.3513E+02  1.983899  4972.6  3.1571E+00
 5.3608551  2.3620E+02  1.979922  4979.1  3.1619E+00
 5.3339542  2.3727E+02  1.975944  4985.6  3.1667E+00
 5.3071207  2.3833E+02  1.971966  4992.2  3.1714E+00
 5.2803550  2.3940E+02  1.967988  4998.8  3.1762E+00
 5.2536572  2.4047E+02  1.964011  5005.5  3.1810E+00
 5.2270276  2.4154E+02  1.960033  5012.3  3.1857E+00
 5.2004663  2.4261E+02  1.956055  5019.1  3.1905E+00
 5.1739736  2.4368E+02  1.952077  5026.0  3.1952E+00
 5.1475497  2.4475E+02  1.948100  5033.0  3.1999E+00
 5.1211946  2.4582E+02  1.944122  5040.0  3.2046E+00
 5.0949088  2.4689E+02  1.940144  5047.0  3.2093E+00
 5.0686922  2.4797E+02  1.936166  5054.2  3.2140E+00
 5.0425452  2.4904E+02  1.932189  5061.3  3.2186E+00
 5.0164678  2.5011E+02  1.928211  5068.5  3.2233E+00
 4.9904604  2.5119E+02  1.924233  5075.8  3.2279E+00
 4.9645229  2.5226E+02  1.920255  5083.1  3.2326E+00
 4.9386558  2.5333E+02  1.916278  5090.5  3.2372E+00
 4.9128590  2.5441E+02  1.912300  5097.9  3.2418E+00
 4.8871328  2.5548E+02  1.908322  5105.4  3.2464E+00
 4.8614774  2.5656E+02  1.904344  5112.9  3.2510E+00
 4.8358929  2.5763E+02  1.900367  5120.5  3.2556E+00
 4.8103795  2.5871E+02  1.896389  5128.1  3.2601E+00
 4.7849373  2.5979E+02  1.892411  5135.8  3.2647E+00
 4.7595666  2.6086E+02  1.888433  5143.5  3.2692E+00
 4.7342674  2.6194E+02  1.884456  5151.2  3.2738E+00
 4.7090400  2.6302E+02  1.880478  5159.0  3.2783E+00
 4.6838844  2.6410E+02  1.876500  5166.9  3.2828E+00
 4.6588009  2.6517E+02  1.872522  5174.8  3.2873E+00
 4.6337895  2.6625E+02  1.868545  5182.7  3.2918E+00
 4.6088505  2.6733E+02  1.864567  5190.7  3.2962E+00
 4.5839840  2.6841E+02  1.860589  5198.7  3.3007E+00
 4.5591899  2.6949E+02  1.856612  5206.7  3.3052E+00
 4.5344685  2.7057E+02  1.852634  5214.8  3.3097E+00
 4.5098198  2.7165E+02  1.848656  5223.0  3.3141E+00
 4.4852440  2.7272E+02  1.844678  5231.2  3.3186E+00
 4.4607412  2.7380E+02  1.840701  5239.4  3.3230E+00
 4.4363115  2.7488E+02  1.836723  5247.6  3.3274E+00
 4.4119552  2.7596E+02  1.832745  5255.9  3.3318E+00
 4.3876723  2.7704E+02  1.828767  5264.3  3.3362E+00
 4.3634629  2.7813E+02  1.824790  5272.6  3.3406E+00
 4.3393271  2.7921E+02  1.820812  5281.0  3.3450E+00
 4.3152652  2.8029E+02  1.816834  5289.5  3.3493E+00
 4.2912772  2.8137E+02  1.812856  5297.9  3.3537E+00
 4.2673632  2.8245E+02  1.808879  5306.4  3.3581E+00
 4.2435233  2.8353E+02  1.804901  5314.9  3.3624E+00
 4.2197577  2.8461E+02  1.800923  5323.4  3.3667E+00
 4.1960665  2.8569E+02  1.796945  5331.9  3.3710E+00
 4.1724497  2.8677E+02  1.792968  5340.4  3.3753E+00
 4.1489076  2.8785E+02  1.788990  5349.0  3.3796E+00
 4.1254401  2.8894E+02  1.785012  5357.5  3.3839E+00
 4.1020475  2.9002E+02  1.781034  5366.1  3.3882E+00
 4.0787297  2.9110E+02  1.777057  5374.7  3.3924E+00
 4.0554870  2.9218E+02  1.773079  5383.2  3.3967E+00
 4.0323194  2.9326E+02  1.769101  5391.8  3.4009E+00
 4.0092269  2.9434E+02  1.765123  5400.4  3.4052E+00
 3.9862098  2.9543E+02  1.761146  5408.9  3.4094E+00
 3.9632680  2.9651E+02  1.757168  5417.5  3.4136E+00
 3.9404018  2.9759E+02  1.753190  5426.0  3.4178E+00
 3.9176111  2.9867E+02  1.749212  5434.5  3.4220E+00
 3.8948960  2.9975E+02  1.745235  5443.0  3.4262E+00
 3.8722566  3.0083E+02  1.741257  5451.5  3.4304E+00
 3.8496928  3.0191E+02  1.737279  5460.0  3.4346E+00
 3.8272046  3.0300E+02  1.733301  5468.4  3.4388E+00
 3.8047921  3.0408E+02  1.729324  5476.9  3.4429E+00
 3.7824555  3.0516E+02  1.725346  5485.3  3.4471E+00
 3.7601947  3.0624E+02  1.721368  5493.6  3.4513E+00
 3.7380098  3.0732E+02  1.717391  5502.0  3.4554E+00
 3.7159010  3.0840E+02  1.713413  5510.3  3.4596E+00
 3.6938683  3.0948E+02  1.709435  5518.6  3.4637E+00
 3.6719117  3.1056E+02  1.705457  5526.9  3.4678E+00
 3.6500314  3.1164E+02  1.701480  5535.1  3.4719E+00
 3.6282274  3.1273E+02  1.697502  5543.3  3.4760E+00
 3.6064997  3.1381E+02  1.693524  5551.4  3.4801E+00
 3.5848484  3.1489E+02  1.689546  5559.5  3.4842E+00
 3.5632737  3.1597E+02  1.685569  5567.6  3.4883E+00
 3.5417755  3.1705E+02  1.681591  5575.6  3.4923E+00
 3.5203539  3.1813E+02  1.677613  5583.5  3.4964E+00
 3.4990089  3.1921E+02  1.673635  5591.5  3.5004E+00
 3.4777406  3.2029E+02  1.669658  5599.4  3.5045E+00
 3.4565491  3.2136E+02  1.665680  5607.2  3.5085E+00
 3.4354345  3.2244E+02  1.661702  5615.0  3.5125E+00
 3.4143966  3.2352E+02  1.657724  5622.7  3.5165E+00
 3.3934357  3.2460E+02  1.653747  5630.3  3.5205E+00
 3.3725517  3.2568E+02  1.649769  5638.0  3.5245E+00
 3.3517447  3.2676E+02  1.645791  5645.5  3.5284E+00
 3.3310147  3.2784E+02  1.641813  5653.0  3.5324E+00
 3.3103618  3.2891E+02  1.637836  5660.5  3.5364E+00
 3.2897860  3.2999E+02  1.633858  5667.8  3.5403E+00
 3.2692873  3.3107E+02  1.629880  5675.2  3.5442E+00
 3.2488658  3.3214E+02  1.625902  5682.4  3.5482E+00
 3.2285215  3.3322E+02  1.621925  5689.6  3.5521E+00
 3.2082544  3.3430E+02  1.617947  5696.7  3.5560E+00
 3.1880640  3.3537E+02  1.613969  5703.8  3.5600E+00
 3.1679504  3.3645E+02  1.609991  5710.8  3.5640E+00
 3.1479135  3.3752E+02  1.606014  5717.7  3.5680E+00
 3.1279533  3.3860E+02  1.602036  5724.6  3.5720E+00
 3.1080700  3.3967E+02  1.598058  5731.4  3.5760E+00
 3.0882635  3.4075E+02  1.594080  5738.1  3.5799E+00
 3.0685338  3.4182E+02  1.590103  5744.7  3.5839E+00
 3.0488810  3.4290E+02  1.586125  5751.3  3.5878E+00
 3.0293051  3.4397E+02  1.582147  5757.9  3.5917E+00
 3.0098062  3.4504E+02  1.578170  5764.3  3.5956E+00
 2.9903841  3.4612E+02  1.574192  5770.7  3.5995E+00
 2.9710390  3.4719E+02  1.570214  5777.1  3.6034E+00
 2.9517708  3.4826E+02  1.566236  5783.3  3.6073E+00
 2.9325796  3.4933E+02  1.562259  5789.5  3.6112E+00
 2.9134654  3.5040E+02  1.558281  5795.7  3.6151E+00
 2.8944282  3.5147E+02  1.554303  5801.7  3.6189E+00
 2.8754679  3.5254E+02  1.550325  5807.8  3.6228E+00
 2.8565847  3.5361E+02  1.546348  5813.7  3.6266E+00
 2.8377785  3.5468E+02  1.542370  5819.6  3.6305E+00
 2.8190492  3.5575E+02  1.538392  5825.4  3.6343E+00
 2.8003970  3.5682E+02  1.534414  5831.1  3.6381E+00
 2.7818218  3.5789E+02  1.530437  5836.8  3.6419E+00
 2.7633236  3.5896E+02  1.526459  5842.5  3.6457E+00
 2.7449023  3.6003E+02  1.522481  5848.0  3.6495E+00
 2.7265581  3.6109E+02  1.518503  5853.5  3.6533E+00
 2.7082902  3.6216E+02  1.514526  5858.9  3.6572E+00
 2.6900987  3.6323E+02  1.510548  5864.3  3.6611E+00
 2.6719836  3.6429E+02  1.506570  5869.6  3.6650E+00
 2.6539449  3.6536E+02  1.502592  5874.9  3.6689E+00
 2.6359826  3.6642E+02  1.498615  5880.1  3.6727E+00
 2.6180966  3.6749E+02  1.494637  5885.2  3.6766E+00
 2.6002869  3.6855E+02  1.490659  5890.2  3.6804E+00
 2.5825536  3.6961E+02  1.486681  5895.2  3.6842E+00
 2.5648966  3.7068E+02  1.482704  5900.2  3.6880E+00
 2.5473159  3.7174E+02  1.478726  5905.0  3.6919E+00
 2.5298115  3.7280E+02  1.474748  5909.9  3.6957E+00
 2.5123834  3.7386E+02  1.470770  5914.6  3.6995E+00
 2.4950315  3.7492E+02  1.466793  5919.3  3.7032E+00
 2.4777559  3.7598E+02  1.462815  5923.9  3.7070E+00
 2.4605566  3.7704E+02  1.458837  5928.5  3.7107E+00
 2.4434339  3.7810E+02  1.454859  5933.0  3.7144E+00
 2.4263875  3.7916E+02  1.450882  5937.5  3.7181E+00
 2.4094175  3.8022E+02  1.446904  5941.9  3.7218E+00
 2.3925239  3.8128E+02  1.442926  5946.2  3.7255E+00
 2.3757066  3.8233E+02  1.438949  5950.5  3.7291E+00
 2.3589655  3.8339E+02  1.434971  5954.7  3.7328E+00
 2.3423007  3.8445E+02  1.430993  5958.8  3.7364E+00
 2.3257121  3.8550E+02  1.427015  5962.9  3.7401E+00
 2.3091997  3.8656E+02  1.423038  5967.0  3.7437E+00
 2.2927634  3.8761E+02  1.419060  5970.9  3.7473E+00
 2.2764032  3.8866E+02  1.415082  5974.9  3.7510E+00
 2.2601190  3.8972E+02  1.411104  5978.7  3.7546E+00
 2.2439108  3.9077E+02  1.407127  5982.5  3.7582E+00
 2.2277786  3.9182E+02  1.403149  5986.3  3.7618E+00
 2.2117222  3.9287E+02  1.399171  5990.0  3.7653E+00
 2.1957417  3.9392E+02  1.395193  5993.6  3.7689E+00
 2.1798370  3.9497E+02  1.391216  5997.2  3.7725E+00
 2.1640081  3.9602E+02  1.387238  6000.7  3.7761E+00
 2.1482548  3.9707E+02  1.383260  6004.2  3.7796E+00
 2.1325772  3.9812E+02  1.379282  6007.6  3.7831E+00
 2.1169751  3.9917E+02  1.375305  6010.9  3.7867E+00
 2.1014486  4.0021E+02  1.371327  6014.2  3.7902E+00
 2.0859975  4.0126E+02  1.367349  6017.5  3.7937E+00
 2.0706219  4.0230E+02  1.363371  6020.6  3.7972E+00
 2.0553215  4.0335E+02  1.359394  6023.8  3.8007E+00
 2.0400965  4.0439E+02  1.355416  6026.9  3.8042E+00
 2.0249466  4.0544E+02  1.351438  6029.9  3.8077E+00
 2.0098719  4.0648E+02  1.347460  6032.9  3.8112E+00
 1.9948723  4.0752E+02  1.343483  6035.8  3.8147E+00
 1.9799477  4.0856E+02  1.339505  6038.6  3.8181E+00
 1.9650980  4.0960E+02  1.335527  6041.4  3.8216E+00
 1.9503231  4.1064E+02  1.331549  6044.2  3.8250E+00
 1.9356231  4.1168E+02  1.327572  6046.9  3.8285E+00
 1.9209978  4.1272E+02  1.323594  6049.6  3.8319E+00
 1.9064471  4.1376E+02  1.319616  6052.2  3.8353E+00
 1.8919710  4.1479E+02  1.315638  6054.8  3.8387E+00
 1.8775693  4.1583E+02  1.311661  6057.4  3.8421E+00
 1.8632421  4.1686E+02  1.307683  6059.9  3.8455E+00
 1.8489892  4.1790E+02  1.303705  6062.4  3.8489E+00
 1.8348105  4.1893E+02  1.299728  6064.8  3.8523E+00
 1.8207059  4.1997E+02  1.295750  6067.2  3.8557E+00
 1.8066755  4.2100E+02  1.291772  6069.6  3.8591E+00
 1.7927190  4.2203E+02  1.287794  6071.9  3.8624E+00
 1.7788364  4.2306E+02  1.283817  6074.2  3.8658E+00
 1.7650276  4.2409E+02  1.279839  6076.5  3.8691E+00
 1.7512926  4.2512E+02  1.275861  6078.7  3.8724E+00
 1.7376311  4.2615E+02  1.271883  6080.9  3.8758E+00
 1.7240432  4.2718E+02  1.267906  6083.1  3.8791E+00
 1.7105288  4.2821E+02  1.263928  6085.3  3.8824E+00
 1.6970876  4.2923E+02  1.259950  6087.4  3.8857E+00
 1.6837197  4.3026E+02  1.255972  6089.6  3.8890E+00
 1.6704250  4.3129E+02  1.251995  6091.7  3.8923E+00
 1.6572033  4.3231E+02  1.248017  6093.7  3.8956E+00
 1.6440545  4.3333E+02  1.244039  6095.8  3.8989E+00
 1.6309786  4.3436E+02  1.240061  6097.8  3.9021E+00
 1.6179755  4.3538E+02  1.236084  6099.9  3.9054E+00
 1.6050449  4.3640E+02  1.232106  6101.9  3.9087E+00
 1.5921869  4.3742E+02  1.228128  6103.9  3.9119E+00
 1.5794013  4.3844E+02  1.224150  6105.8  3.9151E+00
 1.5666881  4.3946E+02  1.220173  6107.8  3.9184E+00
 1.5540470  4.4048E+02  1.216195  6109.7  3.9216E+00
 1.5414780  4.4150E+02  1.212217  6111.7  3.9248E+00
 1.5289811  4.4251E+02  1.208239  6113.6  3.9280E+00
 1.5165560  4.4353E+02  1.204262  6115.5  3.9312E+00
 1.5042026  4.4455E+02  1.200284  6117.5  3.9344E+00
 1.4919209  4.4556E+02  1.196306  6119.4  3.9376E+00
 1.4797107  4.4657E+02  1.192328  6121.3  3.9408E+00
 1.4675719  4.4759E+02  1.188351  6123.2  3.9440E+00
 1.4555044  4.4860E+02  1.184373  6125.0  3.9472E+00
 1.4435081  4.4961E+02  1.180395  6126.9  3.9503E+00
 1.4315828  4.5062E+02  1.176417  6128.8  3.9535E+00
 1.4197285  4.5163E+02  1.172440  6130.7  3.9566E+00
 1.4079449  4.5264E+02  1.168462  6132.6  3.9598E+00
 1.3962321  4.5365E+02  1.164484  6134.5  3.9629E+00
 1.3845897  4.5466E+02  1.160507  6136.3  3.9660E+00
 1.3730178  4.5567E+02  1.156529  6138.2  3.9691E+00
 1.3615162  4.5667E+02  1.152551  6140.1  3.9723E+00
 1.3500848  4.5768E+02  1.148573  6142.0  3.9754E+00
 1.3387234  4.5868E+02  1.144596  6143.9  3.9785E+00
 1.3274319  4.5969E+02  1.140618  6145.8  3.9816E+00
 1.3162102  4.6069E+02  1.136640  6147.7  3.9847E+00
 1.3050581  4.6170E+02  1.132662  6149.6  3.9877E+00
 1.2939755  4.6270E+02  1.128685  6151.5  3.9908E+00
 1.2829623  4.6370E+02  1.124707  6153.4  3.9939E+00
 1.2720183  4.6470E+02  1.120729  6155.3  3.9969E+00
 1.2611434  4.6570E+02  1.116751  6157.3  4.0000E+00
 1.2503374  4.6670E+02  1.112774  6159.2  4.0030E+00
 1.2396003  4.6770E+02  1.108796  6161.2  4.0061E+00
 1.2289318  4.6870E+02  1.104818  6163.1  4.0091E+00
 1.2183319  4.6969E+02  1.100840  6165.1  4.0122E+00
 1.2078003  4.7069E+02  1.096863  6167.1  4.0152E+00
 1.1973370  4.7169E+02  1.092885  6169.1  4.0182E+00
 1.1869418  4.7268E+02  1.088907  6171.1  4.0212E+00
 1.1766145  4.7368E+02  1.084929  6173.1  4.0242E+00
 1.1663550  4.7467E+02  1.080952  6175.1  4.0272E+00
 1.1561632  4.7566E+02  1.076974  6177.2  4.0302E+00
 1.1460388  4.7666E+02  1.072996  6179.2  4.0332E+00
 1.1359818  4.7765E+02  1.069018  6181.3  4.0362E+00
 1.1259920  4.7864E+02  1.065041  6183.4  4.0392E+00
 1.1160693  4.7963E+02  1.061063  6185.5  4.0421E+00
 1.1062134  4.8062E+02  1.057085  6187.7  4.0451E+00
 1.0964242  4.8161E+02  1.053107  6189.8  4.0481E+00
 1.0867017  4.8260E+02  1.049130  6192.0  4.0510E+00
 1.0770455  4.8359E+02  1.045152  6194.2  4.0540E+00
 1.0674556  4.8458E+02  1.041174  6196.4  4.0569E+00
 1.0579318  4.8556E+02  1.037196  6198.6  4.0598E+00
 1.0484740  4.8655E+02  1.033219  6200.8  4.0628E+00
 1.0390819  4.8754E+02  1.029241  6203.1  4.0657E+00
 1.0297554  4.8852E+02  1.025263  6205.4  4.0686E+00
 1.0204944  4.8951E+02  1.021286  6207.7  4.0715E+00
 1.0112986  4.9049E+02  1.017308  6210.0  4.0744E+00
 1.0021680  4.9148E+02  1.013330  6212.4  4.0773E+00
 0.9931023  4.9246E+02  1.009352  6214.8  4.0802E+00
 0.9841015  4.9344E+02  1.005375  6217.2  4.0831E+00
 0.9751652  4.9443E+02  1.001397  6219.6  4.0860E+00
 0.9662934  4.9541E+02  0.997419  6222.0  4.0889E+00
 0.9574858  4.9639E+02  0.993441  6224.5  4.0918E+00
 0.9487424  4.9737E+02  0.989464  6227.0  4.0947E+00
 0.9400629  4.9835E+02  0.985486  6229.5  4.0975E+00
 0.9314472  4.9933E+02  0.981508  6232.0  4.1004E+00
 0.9228950  5.0031E+02  0.977530  6234.6  4.1033E+00
 0.9144063  5.0129E+02  0.973553  6237.1  4.1061E+00
 0.9059807  5.0227E+02  0.969575  6239.7  4.1090E+00
 0.8976183  5.0325E+02  0.965597  6242.3  4.1118E+00
 0.8893187  5.0423E+02  0.961619  6245.0  4.1146E+00
 0.8810818  5.0521E+02  0.957642  6247.6  4.1175E+00
 0.8729074  5.0619E+02  0.953664  6250.3  4.1203E+00
 0.8647954  5.0717E+02  0.949686  6253.0  4.1231E+00
 0.8567455  5.0814E+02  0.945708  6255.6  4.1260E+00
 0.8487576  5.0912E+02  0.941731  6258.4  4.1288E+00
 0.8408315  5.1010E+02  0.937753  6261.1  4.1316E+00
 0.8329670  5.1107E+02  0.933775  6263.8  4.1344E+00
 0.8251639  5.1205E+02  0.929797  6266.6  4.1372E+00
 0.8174220  5.1303E+02  0.925820  6269.3  4.1400E+00
 0.8097412  5.1400E+02  0.921842  6272.1  4.1428E+00
 0.8021212  5.1498E+02  0.917864  6274.9  4.1456E+00
 0.7945619  5.1596E+02  0.913886  6277.7  4.1484E+00
 0.7870631  5.1693E+02  0.909909  6280.6  4.1512E+00
 0.7796246  5.1791E+02  0.905931  6283.4  4.1540E+00
 0.7722461  5.1889E+02  0.901953  6286.2  4.1568E+00
 0.7649276  5.1986E+02  0.897975  6289.1  4.1596E+00
 0.7576687  5.2084E+02  0.893998  6292.0  4.1623E+00
 0.7504694  5.2181E+02  0.890020  6294.8  4.1651E+00
 0.7433294  5.2279E+02  0.886042  6297.7  4.1679E+00
 0.7362485  5.2377E+02  0.882064  6300.6  4.1706E+00
 0.7292265  5.2474E+02  0.878087  6303.5  4.1734E+00
 0.7222633  5.2572E+02  0.874109  6306.4  4.1762E+00
 0.7153586  5.2670E+02  0.870131  6309.4  4.1789E+00
 0.7085122  5.2767E+02  0.866154  6312.3  4.1817E+00
 0.7017239  5.2865E+02  0.862176  6315.3  4.1844E+00
 0.6949936  5.2963E+02  0.858198  6318.2  4.1872E+00
 0.6883210  5.3061E+02  0.854220  6321.2  4.1899E+00
 0.6817059  5.3158E+02  0.850243  6324.1  4.1927E+00
 0.6751481  5.3256E+02  0.846265  6327.1  4.1954E+00
 0.6686475  5.3354E+02  0.842287  6330.1  4.1981E+00
 0.6622037  5.3452E+02  0.838309  6333.1  4.2009E+00
 0.6558167  5.3550E+02  0.834332  6336.1  4.2036E+00
 0.6494861  5.3648E+02  0.830354  6339.1  4.2063E+00
 0.6432119  5.3746E+02  0.826376  6342.1  4.2091E+00
 0.6369937  5.3844E+02  0.822398  6345.1  4.2118E+00
 0.6308314  5.3942E+02  0.818421  6348.1  4.2145E+00
 0.6247247  5.4041E+02  0.814443  6351.1  4.2173E+00
 0.6186735  5.4139E+02  0.810465  6354.2  4.2200E+00
 0.6126775  5.4237E+02  0.806487  6357.2  4.2227E+00
 0.6067365  5.4336E+02  0.802510  6360.2  4.2254E+00
 0.6008504  5.4434E+02  0.798532  6363.3  4.2282E+00
 0.5950188  5.4533E+02  0.794554  6366.3  4.2309E+00
 0.5892417  5.4632E+02  0.790576  6369.4  4.2336E+00
 0.5835187  5.4731E+02  0.786599  6372.4  4.2363E+00
 0.5778496  5.4830E+02  0.782621  6375.5  4.2391E+00
 0.5722343  5.4929E+02  0.778643  6378.6  4.2418E+00
 0.5666725  5.5028E+02  0.774665  6381.6  4.2445E+00
 0.5611640  5.5127E+02  0.770688  6384.7  4.2472E+00
 0.5557085  5.5226E+02  0.766710  6387.8  4.2499E+00
 0.5503059  5.5326E+02  0.762732  6390.8  4.2527E+00
 0.5449560  5.5425E+02  0.758754  6393.9  4.2554E+00
 0.5396585  5.5525E+02  0.754777  6397.0  4.2581E+00
 0.5344131  5.5625E+02  0.750799  6400.1  4.2608E+00
 0.5292197  5.5725E+02  0.746821  6403.2  4.2636E+00
 0.5240781  5.5826E+02  0.742843  6406.2  4.2663E+00
 0.5189880  5.5926E+02  0.738866  6409.3  4.2690E+00
 0.5139492  5.6026E+02  0.734888  6412.4  4.2717E+00
 0.5089614  5.6127E+02  0.730910  6415.5  4.2745E+00
 0.5040245  5.6228E+02  0.726933  6418.6  4.2772E+00
 0.4991382  5.6329E+02  0.722955  6421.7  4.2799E+00
 0.4943023  5.6430E+02  0.718977  6424.8  4.2827E+00
 0.4895166  5.6532E+02  0.714999  6427.9  4.2854E+00
 0.4847807  5.6634E+02  0.711022  6431.0  4.2881E+00
 0.4800946  5.6736E+02  0.707044  6434.1  4.2909E+00
 0.4754580  5.6838E+02  0.703066  6437.2  4.2936E+00
 0.4708705  5.6940E+02  0.699088  6440.3  4.2964E+00
 0.4663321  5.7043E+02  0.695111  6443.4  4.2991E+00
 0.4618425  5.7146E+02  0.691133  6446.5  4.3019E+00
 0.4574014  5.7249E+02  0.687155  6449.6  4.3046E+00
 0.4530086  5.7352E+02  0.683177  6452.7  4.3074E+00
 0.4486638  5.7456E+02  0.679200  6455.8  4.3102E+00
 0.4443669  5.7560E+02  0.675222  6458.9  4.3129E+00
 0.4401176  5.7664E+02  0.671244  6462.0  4.3157E+00
 0.4359157  5.7769E+02  0.667266  6465.1  4.3185E+00
 0.4317608  5.7874E+02  0.663289  6468.2  4.3213E+00
 0.4276529  5.7979E+02  0.659311  6471.2  4.3241E+00
 0.4235916  5.8084E+02  0.655333  6474.3  4.3269E+00
 0.4195767  5.8190E+02  0.651355  6477.4  4.3297E+00
 0.4156080  5.8296E+02  0.647378  6480.5  4.3325E+00
 0.4116852  5.8403E+02  0.643400  6483.6  4.3353E+00
 0.4078081  5.8510E+02  0.639422  6486.7  4.3381E+00
 0.4039765  5.8617E+02  0.635444  6489.8  4.3410E+00
 0.4001900  5.8725E+02  0.631467  6492.9  4.3438E+00
 0.3964485  5.8834E+02  0.627489  6496.0  4.3466E+00
 0.3927517  5.8942E+02  0.623511  6499.1  4.3495E+00
 0.3890994  5.9051E+02  0.619533  6502.2  4.3524E+00
 0.3854913  5.9161E+02  0.615556  6505.2  4.3552E+00
 0.3819272  5.9271E+02  0.611578  6508.3  4.3581E+00
 0.3784068  5.9381E+02  0.607600  6511.4  4.3610E+00
 0.3749299  5.9492E+02  0.603622  6514.5  4.3639E+00
 0.3714963  5.9604E+02  0.599645  6517.6  4.3668E+00
 0.3681056  5.9716E+02  0.595667  6520.6  4.3697E+00
 0.3675447  5.9735E+02  0.595004  6521.1  4.3702E+00
 0.3669849  5.9753E+02  0.594341  6521.7  4.3707E+00
 0.3664263  5.9772E+02  0.593678  6522.2  4.3712E+00
 0.3658689  5.9791E+02  0.593015  6522.7  4.3717E+00
 0.3653127  5.9810E+02  0.592352  6523.2  4.3722E+00
 0.3647577  5.9829E+02  0.591689  6523.7  4.3726E+00
 0.3646467  5.9832E+02  0.591665  6523.8  9.3141E+00
 0.3646399  5.9832E+02  0.591657  6523.8  9.3141E+00
 0.3646331  5.9832E+02  0.591649  6523.8  9.3141E+00
 0.3646262  5.9833E+02  0.591641  6523.8  9.3141E+00
 0.3646194  5.9833E+02  0.591632  6523.8  9.3141E+00
 0.3646126  5.9833E+02  0.591624  6523.8  9.3142E+00
 0.3646008  5.9834E+02  0.591616  6523.8  9.3142E+00
 0.3645862  5.9834E+02  0.591608  6523.8  9.3142E+00
 0.3645717  5.9834E+02  0.591600  6523.8  9.3142E+00
 0.3645571  5.9835E+02  0.591592  6523.8  9.3142E+00
 0.3645426  5.9835E+02  0.591583  6523.8  9.3143E+00
 0.3645280  5.9836E+02  0.591575  6523.8  9.3143E+00
 0.3645135  5.9836E+02  0.591567  6523.8  9.3143E+00
 0.3644989  5.9837E+02  0.591559  6523.8  9.3143E+00
 0.3644843  5.9837E+02  0.591551  6523.8  9.3144E+00
 0.3644698  5.9838E+02  0.591543  6523.8  9.3144E+00
 0.3644552  5.9838E+02  0.591534  6523.8  9.3144E+00
 0.3644407  5.9839E+02  0.591526  6523.8  9.3144E+00
 0.3644261  5.9839E+02  0.591518  6523.8  9.3145E+00
 0.3644116  5.9840E+02  0.591510  6523.8  9.3145E+00
 0.3643971  5.9840E+02  0.591502  6523.8  9.3145E+00
 0.3643825  5.9841E+02  0.591494  6523.8  9.3145E+00
 0.3643680  5.9841E+02  0.591485  6523.8  9.3146E+00
 0.3643534  5.9842E+02  0.591477  6523.8  9.3146E+00
 0.3643389  5.9842E+02  0.591469  6523.8  9.3146E+00
 0.3643243  5.9843E+02  0.591461  6523.8  9.3146E+00
 0.3643098  5.9843E+02  0.591453  6523.8  9.3147E+00
 0.3642952  5.9844E+02  0.591445  6523.8  9.3147E+00
 0.3642807  5.9844E+02  0.591436  6523.8  9.3147E+00
 0.3642661  5.9845E+02  0.591428  6523.8  9.3147E+00
 0.3641644  5.9848E+02  0.591371  6523.8  9.3149E+00
 0.3640190  5.9853E+02  0.591289  6523.8  9.3152E+00
 0.3638737  5.9858E+02  0.591208  6523.8  9.3154E+00
 0.3637285  5.9863E+02  0.591126  6523.8  9.3156E+00
 0.3635833  5.9868E+02  0.591044  6523.8  9.3159E+00
 0.3634381  5.9873E+02  0.590963  6523.8  9.3161E+00
 0.3632931  5.9878E+02  0.590881  6523.8  9.3164E+00
 0.3631481  5.9883E+02  0.590799  6523.8  9.3166E+00
 0.3630031  5.9888E+02  0.590718  6523.8  9.3169E+00
 0.3628582  5.9893E+02  0.590636  6523.8  9.3171E+00
 0.3627133  5.9898E+02  0.590555  6523.8  9.3174E+00
 0.3625685  5.9903E+02  0.590473  6523.8  9.3176E+00
 0.3624238  5.9907E+02  0.590391  6523.8  9.3179E+00
 0.3622791  5.9912E+02  0.590310  6523.8  9.3181E+00
 0.3621345  5.9917E+02  0.590228  6523.8  9.3184E+00
 0.3619899  5.9922E+02  0.590147  6523.8  9.3186E+00
 0.3618454  5.9927E+02  0.590065  6523.8  9.3188E+00
 0.3617010  5.9932E+02  0.589984  6523.8  9.3191E+00
 0.3615565  5.9937E+02  0.589902  6523.8  9.3193E+00
 0.3614122  5.9942E+02  0.589821  6523.8  9.3196E+00
 0.3612679  5.9947E+02  0.589739  6523.8  9.3198E+00
 0.3611237  5.9952E+02  0.589658  6523.8  9.3201E+00
 0.3609795  5.9957E+02  0.589576  6523.8  9.3203E+00
 0.3608354  5.9962E+02  0.589495  6523.8  9.3206E+00
 0.3606913  5.9966E+02  0.589413  6523.8  9.3208E+00
 0.3596844  6.0001E+02  0.588844  6523.8  9.3225E+00
 0.3582507  6.0050E+02  0.588031  6523.8  9.3249E+00
 0.3568226  6.0099E+02  0.587219  6523.8  9.3274E+00
 0.3554000  6.0147E+02  0.586408  6523.8  9.3298E+00
 0.3539829  6.0196E+02  0.585599  6523.8  9.3322E+00
 0.3525712  6.0244E+02  0.584790  6523.8  9.3346E+00
 0.3511651  6.0293E+02  0.583983  6523.8  9.3370E+00
 0.3497644  6.0341E+02  0.583176  6523.8  9.3394E+00
 0.3483692  6.0389E+02  0.582371  6523.8  9.3418E+00
 0.3469793  6.0437E+02  0.581567  6523.8  9.3442E+00
 0.3455948  6.0485E+02  0.580764  6523.8  9.3466E+00
 0.3442158  6.0533E+02  0.579963  6523.8  9.3489E+00
 0.3428420  6.0581E+02  0.579162  6523.8  9.3513E+00
 0.3414736  6.0628E+02  0.578362  6523.8  9.3536E+00
 0.3401105  6.0676E+02  0.577564  6523.8  9.3560E+00
 0.3387527  6.0723E+02  0.576766  6523.8  9.3583E+00
 0.3374002  6.0770E+02  0.575970  6523.8  9.3607E+00
 0.3360529  6.0817E+02  0.575175  6523.8  9.3630E+00
 0.3347109  6.0865E+02  0.574381  6523.8  9.3653E+00
 0.3333740  6.0911E+02  0.573588  6523.8  9.3676E+00
 0.3320424  6.0958E+02  0.572796  6523.8  9.3699E+00
 0.3307160  6.1005E+02  0.572005  6523.8  9.3722E+00
 0.3293947  6.1052E+02  0.571216  6523.8  9.3745E+00
 0.3280785  6.1098E+02  0.570427  6523.8  9.3768E+00
 0.3190078  6.1420E+02  0.564937  6523.8  9.3927E+00
 0.3064725  6.1871E+02  0.557186  6523.8  9.4149E+00
 0.2944181  6.2312E+02  0.549541  6523.8  9.4364E+00
 0.2828270  6.2742E+02  0.542001  6523.8  9.4574E+00
 0.2716823  6.3161E+02  0.534564  6523.8  9.4777E+00
 0.2609674  6.3571E+02  0.527230  6523.8  9.4975E+00
 0.2506664  6.3971E+02  0.519996  6523.8  9.5167E+00
 0.2407639  6.4361E+02  0.512861  6523.8  9.5353E+00
 0.2312452  6.4741E+02  0.505825  6523.8  9.5535E+00
 0.2220958  6.5113E+02  0.498884  6523.8  9.5711E+00
 0.2133018  6.5475E+02  0.492040  6523.8  9.5883E+00
 0.2048499  6.5828E+02  0.485289  6523.8  9.6050E+00
 0.1967272  6.6173E+02  0.478630  6523.8  9.6213E+00
 0.1889213  6.6509E+02  0.472063  6523.8  9.6371E+00
 0.1814202  6.6837E+02  0.465586  6523.8  9.6525E+00
 0.1742123  6.7157E+02  0.459198  6523.8  9.6674E+00
 0.1672865  6.7468E+02  0.452898  6523.8  9.6819E+00
 0.1606321  6.7772E+02  0.446684  6523.8  9.6961E+00
 0.1542386  6.8069E+02  0.440555  6523.8  9.7098E+00
 0.1480962  6.8358E+02  0.434510  6523.8  9.7231E+00
 0.1421952  6.8639E+02  0.428549  6523.8  9.7361E+00
 0.1365263  6.8914E+02  0.422669  6523.8  9.7487E+00
 0.1310806  6.9181E+02  0.416869  6523.8  9.7609E+00
 0.1258495  6.9442E+02  0.411150  6523.8  9.7729E+00
 0.1208248  6.9696E+02  0.405509  6523.8  9.7845E+00
 0.1159984  6.9944E+02  0.399945  6523.8  9.7959E+00
 0.1113626  7.0185E+02  0.394457  6523.8  9.8069E+00
 0.1069101  7.0421E+02  0.389045  6523.8  9.8176E+00
 0.1026338  7.0650E+02  0.383707  6523.8  9.8281E+00
 0.0985268  7.0873E+02  0.378443  6523.8  9.8382E+00
 0.0945825  7.1091E+02  0.373250  6523.8  9.8481E+00
 0.0907947  7.1303E+02  0.368129  6523.8  9.8576E+00
 0.0871571  7.1510E+02  0.363078  6523.8  9.8670E+00
 0.0836639  7.1711E+02  0.358096  6523.8  9.8760E+00
 0.0803096  7.1907E+02  0.353183  6523.8  9.8848E+00
 0.0770886  7.2098E+02  0.348337  6523.8  9.8934E+00
 0.0739957  7.2284E+02  0.343558  6523.8  9.9017E+00
 0.0710259  7.2465E+02  0.338844  6523.8  9.9098E+00
 0.0681744  7.2641E+02  0.334195  6523.8  9.9177E+00
 0.0654366  7.2813E+02  0.329610  6523.8  9.9254E+00
 0.0628078  7.2981E+02  0.325087  6523.8  9.9328E+00
 0.0602840  7.3144E+02  0.320627  6523.8  9.9401E+00
 0.0578609  7.3303E+02  0.316228  6523.8  9.9471E+00
 0.0555345  7.3457E+02  0.311889  6523.8  9.9540E+00
 0.0533010  7.3608E+02  0.307610  6523.8  9.9606E+00
 0.0511569  7.3754E+02  0.303389  6523.8  9.9671E+00
 0.0490984  7.3897E+02  0.299226  6523.8  9.9734E+00
 0.0471223  7.4036E+02  0.295121  6523.8  9.9796E+00
 0.0452253  7.4171E+02  0.291072  6523.8  9.9856E+00
 0.0434042  7.4303E+02  0.287078  6523.8  9.9914E+00
 0.0416560  7.4431E+02  0.283139  6523.8  9.9971E+00
 0.0399779  7.4556E+02  0.279254  6523.8  1.0003E+01
 0.0383670  7.4678E+02  0.275423  6523.8  1.0008E+01
 0.0368207  7.4796E+02  0.271644  6523.8  1.0013E+01
 0.0353364  7.4912E+02  0.267917  6523.8  1.0018E+01
 0.0339117  7.5024E+02  0.264241  6523.8  1.0023E+01
 0.0325442  7.5133E+02  0.260615  6523.8  1.0028E+01
 0.0312315  7.5240E+02  0.257040  6523.8  1.0033E+01
 0.0299716  7.5343E+02  0.253513  6523.8  1.0037E+01
 0.0287623  7.5444E+02  0.250035  6523.8  1.0042E+01
 0.0276016  7.5542E+02  0.246604  6523.8  1.0046E+01
 0.0264875  7.5637E+02  0.243220  6523.8  1.0050E+01
 0.0254182  7.5730E+02  0.239883  6523.8  1.0054E+01
 0.0243920  7.5821E+02  0.236592  6523.8  1.0058E+01
 0.0234070  7.5909E+02  0.233346  6523.8  1.0062E+01
 0.0224616  7.5995E+02  0.230144  6523.8  1.0066E+01
 0.0215544  7.6078E+02  0.226986  6523.8  1.0069E+01
 0.0206836  7.6159E+02  0.223872  6523.8  1.0073E+01
 0.0198479  7.6238E+02  0.220800  6523.8  1.0076E+01
 0.0190458  7.6315E+02  0.217771  6523.8  1.0079E+01
 0.0182761  7.6390E+02  0.214783  6523.8  1.0083E+01
 0.0175374  7.6463E+02  0.211836  6523.8  1.0086E+01
 0.0168284  7.6534E+02  0.208930  6523.8  1.0089E+01
 0.0161480  7.6603E+02  0.206063  6523.8  1.0092E+01
 0.0154951  7.6670E+02  0.203236  6523.8  1.0095E+01
 0.0148685  7.6735E+02  0.200447  6523.8  1.0098E+01
 0.0142672  7.6799E+02  0.197697  6523.8  1.0100E+01
 0.0136901  7.6861E+02  0.194984  6523.8  1.0103E+01
 0.0131363  7.6921E+02  0.192309  6523.8  1.0106E+01
 0.0126049  7.6980E+02  0.189671  6523.8  1.0108E+01
 0.0120949  7.7037E+02  0.187068  6523.8  1.0111E+01
 0.0116055  7.7092E+02  0.184502  6523.8  1.0113E+01
 0.0111358  7.7146E+02  0.181970  6523.8  1.0115E+01
 0.0106851  7.7199E+02  0.179473  6523.8  1.0118E+01
 0.0102527  7.7250E+02  0.177011  6523.8  1.0120E+01
 0.0098377  7.7300E+02  0.174582  6523.8  1.0122E+01
 0.0094394  7.7348E+02  0.172187  6523.8  1.0124E+01
 0.0090573  7.7395E+02  0.169824  6523.8  1.0126E+01
 0.0086906  7.7441E+02  0.167494  6523.8  1.0128E+01
 0.0083387  7.7486E+02  0.165196  6523.8  1.0130E+01
 0.0080010  7.7529E+02  0.162930  6523.8  1.0132E+01
 0.0076770  7.7572E+02  0.160694  6523.8  1.0134E+01
 0.0073661  7.7613E+02  0.158489  6523.8  1.0135E+01
 0.0070677  7.7653E+02  0.156315  6523.8  1.0137E+01
 0.0067815  7.7692E+02  0.154170  6523.8  1.0139E+01
 0.0065068  7.7729E+02  0.152055  6523.8  1.0140E+01
 0.0062432  7.7766E+02  0.149968  6523.8  1.0142E+01
 0.0059903  7.7802E+02  0.147911  6523.8  1.0144E+01
 0.0057476  7.7837E+02  0.145881  6523.8  1.0145E+01
 0.0055147  7.7871E+02  0.143880  6523.8  1.0147E+01
 0.0052912  7.7904E+02  0.141906  6523.8  1.0148E+01
 0.0050768  7.7936E+02  0.139959  6523.8  1.0149E+01
 0.0048711  7.7967E+02  0.138038  6523.8  1.0151E+01
 0.0046737  7.7998E+02  0.136144  6523.8  1.0152E+01
 0.0044843  7.8027E+02  0.134276  6523.8  1.0153E+01
 0.0043025  7.8056E+02  0.132434  6523.8  1.0154E+01
 0.0041281  7.8084E+02  0.130617  6523.8  1.0156E+01
 0.0039608  7.8111E+02  0.128825  6523.8  1.0157E+01
 0.0038003  7.8138E+02  0.127057  6523.8  1.0158E+01
 0.0036462  7.8164E+02  0.125314  6523.8  1.0159E+01
 0.0034984  7.8189E+02  0.123595  6523.8  1.0160E+01
 0.0033566  7.8213E+02  0.121899  6523.8  1.0161E+01
 0.0032205  7.8237E+02  0.120226  6523.8  1.0162E+01
 0.0030899  7.8260E+02  0.118577  6523.8  1.0163E+01
 0.0029646  7.8283E+02  0.116950  6523.8  1.0164E+01
 0.0028444  7.8305E+02  0.115345  6523.8  1.0165E+01
 0.0027291  7.8326E+02  0.113763  6523.8  1.0166E+01
 0.0026184  7.8347E+02  0.112202  6523.8  1.0167E+01
 0.0025123  7.8367E+02  0.110662  6523.8  1.0168E+01
 0.0024104  7.8386E+02  0.109144  6523.8  1.0169E+01
 0.0023126  7.8405E+02  0.107647  6523.8  1.0169E+01
 0.0022188  7.8424E+02  0.106170  6523.8  1.0170E+01
 0.0021289  7.8442E+02  0.104713  6523.8  1.0171E+01
 0.0020425  7.8460E+02  0.103276  6523.8  1.0172E+01
 0.0019597  7.8477E+02  0.101859  6523.8  1.0172E+01
 0.0018802  7.8493E+02  0.100462  6523.8  1.0173E+01
 0.0018039  7.8509E+02  0.099083  6523.8  1.0174E+01
 0.0017308  7.8525E+02  0.097724  6523.8  1.0175E+01
 0.0016606  7.8540E+02  0.096383  6523.8  1.0175E+01
 0.0015932  7.8555E+02  0.095060  6523.8  1.0176E+01
 0.0015286  7.8570E+02  0.093756  6523.8  1.0176E+01
 0.0014666  7.8584E+02  0.092470  6523.8  1.0177E+01
 0.0014071  7.8598E+02  0.091201  6523.8  1.0178E+01
 0.0013500  7.8611E+02  0.089950  6523.8  1.0178E+01
 0.0012952  7.8624E+02  0.088716  6523.8  1.0179E+01
 0.0012427  7.8636E+02  0.087498  6523.8  1.0179E+01
 0.0011923  7.8649E+02  0.086298  6523.8  1.0180E+01
 0.0011439  7.8661E+02  0.085114  6523.8  1.0180E+01
 0.0010975  7.8672E+02  0.083946  6523.8  1.0181E+01
 0.0010530  7.8684E+02  0.082794  6523.8  1.0181E+01
 0.0010102  7.8695E+02  0.081658  6523.8  1.0182E+01
 0.0009692  7.8705E+02  0.080538  6523.8  1.0182E+01
 0.0009299  7.8716E+02  0.079433  6523.8  1.0183E+01
 0.0008922  7.8726E+02  0.078343  6523.8  1.0183E+01
 0.0008560  7.8736E+02  0.077268  6523.8  1.0184E+01
 0.0008213  7.8745E+02  0.076208  6523.8  1.0184E+01
 0.0007879  7.8755E+02  0.075162  6523.8  1.0184E+01
 0.0007560  7.8764E+02  0.074131  6523.8  1.0185E+01
 0.0007253  7.8772E+02  0.073114  6523.8  1.0185E+01
 0.0006959  7.8781E+02  0.072111  6523.8  1.0185E+01
 0.0006676  7.8789E+02  0.071121  6523.8  1.0186E+01
 0.0006405  7.8797E+02  0.070146  6523.8  1.0186E+01
 0.0006145  7.8805E+02  0.069183  6523.8  1.0186E+01
 0.0005896  7.8813E+02  0.068234  6523.8  1.0187E+01
 0.0005657  7.8821E+02  0.067298  6523.8  1.0187E+01
 0.0005427  7.8828E+02  0.066374  6523.8  1.0187E+01
 0.0005207  7.8835E+02  0.065464  6523.8  1.0188E+01
 0.0004996  7.8842E+02  0.064565  6523.8  1.0188E+01
 0.0004793  7.8848E+02  0.063680  6523.8  1.0188E+01
 0.0004598  7.8855E+02  0.062806  6523.8  1.0189E+01
 0.0004412  7.8861E+02  0.061944  6523.8  1.0189E+01
 0.0004233  7.8867E+02  0.061094  6523.8  1.0189E+01
 0.0004061  7.8873E+02  0.060256  6523.8  1.0189E+01
 0.0003896  7.8879E+02  0.059429  6523.8  1.0190E+01
 0.0003738  7.8885E+02  0.058614  6523.8  1.0190E+01
 0.0003586  7.8890E+02  0.057810  6523.8  1.0190E+01
 0.0003441  7.8896E+02  0.057016  6523.8  1.0190E+01
 0.0003301  7.8901E+02  0.056234  6523.8  1.0191E+01
 0.0003167  7.8906E+02  0.055463  6523.8  1.0191E+01
 0.0003039  7.8911E+02  0.054702  6523.8  1.0191E+01
 0.0002915  7.8916E+02  0.053951  6523.8  1.0191E+01
 0.0002797  7.8921E+02  0.053211  6523.8  1.0191E+01
 0.0002683  7.8925E+02  0.052481  6523.8  1.0192E+01
 0.0002574  7.8930E+02  0.051761  6523.8  1.0192E+01
 0.0002470  7.8934E+02  0.051050  6523.8  1.0192E+01
 0.0002370  7.8938E+02  0.050350  6523.8  1.0192E+01
 0.0002273  7.8942E+02  0.049659  6523.8  1.0192E+01
 0.0002181  7.8946E+02  0.048978  6523.8  1.0192E+01
 0.0002093  7.8950E+02  0.048306  6523.8  1.0193E+01
 0.0002008  7.8954E+02  0.047643  6523.8  1.0193E+01
 0.0001926  7.8957E+02  0.046989  6523.8  1.0193E+01
 0.0001848  7.8961E+02  0.046345  6523.8  1.0193E+01
 0.0001773  7.8964E+02  0.045709  6523.8  1.0193E+01
 0.0001701  7.8968E+02  0.045082  6523.8  1.0193E+01
 0.0001632  7.8971E+02  0.044463  6523.8  1.0194E+01
 0.0001566  7.8974E+02  0.043853  6523.8  1.0194E+01
 0.0001502  7.8977E+02  0.043251  6523.8  1.0194E+01
 0.0001441  7.8980E+02  0.042658  6523.8  1.0194E+01
 0.0001383  7.8983E+02  0.042073  6523.8  1.0194E+01
 0.0001327  7.8986E+02  0.041495  6523.8  1.0194E+01
 0.0001273  7.8989E+02  0.040926  6523.8  1.0194E+01
 0.0001221  7.8991E+02  0.040365  6523.8  1.0194E+01
 0.0001172  7.8994E+02  0.039811  6523.8  1.0195E+01
 0.0001124  7.8997E+02  0.039264  6523.8  1.0195E+01
 0.0001078  7.8999E+02  0.038726  6523.8  1.0195E+01
 0.0001035  7.9001E+02  0.038194  6523.8  1.0195E+01
 0.0000993  7.9004E+02  0.037670  6523.8  1.0195E+01
 0.0000952  7.9006E+02  0.037154  6523.8  1.0195E+01
 0.0000914  7.9008E+02  0.036644  6523.8  1.0195E+01
 0.0000877  7.9010E+02  0.036141  6523.8  1.0195E+01
 0.0000841  7.9013E+02  0.035645  6523.8  1.0195E+01
 0.0000807  7.9015E+02  0.035156  6523.8  1.0195E+01
 0.0000774  7.9017E+02  0.034674  6523.8  1.0196E+01
 0.0000743  7.9019E+02  0.034198  6523.8  1.0196E+01
 0.0000712  7.9020E+02  0.033729  6523.8  1.0196E+01
 0.0000684  7.9022E+02  0.033266  6523.8  1.0196E+01
 0.0000656  7.9024E+02  0.032810  6523.8  1.0196E+01
 0.0000629  7.9026E+02  0.032359  6523.8  1.0196E+01
 0.0000604  7.9027E+02  0.031915  6523.8  1.0196E+01
 0.0000579  7.9029E+02  0.031477  6523.8  1.0196E+01
 0.0000556  7.9031E+02  0.031046  6523.8  1.0196E+01
 0.0000533  7.9032E+02  0.030620  6523.8  1.0196E+01
 0.0000511  7.9034E+02  0.030200  6523.8  1.0196E+01
 0.0000491  7.9035E+02  0.029785  6523.8  1.0196E+01
 0.0000471  7.9037E+02  0.029376  6523.8  1.0196E+01
 0.0000452  7.9038E+02  0.028973  6523.8  1.0196E+01
 0.0000433  7.9039E+02  0.028576  6523.8  1.0196E+01
 0.0000416  7.9041E+02  0.028184  6523.8  1.0197E+01
 0.0000399  7.9042E+02  0.027797  6523.8  1.0197E+01
 0.0000383  7.9043E+02  0.027416  6523.8  1.0197E+01
 0.0000367  7.9044E+02  0.027040  6523.8  1.0197E+01
 0.0000352  7.9046E+02  0.026669  6523.8  1.0197E+01
 0.0000338  7.9047E+02  0.026303  6523.8  1.0197E+01
 0.0000324  7.9048E+02  0.025942  6523.8  1.0197E+01
 0.0000311  7.9049E+02  0.025586  6523.8  1.0197E+01
 0.0000298  7.9050E+02  0.025235  6523.8  1.0197E+01
 0.0000286  7.9051E+02  0.024889  6523.8  1.0197E+01
 0.0000275  7.9052E+02  0.024547  6523.8  1.0197E+01
 0.0000264  7.9053E+02  0.024210  6523.8  1.0197E+01
 0.0000253  7.9054E+02  0.023878  6523.8  1.0197E+01
 0.0000243  7.9055E+02  0.023550  6523.8  1.0197E+01
 0.0000233  7.9056E+02  0.023227  6523.8  1.0197E+01
 0.0000223  7.9057E+02  0.022909  6523.8  1.0197E+01
 0.0000214  7.9057E+02  0.022594  6523.8  1.0197E+01
 0.0000206  7.9058E+02  0.022284  6523.8  1.0197E+01
 0.0000197  7.9059E+02  0.021979  6523.8  1.0197E+01
 0.0000189  7.9060E+02  0.021677  6523.8  1.0197E+01
 0.0000181  7.9061E+02  0.021380  6523.8  1.0197E+01
 0.0000174  7.9061E+02  0.021086  6523.8  1.0197E+01
 0.0000167  7.9062E+02  0.020797  6523.8  1.0197E+01
 0.0000160  7.9063E+02  0.020512  6523.8  1.0197E+01
 0.0000154  7.9063E+02  0.020230  6523.8  1.0198E+01
 0.0000148  7.9064E+02  0.019953  6523.8  1.0198E+01
 0.0000142  7.9065E+02  0.019679  6523.8  1.0198E+01
 0.0000136  7.9065E+02  0.019409  6523.8  1.0198E+01
 0.0000130  7.9066E+02  0.019143  6523.8  1.0198E+01
 0.0000125  7.9067E+02  0.018880  6523.8  1.0198E+01
 0.0000120  7.9067E+02  0.018621  6523.8  1.0198E+01
 0.0000115  7.9068E+02  0.018365  6523.8  1.0198E+01
 0.0000110  7.9068E+02  0.018113  6523.8  1.0198E+01
 0.0000106  7.9069E+02  0.017865  6523.8  1.0198E+01
 0.0000102  7.9069E+02  0.017620  6523.8  1.0198E+01
 0.0000097  7.9070E+02  0.017378  6523.8  1.0198E+01
 0.0000094  7.9070E+02  0.017140  6523.8  1.0198E+01
 0.0000090  7.9071E+02  0.016904  6523.8  1.0198E+01
 0.0000086  7.9071E+02  0.016672  6523.8  1.0198E+01
 0.0000083  7.9072E+02  0.016444  6523.8  1.0198E+01
 0.0000079  7.9072E+02  0.016218  6523.8  1.0198E+01
 0.0000076  7.9072E+02  0.015996  6523.8  1.0198E+01
 0.0000073  7.9073E+02  0.015776  6523.8  1.0198E+01
 0.0000070  7.9073E+02  0.015560  6523.8  1.0198E+01
 0.0000067  7.9074E+02  0.015346  6523.8  1.0198E+01
 0.0000064  7.9074E+02  0.015136  6523.8  1.0198E+01
 0.0000062  7.9074E+02  0.014928  6523.8  1.0198E+01
 0.0000059  7.9075E+02  0.014723  6523.8  1.0198E+01
 0.0000057  7.9075E+02  0.014521  6523.8  1.0198E+01
 0.0000055  7.9075E+02  0.014322  6523.8  1.0198E+01
 0.0000052  7.9076E+02  0.014125  6523.8  1.0198E+01
 0.0000050  7.9076E+02  0.013932  6523.8  1.0198E+01
 0.0000048  7.9076E+02  0.013740  6523.8  1.0198E+01
 0.0000046  7.9077E+02  0.013552  6523.8  1.0198E+01
 0.0000044  7.9077E+02  0.013366  6523.8  1.0198E+01
 0.0000043  7.9077E+02  0.013183  6523.8  1.0198E+01
 0.0000041  7.9078E+02  0.013002  6523.8  1.0198E+01
 0.0000039  7.9078E+02  0.012823  6523.8  1.0198E+01
 0.0000038  7.9078E+02  0.012647  6523.8  1.0198E+01
 0.0000036  7.9078E+02  0.012474  6523.8  1.0198E+01
 0.0000035  7.9079E+02  0.012303  6523.8  1.0198E+01
 0.0000033  7.9079E+02  0.012134  6523.8  1.0198E+01
 0.0000032  7.9079E+02  0.011967  6523.8  1.0198E+01
 0.0000031  7.9079E+02  0.011803  6523.8  1.0198E+01
 0.0000029  7.9080E+02  0.011641  6523.8  1.0198E+01
 0.0000028  7.9080E+02  0.011482  6523.8  1.0198E+01
 0.0000027  7.9080E+02  0.011324  6523.8  1.0198E+01
 0.0000026  7.9080E+02  0.011169  6523.8  1.0198E+01
 0.0000025  7.9080E+02  0.011015  6523.8  1.0198E+01
 0.0000024  7.9081E+02  0.010864  6523.8  1.0198E+01
 0.0000023  7.9081E+02  0.010715  6523.8  1.0198E+01
 0.0000022  7.9081E+02  0.010568  6523.8  1.0198E+01
 0.0000021  7.9081E+02  0.010423  6523.8  1.0198E+01
 0.0000020  7.9081E+02  0.010280  6523.8  1.0198E+01
 0.0000019  7.9082E+02  0.010000  6523.8  1.0198E+01
