17.1480213  1.0000E-04  3.859248    72.0  5.6155E-04
17.1480189  1.2068E-04  3.858765    74.7  6.5297E-04
17.1480162  1.4465E-04  3.858283    77.4  7.5448E-04
17.1480130  1.7228E-04  3.857800    80.1  8.6653E-04
17.1480093  2.0392E-04  3.857318    82.9  9.8980E-04
17.1480052  2.3996E-04  3.856836    85.8  1.1235E-03
17.1480005  2.8077E-04  3.856353    88.8  1.2691E-03
17.1479952  3.2676E-04  3.855871    91.8  1.4259E-03
17.1479893  3.7833E-04  3.855388    94.9  1.5953E-03
17.1479827  4.3589E-04  3.854906    98.1  1.7759E-03
17.1479754  4.9987E-04  3.854424   101.3  1.9694E-03
17.1479673  5.7064E-04  3.853941   104.6  2.1732E-03
17.1479584  6.4864E-04  3.853459   108.0  2.3904E-03
17.1479486  7.3427E-04  3.852976   111.5  2.6183E-03
17.1479379  8.2792E-04  3.852494   115.0  2.8583E-03
17.1479262  9.3004E-04  3.852012   118.6  3.1104E-03
17.1479135  1.0409E-03  3.851529   122.3  3.3708E-03
17.1478850  1.2906E-03  3.850564   129.8  3.9259E-03
17.1478521  1.5797E-03  3.849600   137.5  4.5178E-03
17.1478144  1.9108E-03  3.848635   145.6  5.1447E-03
17.1477717  2.2860E-03  3.847670   154.3  5.8025E-03
17.1475470  4.2659E-03  3.843811   189.9  8.6585E-03
17.1472249  7.1153E-03  3.839951   222.0  1.2184E-02
17.1467845  1.1028E-02  3.836092   254.0  1.6224E-02
17.1462159  1.6099E-02  3.832233   286.0  2.0489E-02
17.1455122  2.2401E-02  3.828374   317.2  2.5146E-02
17.1446581  3.0081E-02  3.824514   347.1  3.0189E-02
17.1436510  3.9173E-02  3.820655   375.0  3.5227E-02
17.1424908  4.9689E-02  3.816796   400.9  4.0241E-02
17.1411758  6.1656E-02  3.812937   425.3  4.5533E-02
17.1396987  7.5153E-02  3.809077   449.2  5.0943E-02
17.1380584  9.0202E-02  3.805218   473.0  5.6427E-02
17.1362570  1.0679E-01  3.801359   496.4  6.1717E-02
17.1342976  1.2491E-01  3.797500   519.1  6.7022E-02
17.1321829  1.4455E-01  3.793640   540.6  7.2060E-02
17.1299288  1.6556E-01  3.789781   560.8  7.6653E-02
17.1275415  1.8790E-01  3.785922   580.0  8.1180E-02
17.1250219  2.1158E-01  3.782063   598.5  8.5784E-02
17.1223686  2.3661E-01  3.778203   616.8  9.0316E-02
17.1195864  2.6296E-01  3.774344   634.9  9.4761E-02
17.1166769  2.9063E-01  3.770485   653.1  9.9177E-02
17.1136416  3.1960E-01  3.766626   671.3  1.0356E-01
17.1104820  3.4989E-01  3.762766   689.4  1.0790E-01
17.1072014  3.8146E-01  3.758907   707.5  1.1212E-01
17.1038024  4.1430E-01  3.755048   725.4  1.1631E-01
17.1002867  4.4840E-01  3.751189   743.1  1.2042E-01
17.0966579  4.8373E-01  3.747329   760.5  1.2446E-01
17.0929177  5.2030E-01  3.743470   777.8  1.2846E-01
17.0890672  5.5809E-01  3.739611   794.7  1.3248E-01
17.0851065  5.9712E-01  3.735752   811.4  1.3634E-01
17.0810464  6.3728E-01  3.731892   827.7  1.3992E-01
17.0768904  6.7856E-01  3.728033   843.6  1.4345E-01
17.0726408  7.2093E-01  3.724174   859.2  1.4685E-01
17.0683033  7.6435E-01  3.720315   874.4  1.5012E-01
17.0638799  8.0881E-01  3.716455   889.1  1.5336E-01
17.0593721  8.5429E-01  3.712596   903.5  1.5655E-01
17.0547818  9.0079E-01  3.708737   917.4  1.5965E-01
17.0501144  9.4825E-01  3.704878   931.0  1.6257E-01
17.0453728  9.9666E-01  3.701018   944.2  1.6545E-01
17.0405589  1.0460E+00  3.697159   957.0  1.6821E-01
17.0356804  1.0962E+00  3.693300   969.4  1.7070E-01
17.0307362  1.1473E+00  3.689441   981.6  1.7354E-01
17.0257200  1.1993E+00  3.685582   993.5  1.7642E-01
17.0206313  1.2523E+00  3.681722  1005.1  1.7932E-01
17.0154709  1.3062E+00  3.677863  1016.4  1.8220E-01
17.0102397  1.3611E+00  3.674004  1027.6  1.8505E-01
17.0049388  1.4170E+00  3.670145  1038.5  1.8787E-01
16.9995687  1.4738E+00  3.666285  1049.3  1.9076E-01
16.9941265  1.5316E+00  3.662426  1059.8  1.9372E-01
16.9886137  1.5903E+00  3.658567  1070.2  1.9653E-01
16.9830347  1.6501E+00  3.654708  1080.5  1.9928E-01
16.9773905  1.7107E+00  3.650848  1090.5  2.0200E-01
16.9716820  1.7723E+00  3.646989  1100.5  2.0470E-01
16.9659107  1.8348E+00  3.643130  1110.3  2.0736E-01
16.9600775  1.8982E+00  3.639271  1120.1  2.1000E-01
16.9541833  1.9626E+00  3.635411  1129.7  2.1262E-01
16.9482289  2.0278E+00  3.631552  1139.3  2.1522E-01
16.9422150  2.0940E+00  3.627693  1148.8  2.1781E-01
16.9361421  2.1611E+00  3.623834  1158.2  2.2041E-01
16.9300102  2.2291E+00  3.619974  1167.6  2.2300E-01
16.9238200  2.2980E+00  3.616115  1177.0  2.2558E-01
16.9175722  2.3678E+00  3.612256  1186.4  2.2815E-01
16.9112673  2.4386E+00  3.608397  1195.8  2.3070E-01
16.9049062  2.5102E+00  3.604537  1205.1  2.3324E-01
16.8984891  2.5828E+00  3.600678  1214.5  2.3579E-01
16.8920164  2.6563E+00  3.596819  1223.9  2.3832E-01
16.8854887  2.7307E+00  3.592960  1233.3  2.4084E-01
16.8789067  2.8060E+00  3.589100  1242.7  2.4335E-01
16.8722718  2.8823E+00  3.585241  1252.2  2.4577E-01
16.8655859  2.9594E+00  3.581382  1261.7  2.4817E-01
16.8588496  3.0374E+00  3.577523  1271.2  2.5057E-01
16.8520633  3.1163E+00  3.573663  1280.8  2.5296E-01
16.8452277  3.1961E+00  3.569804  1290.4  2.5533E-01
16.8383432  3.2768E+00  3.565945  1300.0  2.5770E-01
16.8314104  3.3584E+00  3.562086  1309.7  2.6005E-01
16.8244299  3.4408E+00  3.558226  1319.4  2.6239E-01
16.8174022  3.5242E+00  3.554367  1329.1  2.6473E-01
16.8103277  3.6084E+00  3.550508  1338.9  2.6705E-01
16.8032069  3.6936E+00  3.546649  1348.7  2.6937E-01
16.7960404  3.7796E+00  3.542789  1358.5  2.7168E-01
16.7888287  3.8665E+00  3.538930  1368.3  2.7397E-01
16.7815722  3.9543E+00  3.535071  1378.2  2.7626E-01
16.7742712  4.0429E+00  3.531212  1388.0  2.7856E-01
16.7669256  4.1325E+00  3.527352  1397.9  2.8086E-01
16.7595359  4.2230E+00  3.523493  1407.8  2.8316E-01
16.7521025  4.3143E+00  3.519634  1417.8  2.8544E-01
16.7446260  4.4066E+00  3.515775  1427.7  2.8772E-01
16.7371067  4.4998E+00  3.511915  1437.7  2.8998E-01
16.7295451  4.5938E+00  3.508056  1447.6  2.9226E-01
16.7219410  4.6888E+00  3.504197  1457.6  2.9454E-01
16.7142947  4.7847E+00  3.500338  1467.6  2.9681E-01
16.7066066  4.8814E+00  3.496478  1477.6  2.9908E-01
16.6988772  4.9791E+00  3.492619  1487.6  3.0134E-01
16.6911068  5.0777E+00  3.488760  1497.6  3.0360E-01
16.6832959  5.1773E+00  3.484901  1507.6  3.0584E-01
16.6754452  5.2777E+00  3.481041  1517.7  3.0806E-01
16.6675553  5.3790E+00  3.477182  1527.7  3.1028E-01
16.6596266  5.4813E+00  3.473323  1537.7  3.1248E-01
16.6516596  5.5844E+00  3.469464  1547.8  3.1468E-01
16.6436546  5.6884E+00  3.465604  1557.8  3.1687E-01
16.6356121  5.7934E+00  3.461745  1567.9  3.1906E-01
16.6275323  5.8993E+00  3.457886  1577.9  3.2124E-01
16.6194156  6.0061E+00  3.454027  1588.0  3.2342E-01
16.6112622  6.1137E+00  3.450167  1598.0  3.2561E-01
16.6030723  6.2224E+00  3.446308  1608.0  3.2779E-01
16.5948462  6.3319E+00  3.442449  1618.1  3.2996E-01
16.5865844  6.4423E+00  3.438590  1628.1  3.3213E-01
16.5782872  6.5537E+00  3.434730  1638.1  3.3429E-01
16.5699549  6.6660E+00  3.430871  1648.1  3.3645E-01
16.5615879  6.7792E+00  3.427012  1658.1  3.3861E-01
16.5531862  6.8934E+00  3.423153  1668.1  3.4078E-01
16.5447499  7.0085E+00  3.419293  1678.1  3.4295E-01
16.5362792  7.1245E+00  3.415434  1688.0  3.4512E-01
16.5277744  7.2414E+00  3.411575  1698.0  3.4728E-01
16.5192360  7.3593E+00  3.407716  1707.9  3.4943E-01
16.5106642  7.4782E+00  3.403856  1717.9  3.5159E-01
16.5020593  7.5979E+00  3.399997  1727.8  3.5373E-01
16.4934217  7.7187E+00  3.396138  1737.7  3.5588E-01
16.4847513  7.8403E+00  3.392279  1747.5  3.5804E-01
16.4760486  7.9630E+00  3.388419  1757.4  3.6019E-01
16.4673137  8.0865E+00  3.384560  1767.2  3.6233E-01
16.4585471  8.2111E+00  3.380701  1777.0  3.6447E-01
16.4497488  8.3366E+00  3.376842  1786.8  3.6661E-01
16.4409194  8.4630E+00  3.372982  1796.6  3.6875E-01
16.4320591  8.5904E+00  3.369123  1806.4  3.7088E-01
16.4231680  8.7188E+00  3.365264  1816.1  3.7302E-01
16.4142461  8.8482E+00  3.361405  1825.8  3.7517E-01
16.4052936  8.9785E+00  3.357545  1835.5  3.7731E-01
16.3963107  9.1098E+00  3.353686  1845.1  3.7946E-01
16.3872977  9.2421E+00  3.349827  1854.8  3.8160E-01
16.3782549  9.3753E+00  3.345968  1864.4  3.8375E-01
16.3691820  9.5096E+00  3.342108  1874.0  3.8591E-01
16.3600792  9.6448E+00  3.338249  1883.5  3.8807E-01
16.3509469  9.7811E+00  3.334390  1893.1  3.9022E-01
16.3494219  9.8039E+00  3.333747  1894.6  3.9058E-01
16.3478962  9.8267E+00  3.333104  1896.2  3.9094E-01
16.3463697  9.8496E+00  3.332460  1897.8  3.9130E-01
16.3448423  9.8725E+00  3.331817  1899.4  3.9166E-01
16.3433141  9.8954E+00  3.331174  1901.0  3.9202E-01
16.3417852  9.9183E+00  3.330531  1902.6  3.9237E-01
16.3402554  9.9413E+00  3.329888  1904.1  3.9273E-01
16.3387248  9.9643E+00  3.329244  1905.7  3.9309E-01
16.3371934  9.9873E+00  3.328601  1907.3  3.9345E-01
16.3368104  9.9931E+00  3.328440  1907.7  3.9354E-01
16.3364274  9.9988E+00  3.328279  1908.1  3.9363E-01
16.3363848  9.9995E+00  3.328262  1908.1  3.9364E-01
16.3363336  1.0000E+01  3.328244  1908.2  8.7354E-01
16.3359558  1.0006E+01  3.328172  1908.5  8.7370E-01
16.3355779  1.0012E+01  3.328101  1908.8  8.7385E-01
16.3352000  1.0017E+01  3.328029  1909.2  8.7401E-01
16.3348220  1.0023E+01  3.327958  1909.5  8.7416E-01
16.3344440  1.0029E+01  3.327886  1909.8  8.7431E-01
16.3340659  1.0034E+01  3.327815  1910.1  8.7447E-01
16.3336878  1.0040E+01  3.327743  1910.5  8.7462E-01
16.3333096  1.0046E+01  3.327672  1910.8  8.7478E-01
16.3329314  1.0051E+01  3.327601  1911.1  8.7493E-01
16.3325531  1.0057E+01  3.327529  1911.4  8.7509E-01
16.3120516  1.0366E+01  3.323670  1929.1  8.8338E-01
16.2914058  1.0679E+01  3.319811  1946.7  8.9159E-01
16.2706182  1.0995E+01  3.315951  1964.3  8.9972E-01
16.2496913  1.1313E+01  3.312092  1981.9  9.0789E-01
16.2286224  1.1636E+01  3.308233  1999.2  9.1614E-01
16.2074134  1.1961E+01  3.304374  2016.4  9.2431E-01
16.1860669  1.2290E+01  3.300514  2033.2  9.3241E-01
16.1645853  1.2621E+01  3.296655  2049.8  9.4044E-01
16.1429701  1.2956E+01  3.292796  2065.9  9.4867E-01
16.1212124  1.3295E+01  3.288937  2081.7  9.5715E-01
16.0993131  1.3636E+01  3.285077  2097.0  9.6558E-01
16.0772744  1.3981E+01  3.281218  2111.8  9.7394E-01
16.0550985  1.4330E+01  3.277359  2126.1  9.8226E-01
16.0327873  1.4681E+01  3.273500  2139.9  9.9051E-01
16.0103429  1.5036E+01  3.269640  2153.1  9.9872E-01
15.9877674  1.5394E+01  3.265781  2165.9  1.0069E+00
15.9650626  1.5756E+01  3.261922  2178.1  1.0150E+00
15.9422306  1.6121E+01  3.258063  2190.0  1.0230E+00
15.9192729  1.6488E+01  3.254203  2201.5  1.0310E+00
15.8961911  1.6860E+01  3.250344  2212.6  1.0390E+00
15.8729871  1.7234E+01  3.246485  2223.4  1.0470E+00
15.8496626  1.7611E+01  3.242626  2234.0  1.0548E+00
15.8262194  1.7992E+01  3.238766  2244.2  1.0627E+00
15.8026592  1.8376E+01  3.234907  2254.3  1.0705E+00
15.7789838  1.8763E+01  3.231048  2264.2  1.0782E+00
15.7551948  1.9153E+01  3.227189  2273.9  1.0860E+00
15.7312940  1.9547E+01  3.223329  2283.4  1.0936E+00
15.7072826  1.9943E+01  3.219470  2292.9  1.1013E+00
15.6831610  2.0343E+01  3.215611  2302.2  1.1090E+00
15.6589306  2.0745E+01  3.211752  2311.5  1.1166E+00
15.6345930  2.1151E+01  3.207892  2320.6  1.1242E+00
15.6101497  2.1560E+01  3.204033  2329.8  1.1318E+00
15.5856023  2.1972E+01  3.200174  2338.9  1.1393E+00
15.5609522  2.2387E+01  3.196315  2348.0  1.1468E+00
15.5362009  2.2805E+01  3.192455  2357.1  1.1542E+00
15.5113499  2.3226E+01  3.188596  2366.1  1.1616E+00
15.4864006  2.3650E+01  3.184737  2375.1  1.1690E+00
15.4613547  2.4078E+01  3.180878  2384.2  1.1763E+00
15.4362134  2.4508E+01  3.177018  2393.2  1.1837E+00
15.4109732  2.4941E+01  3.173159  2402.3  1.1913E+00
15.3856326  2.5378E+01  3.169300  2411.4  1.1990E+00
15.3601930  2.5817E+01  3.165441  2420.5  1.2065E+00
15.3346557  2.6260E+01  3.161581  2429.6  1.2141E+00
15.3090220  2.6706E+01  3.157722  2438.8  1.2216E+00
15.2832930  2.7155E+01  3.153863  2448.0  1.2291E+00
15.2574703  2.7607E+01  3.150004  2457.2  1.2366E+00
15.2315549  2.8062E+01  3.146144  2466.5  1.2440E+00
15.2055481  2.8520E+01  3.142285  2475.9  1.2514E+00
15.1794511  2.8982E+01  3.138426  2485.3  1.2588E+00
15.1532652  2.9446E+01  3.134567  2494.7  1.2662E+00
15.1269913  2.9913E+01  3.130707  2504.3  1.2736E+00
15.1006301  3.0384E+01  3.126848  2513.9  1.2809E+00
15.0741829  3.0857E+01  3.122989  2523.5  1.2883E+00
15.0476507  3.1334E+01  3.119130  2533.2  1.2956E+00
15.0210347  3.1814E+01  3.115270  2543.0  1.3028E+00
14.9943361  3.2296E+01  3.111411  2552.8  1.3101E+00
14.9675560  3.2782E+01  3.107552  2562.6  1.3173E+00
14.9406955  3.3271E+01  3.103693  2572.4  1.3245E+00
14.9137558  3.3762E+01  3.099833  2582.2  1.3317E+00
14.8867378  3.4257E+01  3.095974  2591.9  1.3389E+00
14.8596428  3.4755E+01  3.092115  2601.6  1.3460E+00
14.8324719  3.5255E+01  3.088256  2611.3  1.3531E+00
14.8052259  3.5759E+01  3.084396  2620.9  1.3602E+00
14.7779062  3.6266E+01  3.080537  2630.4  1.3673E+00
14.7505141  3.6775E+01  3.076678  2639.9  1.3743E+00
14.7230512  3.7288E+01  3.072819  2649.2  1.3813E+00
14.6955185  3.7803E+01  3.068959  2658.5  1.3883E+00
14.6679172  3.8322E+01  3.065100  2667.6  1.3952E+00
14.6402481  3.8843E+01  3.061241  2676.6  1.4021E+00
14.6125124  3.9367E+01  3.057382  2685.4  1.4090E+00
14.5847110  3.9895E+01  3.053523  2694.2  1.4159E+00
14.5568448  4.0425E+01  3.049663  2702.7  1.4228E+00
14.5289150  4.0958E+01  3.045804  2711.2  1.4296E+00
14.5009224  4.1494E+01  3.041945  2719.4  1.4364E+00
14.4728680  4.2032E+01  3.038086  2727.5  1.4432E+00
14.4447528  4.2574E+01  3.034226  2735.4  1.4500E+00
14.4165777  4.3118E+01  3.030367  2743.1  1.4568E+00
14.3883422  4.3666E+01  3.026508  2750.6  1.4637E+00
14.3600463  4.4216E+01  3.022649  2757.9  1.4705E+00
14.3316907  4.4769E+01  3.018789  2765.0  1.4774E+00
14.3032766  4.5325E+01  3.014930  2771.9  1.4841E+00
14.2748063  4.5884E+01  3.011071  2778.7  1.4908E+00
14.2462812  4.6446E+01  3.007212  2785.2  1.4975E+00
14.2177020  4.7011E+01  3.003352  2791.6  1.5042E+00
14.1890698  4.7578E+01  2.999493  2797.9  1.5108E+00
14.1603853  4.8148E+01  2.995634  2804.0  1.5175E+00
14.1316494  4.8721E+01  2.991775  2810.0  1.5241E+00
14.1028631  4.9297E+01  2.987915  2815.9  1.5307E+00
14.0740271  4.9876E+01  2.984056  2821.6  1.5373E+00
14.0451424  5.0458E+01  2.980197  2827.3  1.5438E+00
14.0162098  5.1042E+01  2.976338  2832.9  1.5504E+00
13.9872301  5.1629E+01  2.972478  2838.4  1.5569E+00
13.9582041  5.2219E+01  2.968619  2843.8  1.5634E+00
13.9291328  5.2811E+01  2.964760  2849.2  1.5699E+00
13.9000169  5.3407E+01  2.960901  2854.5  1.5764E+00
13.8708572  5.4005E+01  2.957041  2859.7  1.5829E+00
13.8416546  5.4606E+01  2.953182  2865.0  1.5893E+00
13.8124099  5.5210E+01  2.949323  2870.2  1.5958E+00
13.7831238  5.5816E+01  2.945464  2875.3  1.6022E+00
13.7537977  5.6425E+01  2.941604  2880.4  1.6086E+00
13.7244329  5.7037E+01  2.937745  2885.6  1.6149E+00
13.6950303  5.7652E+01  2.933886  2890.7  1.6212E+00
13.6655905  5.8269E+01  2.930027  2895.8  1.6275E+00
13.6361144  5.8889E+01  2.926167  2900.9  1.6338E+00
13.6066027  5.9512E+01  2.922308  2906.1  1.6401E+00
13.5770562  6.0138E+01  2.918449  2911.2  1.6463E+00
13.5474757  6.0766E+01  2.914590  2916.4  1.6526E+00
13.5178618  6.1396E+01  2.910730  2921.6  1.6588E+00
13.4882154  6.2030E+01  2.906871  2926.8  1.6650E+00
13.4585372  6.2666E+01  2.903012  2932.1  1.6712E+00
13.4288278  6.3305E+01  2.899153  2937.4  1.6774E+00
13.3990881  6.3946E+01  2.895293  2942.8  1.6836E+00
13.3693188  6.4590E+01  2.891434  2948.2  1.6897E+00
13.3395206  6.5237E+01  2.887575  2953.7  1.6959E+00
13.3096942  6.5886E+01  2.883716  2959.2  1.7020E+00
13.2798403  6.6538E+01  2.879856  2964.8  1.7081E+00
13.2499596  6.7193E+01  2.875997  2970.4  1.7142E+00
13.2200528  6.7850E+01  2.872138  2976.1  1.7203E+00
13.1901206  6.8510E+01  2.868279  2981.8  1.7264E+00
13.1601638  6.9173E+01  2.864419  2987.6  1.7324E+00
13.1301829  6.9838E+01  2.860560  2993.4  1.7385E+00
13.1001787  7.0506E+01  2.856701  2999.2  1.7445E+00
13.0701536  7.1176E+01  2.852842  3005.2  1.7504E+00
13.0401096  7.1849E+01  2.848982  3011.1  1.7562E+00
13.0100475  7.2524E+01  2.845123  3017.1  1.7620E+00
12.9799678  7.3202E+01  2.841264  3023.1  1.7678E+00
12.9498712  7.3882E+01  2.837405  3029.2  1.7736E+00
12.9197584  7.4565E+01  2.833545  3035.3  1.7794E+00
12.8896299  7.5250E+01  2.829686  3041.5  1.7851E+00
12.8594866  7.5938E+01  2.825827  3047.7  1.7909E+00
12.8293289  7.6628E+01  2.821968  3053.9  1.7966E+00
12.7991575  7.7321E+01  2.818108  3060.1  1.8023E+00
12.7689731  7.8016E+01  2.814249  3066.5  1.8080E+00
12.7387763  7.8714E+01  2.810390  3072.8  1.8137E+00
12.7085676  7.9414E+01  2.806531  3079.2  1.8194E+00
12.6783478  8.0117E+01  2.802671  3085.6  1.8251E+00
12.6481173  8.0822E+01  2.798812  3092.0  1.8308E+00
12.6178769  8.1530E+01  2.794953  3098.5  1.8364E+00
12.5876271  8.2240E+01  2.791094  3105.0  1.8420E+00
12.5573685  8.2952E+01  2.787234  3111.6  1.8477E+00
12.5271017  8.3667E+01  2.783375  3118.1  1.8533E+00
12.4968275  8.4384E+01  2.779516  3124.8  1.8588E+00
12.4665481  8.5104E+01  2.775657  3131.4  1.8643E+00
12.4362638  8.5826E+01  2.771797  3138.1  1.8698E+00
12.4059744  8.6551E+01  2.767938  3144.8  1.8753E+00
12.3756802  8.7278E+01  2.764079  3151.5  1.8808E+00
12.3453818  8.8007E+01  2.760220  3158.3  1.8863E+00
12.3150798  8.8739E+01  2.756360  3165.0  1.8918E+00
12.2847748  8.9473E+01  2.752501  3171.9  1.8973E+00
12.2544673  9.0209E+01  2.748642  3178.7  1.9028E+00
12.2241578  9.0948E+01  2.744783  3185.6  1.9082E+00
12.1938470  9.1689E+01  2.740923  3192.5  1.9137E+00
12.1635353  9.2433E+01  2.737064  3199.4  1.9191E+00
12.1332233  9.3179E+01  2.733205  3206.4  1.9246E+00
12.1029115  9.3927E+01  2.729346  3213.3  1.9300E+00
12.0726005  9.4678E+01  2.725486  3220.3  1.9354E+00
12.0422908  9.5431E+01  2.721627  3227.4  1.9408E+00
12.0119829  9.6186E+01  2.717768  3234.4  1.9462E+00
11.9816774  9.6944E+01  2.713909  3241.5  1.9515E+00
11.9513747  9.7704E+01  2.710049  3248.5  1.9569E+00
11.9210754  9.8466E+01  2.706190  3255.6  1.9622E+00
11.8907800  9.9231E+01  2.702331  3262.7  1.9676E+00
11.8604890  9.9998E+01  2.698472  3269.9  1.9729E+00
11.8302029  1.0077E+02  2.694612  3277.0  1.9782E+00
11.7999222  1.0154E+02  2.690753  3284.1  1.9835E+00
11.7696475  1.0231E+02  2.686894  3291.3  1.9888E+00
11.7393791  1.0309E+02  2.683035  3298.4  1.9941E+00
11.7091179  1.0387E+02  2.679175  3305.6  1.9993E+00
11.6788653  1.0465E+02  2.675316  3312.7  2.0045E+00
11.6486220  1.0543E+02  2.671457  3319.9  2.0097E+00
11.6183886  1.0622E+02  2.667598  3327.0  2.0148E+00
11.5881653  1.0700E+02  2.663738  3334.2  2.0200E+00
11.5579528  1.0779E+02  2.659879  3341.3  2.0251E+00
11.5277515  1.0859E+02  2.656020  3348.5  2.0302E+00
11.4975619  1.0938E+02  2.652161  3355.6  2.0353E+00
11.4673844  1.1018E+02  2.648301  3362.8  2.0404E+00
11.4372194  1.1098E+02  2.644442  3369.9  2.0455E+00
11.4070675  1.1178E+02  2.640583  3377.0  2.0506E+00
11.3769291  1.1258E+02  2.636724  3384.1  2.0557E+00
11.3468046  1.1339E+02  2.632865  3391.2  2.0607E+00
11.3166946  1.1419E+02  2.629005  3398.3  2.0658E+00
11.2865993  1.1500E+02  2.625146  3405.4  2.0708E+00
11.2565193  1.1582E+02  2.621287  3412.4  2.0759E+00
11.2264551  1.1663E+02  2.617428  3419.5  2.0809E+00
11.1964070  1.1745E+02  2.613568  3426.5  2.0859E+00
11.1663754  1.1826E+02  2.609709  3433.5  2.0909E+00
11.1363609  1.1909E+02  2.605850  3440.5  2.0959E+00
11.1063638  1.1991E+02  2.601991  3447.5  2.1009E+00
11.0763846  1.2073E+02  2.598131  3454.4  2.1059E+00
11.0464234  1.2156E+02  2.594272  3461.4  2.1109E+00
11.0164798  1.2239E+02  2.590413  3468.3  2.1159E+00
10.9865541  1.2322E+02  2.586554  3475.2  2.1210E+00
10.9566468  1.2406E+02  2.582694  3482.0  2.1260E+00
10.9267582  1.2489E+02  2.578835  3488.9  2.1310E+00
10.8968887  1.2573E+02  2.574976  3495.7  2.1360E+00
10.8670388  1.2657E+02  2.571117  3502.5  2.1410E+00
10.8372088  1.2741E+02  2.567257  3509.2  2.1460E+00
10.8073992  1.2826E+02  2.563398  3515.9  2.1510E+00
10.7776104  1.2911E+02  2.559539  3522.6  2.1559E+00
10.7478427  1.2996E+02  2.555680  3529.3  2.1609E+00
10.7180965  1.3081E+02  2.551820  3535.9  2.1659E+00
10.6883723  1.3166E+02  2.547961  3542.6  2.1708E+00
10.6586704  1.3252E+02  2.544102  3549.1  2.1758E+00
10.6289912  1.3338E+02  2.540243  3555.7  2.1807E+00
10.5993352  1.3424E+02  2.536383  3562.2  2.1856E+00
10.5697025  1.3510E+02  2.532524  3568.7  2.1905E+00
10.5400938  1.3596E+02  2.528665  3575.1  2.1954E+00
10.5105093  1.3683E+02  2.524806  3581.5  2.2003E+00
10.4809493  1.3770E+02  2.520946  3587.9  2.2052E+00
10.4514144  1.3857E+02  2.517087  3594.2  2.2101E+00
10.4219048  1.3944E+02  2.513228  3600.6  2.2150E+00
10.3924208  1.4032E+02  2.509369  3606.9  2.2199E+00
10.3629629  1.4120E+02  2.505509  3613.1  2.2247E+00
10.3335314  1.4208E+02  2.501650  3619.4  2.2296E+00
10.3041267  1.4296E+02  2.497791  3625.6  2.2344E+00
10.2747490  1.4384E+02  2.493932  3631.8  2.2393E+00
10.2453989  1.4473E+02  2.490072  3637.9  2.2441E+00
10.2160765  1.4562E+02  2.486213  3644.1  2.2489E+00
10.1867824  1.4651E+02  2.482354  3650.2  2.2537E+00
10.1575167  1.4740E+02  2.478495  3656.3  2.2586E+00
10.1282799  1.4829E+02  2.474635  3662.4  2.2634E+00
10.0990723  1.4919E+02  2.470776  3668.4  2.2682E+00
10.0698943  1.5009E+02  2.466917  3674.5  2.2729E+00
10.0407461  1.5099E+02  2.463058  3680.5  2.2777E+00
10.0116281  1.5189E+02  2.459198  3686.5  2.2825E+00
 9.9825407  1.5280E+02  2.455339  3692.5  2.2873E+00
 9.9534841  1.5370E+02  2.451480  3698.5  2.2920E+00
 9.9244588  1.5461E+02  2.447621  3704.4  2.2968E+00
 9.8954649  1.5552E+02  2.443761  3710.4  2.3015E+00
 9.8665030  1.5644E+02  2.439902  3716.3  2.3062E+00
 9.8375734  1.5735E+02  2.436043  3722.3  2.3109E+00
 9.8086768  1.5827E+02  2.432184  3728.2  2.3156E+00
 9.7798137  1.5919E+02  2.428324  3734.1  2.3203E+00
 9.7509843  1.6011E+02  2.424465  3740.0  2.3249E+00
 9.7221889  1.6104E+02  2.420606  3745.9  2.3296E+00
 9.6934280  1.6196E+02  2.416747  3751.8  2.3342E+00
 9.6647017  1.6289E+02  2.412887  3757.7  2.3388E+00
 9.6360105  1.6382E+02  2.409028  3763.6  2.3435E+00
 9.6073547  1.6475E+02  2.405169  3769.4  2.3481E+00
 9.5787345  1.6569E+02  2.401310  3775.3  2.3527E+00
 9.5501502  1.6662E+02  2.397450  3781.2  2.3573E+00
 9.5216021  1.6756E+02  2.393591  3787.0  2.3619E+00
 9.4930906  1.6850E+02  2.389732  3792.9  2.3665E+00
 9.4646158  1.6945E+02  2.385873  3798.7  2.3711E+00
 9.4361782  1.7039E+02  2.382013  3804.6  2.3756E+00
 9.4077779  1.7134E+02  2.378154  3810.4  2.3802E+00
 9.3794153  1.7229E+02  2.374295  3816.3  2.3848E+00
 9.3510906  1.7324E+02  2.370436  3822.2  2.3893E+00
 9.3228042  1.7419E+02  2.366576  3828.0  2.3939E+00
 9.2945562  1.7514E+02  2.362717  3833.9  2.3984E+00
 9.2663471  1.7610E+02  2.358858  3839.7  2.4030E+00
 9.2381770  1.7706E+02  2.354999  3845.6  2.4075E+00
 9.2100462  1.7802E+02  2.351139  3851.5  2.4120E+00
 9.1819551  1.7898E+02  2.347280  3857.3  2.4165E+00
 9.1539037  1.7995E+02  2.343421  3863.2  2.4211E+00
 9.1258926  1.8091E+02  2.339562  3869.1  2.4256E+00
 9.0979218  1.8188E+02  2.335702  3875.0  2.4301E+00
 9.0699916  1.8285E+02  2.331843  3880.9  2.4345E+00
 9.0421024  1.8383E+02  2.327984  3886.8  2.4390E+00
 9.0142544  1.8480E+02  2.324125  3892.7  2.4435E+00
 8.9864478  1.8578E+02  2.320265  3898.6  2.4480E+00
 8.9586828  1.8676E+02  2.316406  3904.6  2.4525E+00
 8.9309598  1.8774E+02  2.312547  3910.5  2.4569E+00
 8.9032790  1.8872E+02  2.308688  3916.5  2.4614E+00
 8.8756406  1.8971E+02  2.304828  3922.4  2.4658E+00
 8.8480449  1.9070E+02  2.300969  3928.4  2.4703E+00
 8.8204921  1.9169E+02  2.297110  3934.4  2.4747E+00
 8.7929825  1.9268E+02  2.293251  3940.4  2.4791E+00
 8.7655163  1.9367E+02  2.289391  3946.4  2.4836E+00
 8.7380940  1.9467E+02  2.285532  3952.4  2.4879E+00
 8.7107160  1.9566E+02  2.281673  3958.5  2.4923E+00
 8.6833826  1.9666E+02  2.277814  3964.5  2.4967E+00
 8.6560939  1.9766E+02  2.273954  3970.6  2.5011E+00
 8.6288502  1.9867E+02  2.270095  3976.6  2.5054E+00
 8.6016518  1.9967E+02  2.266236  3982.7  2.5098E+00
 8.5744988  2.0068E+02  2.262377  3988.8  2.5141E+00
 8.5473915  2.0169E+02  2.258517  3994.9  2.5185E+00
 8.5203301  2.0270E+02  2.254658  4001.0  2.5228E+00
 8.4933149  2.0371E+02  2.250799  4007.2  2.5271E+00
 8.4663459  2.0473E+02  2.246940  4013.3  2.5314E+00
 8.4394236  2.0575E+02  2.243080  4019.4  2.5358E+00
 8.4125480  2.0677E+02  2.239221  4025.6  2.5401E+00
 8.3857194  2.0779E+02  2.235362  4031.7  2.5444E+00
 8.3589380  2.0881E+02  2.231503  4037.9  2.5487E+00
 8.3322041  2.0984E+02  2.227644  4044.0  2.5530E+00
 8.3055177  2.1086E+02  2.223784  4050.2  2.5573E+00
 8.2788792  2.1189E+02  2.219925  4056.3  2.5616E+00
 8.2522887  2.1293E+02  2.216066  4062.5  2.5658E+00
 8.2257464  2.1396E+02  2.212207  4068.7  2.5701E+00
 8.1992526  2.1499E+02  2.208347  4074.8  2.5744E+00
 8.1728074  2.1603E+02  2.204488  4081.0  2.5786E+00
 8.1464110  2.1707E+02  2.200629  4087.1  2.5829E+00
 8.1200637  2.1811E+02  2.196770  4093.3  2.5872E+00
 8.0937656  2.1916E+02  2.192910  4099.5  2.5914E+00
 8.0675169  2.2020E+02  2.189051  4105.6  2.5957E+00
 8.0413178  2.2125E+02  2.185192  4111.8  2.5999E+00
 8.0151686  2.2230E+02  2.181333  4117.9  2.6041E+00
 7.9890693  2.2335E+02  2.177473  4124.1  2.6084E+00
 7.9630201  2.2440E+02  2.173614  4130.2  2.6126E+00
 7.9370214  2.2546E+02  2.169755  4136.3  2.6168E+00
 7.9110732  2.2652E+02  2.165896  4142.5  2.6210E+00
 7.8851757  2.2758E+02  2.162036  4148.6  2.6252E+00
 7.8593291  2.2864E+02  2.158177  4154.7  2.6294E+00
 7.8335335  2.2970E+02  2.154318  4160.8  2.6336E+00
 7.8077893  2.3077E+02  2.150459  4166.9  2.6378E+00
 7.7820964  2.3184E+02  2.146599  4173.0  2.6420E+00
 7.7564551  2.3291E+02  2.142740  4179.1  2.6462E+00
 7.7308654  2.3398E+02  2.138881  4185.2  2.6504E+00
 7.7053276  2.3505E+02  2.135022  4191.2  2.6546E+00
 7.6798419  2.3613E+02  2.131162  4197.3  2.6588E+00
 7.6544084  2.3721E+02  2.127303  4203.3  2.6629E+00
 7.6290272  2.3829E+02  2.123444  4209.4  2.6671E+00
 7.6036986  2.3937E+02  2.119585  4215.4  2.6713E+00
 7.5784227  2.4045E+02  2.115725  4221.4  2.6754E+00
 7.5531997  2.4154E+02  2.111866  4227.4  2.6796E+00
 7.5280296  2.4263E+02  2.108007  4233.4  2.6838E+00
 7.5029128  2.4372E+02  2.104148  4239.3  2.6879E+00
 7.4778493  2.4481E+02  2.100288  4245.3  2.6920E+00
 7.4528393  2.4590E+02  2.096429  4251.2  2.6962E+00
 7.4278829  2.4700E+02  2.092570  4257.1  2.7003E+00
 7.4029803  2.4810E+02  2.088711  4263.0  2.7045E+00
 7.3781317  2.4920E+02  2.084851  4268.9  2.7086E+00
 7.3533371  2.5030E+02  2.080992  4274.8  2.7127E+00
 7.3285969  2.5140E+02  2.077133  4280.6  2.7168E+00
 7.3039110  2.5251E+02  2.073274  4286.5  2.7209E+00
 7.2792796  2.5362E+02  2.069414  4292.3  2.7250E+00
 7.2547029  2.5473E+02  2.065555  4298.1  2.7291E+00
 7.2301811  2.5584E+02  2.061696  4303.9  2.7332E+00
 7.2057142  2.5696E+02  2.057837  4309.6  2.7373E+00
 7.1813024  2.5808E+02  2.053977  4315.4  2.7414E+00
 7.1569458  2.5920E+02  2.050118  4321.1  2.7455E+00
 7.1326446  2.6032E+02  2.046259  4326.8  2.7496E+00
 7.1083989  2.6144E+02  2.042400  4332.5  2.7537E+00
 7.0842089  2.6257E+02  2.038540  4338.1  2.7578E+00
 7.0600746  2.6369E+02  2.034681  4343.8  2.7618E+00
 7.0359963  2.6482E+02  2.030822  4349.4  2.7659E+00
 7.0119739  2.6595E+02  2.026963  4355.0  2.7700E+00
 6.9880076  2.6709E+02  2.023103  4360.5  2.7741E+00
 6.9640973  2.6822E+02  2.019244  4366.1  2.7782E+00
 6.9402431  2.6936E+02  2.015385  4371.6  2.7823E+00
 6.9164452  2.7050E+02  2.011526  4377.1  2.7863E+00
 6.8927038  2.7165E+02  2.007666  4382.6  2.7904E+00
 6.8690189  2.7279E+02  2.003807  4388.0  2.7945E+00
 6.8453906  2.7394E+02  1.999948  4393.4  2.7986E+00
 6.8218191  2.7509E+02  1.996089  4398.8  2.8026E+00
 6.7983046  2.7624E+02  1.992229  4404.2  2.8067E+00
 6.7748470  2.7739E+02  1.988370  4409.6  2.8107E+00
 6.7514465  2.7855E+02  1.984511  4414.9  2.8148E+00
 6.7281033  2.7970E+02  1.980652  4420.2  2.8189E+00
 6.7048175  2.8086E+02  1.976792  4425.5  2.8229E+00
 6.6815891  2.8202E+02  1.972933  4430.7  2.8269E+00
 6.6584182  2.8319E+02  1.969074  4435.9  2.8310E+00
 6.6353051  2.8436E+02  1.965215  4441.1  2.8350E+00
 6.6122497  2.8552E+02  1.961355  4446.2  2.8391E+00
 6.5892523  2.8669E+02  1.957496  4451.4  2.8431E+00
 6.5663128  2.8787E+02  1.953637  4456.5  2.8471E+00
 6.5434315  2.8904E+02  1.949778  4461.6  2.8512E+00
 6.5206083  2.9022E+02  1.945918  4466.6  2.8552E+00
 6.4978434  2.9140E+02  1.942059  4471.7  2.8592E+00
 6.4751370  2.9258E+02  1.938200  4476.7  2.8632E+00
 6.4524890  2.9377E+02  1.934341  4481.6  2.8672E+00
 6.4298997  2.9495E+02  1.930481  4486.6  2.8712E+00
 6.4073690  2.9614E+02  1.926622  4491.6  2.8753E+00
 6.3848971  2.9733E+02  1.922763  4496.5  2.8793E+00
 6.3624841  2.9853E+02  1.918904  4501.4  2.8833E+00
 6.3401304  2.9972E+02  1.915044  4506.3  2.8872E+00
 6.3178360  3.0092E+02  1.911185  4511.1  2.8912E+00
 6.2956012  3.0212E+02  1.907326  4516.0  2.8951E+00
 6.2734260  3.0332E+02  1.903467  4520.8  2.8990E+00
 6.2513104  3.0453E+02  1.899607  4525.6  2.9030E+00
 6.2292547  3.0573E+02  1.895748  4530.4  2.9069E+00
 6.2072588  3.0694E+02  1.891889  4535.1  2.9109E+00
 6.1853227  3.0815E+02  1.888030  4539.9  2.9148E+00
 6.1634454  3.0937E+02  1.884170  4544.6  2.9190E+00
 6.1416260  3.1058E+02  1.880311  4549.4  2.9232E+00
 6.1198648  3.1180E+02  1.876452  4554.1  2.9275E+00
 6.0981617  3.1302E+02  1.872593  4558.8  2.9317E+00
 6.0765169  3.1425E+02  1.868733  4563.5  2.9359E+00
 6.0549304  3.1547E+02  1.864874  4568.1  2.9401E+00
 6.0334024  3.1670E+02  1.861015  4572.8  2.9443E+00
 6.0119329  3.1793E+02  1.857156  4577.4  2.9485E+00
 5.9905220  3.1917E+02  1.853296  4582.1  2.9526E+00
 5.9691698  3.2040E+02  1.849437  4586.7  2.9568E+00
 5.9478764  3.2164E+02  1.845578  4591.3  2.9610E+00
 5.9266418  3.2288E+02  1.841719  4595.9  2.9652E+00
 5.9054661  3.2413E+02  1.837859  4600.5  2.9694E+00
 5.8843495  3.2537E+02  1.834000  4605.1  2.9736E+00
 5.8632919  3.2662E+02  1.830141  4609.7  2.9778E+00
 5.8422934  3.2787E+02  1.826282  4614.3  2.9820E+00
 5.8213542  3.2913E+02  1.822423  4618.9  2.9861E+00
 5.8004742  3.3038E+02  1.818563  4623.4  2.9903E+00
 5.7796536  3.3164E+02  1.814704  4628.0  2.9945E+00
 5.7588925  3.3290E+02  1.810845  4632.5  2.9987E+00
 5.7381908  3.3417E+02  1.806986  4637.1  3.0028E+00
 5.7175487  3.3543E+02  1.803126  4641.6  3.0070E+00
 5.6969662  3.3670E+02  1.799267  4646.2  3.0112E+00
 5.6764435  3.3798E+02  1.795408  4650.7  3.0154E+00
 5.6559804  3.3925E+02  1.791549  4655.2  3.0195E+00
 5.6355772  3.4053E+02  1.787689  4659.8  3.0237E+00
 5.6152339  3.4181E+02  1.783830  4664.3  3.0279E+00
 5.5949505  3.4309E+02  1.779971  4668.8  3.0320E+00
 5.5747271  3.4438E+02  1.776112  4673.3  3.0362E+00
 5.5545638  3.4567E+02  1.772252  4677.8  3.0404E+00
 5.5344606  3.4696E+02  1.768393  4682.4  3.0445E+00
 5.5144176  3.4825E+02  1.764534  4686.9  3.0487E+00
 5.4944347  3.4955E+02  1.760675  4691.4  3.0528E+00
 5.4745122  3.5085E+02  1.756815  4695.9  3.0570E+00
 5.4546500  3.5215E+02  1.752956  4700.5  3.0612E+00
 5.4348481  3.5345E+02  1.749097  4705.0  3.0653E+00
 5.4151067  3.5476E+02  1.745238  4709.5  3.0695E+00
 5.3954258  3.5607E+02  1.741378  4714.0  3.0736E+00
 5.3758054  3.5738E+02  1.737519  4718.6  3.0778E+00
 5.3562455  3.5870E+02  1.733660  4723.1  3.0820E+00
 5.3367463  3.6002E+02  1.729801  4727.7  3.0861E+00
 5.3173078  3.6134E+02  1.725941  4732.2  3.0903E+00
 5.2979297  3.6267E+02  1.722082  4736.8  3.0945E+00
 5.2786121  3.6399E+02  1.718223  4741.3  3.0987E+00
 5.2593550  3.6533E+02  1.714364  4745.9  3.1029E+00
 5.2401585  3.6666E+02  1.710504  4750.4  3.1071E+00
 5.2210226  3.6800E+02  1.706645  4755.0  3.1112E+00
 5.2019474  3.6933E+02  1.702786  4759.6  3.1154E+00
 5.1829329  3.7068E+02  1.698927  4764.2  3.1196E+00
 5.1639791  3.7202E+02  1.695067  4768.8  3.1238E+00
 5.1450861  3.7337E+02  1.691208  4773.4  3.1280E+00
 5.1262539  3.7472E+02  1.687349  4778.0  3.1322E+00
 5.1074825  3.7608E+02  1.683490  4782.6  3.1364E+00
 5.0887720  3.7744E+02  1.679630  4787.2  3.1406E+00
 5.0701224  3.7880E+02  1.675771  4791.9  3.1448E+00
 5.0515337  3.8016E+02  1.671912  4796.5  3.1490E+00
 5.0330060  3.8153E+02  1.668053  4801.2  3.1532E+00
 5.0145394  3.8290E+02  1.664193  4805.9  3.1574E+00
 4.9961337  3.8427E+02  1.660334  4810.6  3.1616E+00
 4.9777891  3.8565E+02  1.656475  4815.3  3.1658E+00
 4.9595055  3.8703E+02  1.652616  4820.0  3.1699E+00
 4.9412831  3.8841E+02  1.648756  4824.7  3.1741E+00
 4.9231217  3.8980E+02  1.644897  4829.4  3.1783E+00
 4.9050216  3.9119E+02  1.641038  4834.2  3.1825E+00
 4.8869826  3.9258E+02  1.637179  4838.9  3.1867E+00
 4.8690048  3.9398E+02  1.633319  4843.7  3.1909E+00
 4.8510882  3.9537E+02  1.629460  4848.5  3.1951E+00
 4.8332328  3.9678E+02  1.625601  4853.3  3.1993E+00
 4.8154387  3.9818E+02  1.621742  4858.1  3.2035E+00
 4.7977058  3.9959E+02  1.617882  4863.0  3.2077E+00
 4.7800343  4.0101E+02  1.614023  4867.8  3.2119E+00
 4.7624240  4.0242E+02  1.610164  4872.7  3.2161E+00
 4.7448750  4.0384E+02  1.606305  4877.6  3.2203E+00
 4.7273874  4.0526E+02  1.602445  4882.5  3.2245E+00
 4.7099611  4.0669E+02  1.598586  4887.4  3.2287E+00
 4.6925961  4.0812E+02  1.594727  4892.4  3.2329E+00
 4.6752925  4.0956E+02  1.590868  4897.4  3.2371E+00
 4.6580503  4.1099E+02  1.587008  4902.3  3.2413E+00
 4.6408694  4.1243E+02  1.583149  4907.3  3.2455E+00
 4.6237499  4.1388E+02  1.579290  4912.4  3.2497E+00
 4.6066918  4.1533E+02  1.575431  4917.4  3.2540E+00
 4.5896951  4.1678E+02  1.571571  4922.5  3.2582E+00
 4.5727598  4.1823E+02  1.567712  4927.5  3.2624E+00
 4.5558859  4.1969E+02  1.563853  4932.6  3.2666E+00
 4.5390733  4.2115E+02  1.559994  4937.8  3.2708E+00
 4.5223222  4.2262E+02  1.556134  4942.9  3.2750E+00
 4.5056325  4.2409E+02  1.552275  4948.0  3.2792E+00
 4.4890042  4.2556E+02  1.548416  4953.2  3.2835E+00
 4.4724373  4.2704E+02  1.544557  4958.4  3.2877E+00
 4.4559317  4.2852E+02  1.540697  4963.6  3.2919E+00
 4.4394876  4.3001E+02  1.536838  4968.8  3.2961E+00
 4.4231049  4.3150E+02  1.532979  4974.1  3.3003E+00
 4.4067837  4.3299E+02  1.529120  4979.3  3.3045E+00
 4.3905242  4.3449E+02  1.525260  4984.6  3.3087E+00
 4.3743262  4.3599E+02  1.521401  4989.9  3.3129E+00
 4.3581898  4.3750E+02  1.517542  4995.2  3.3171E+00
 4.3421149  4.3901E+02  1.513683  5000.5  3.3213E+00
 4.3261016  4.4052E+02  1.509823  5005.8  3.3255E+00
 4.3101498  4.4204E+02  1.505964  5011.2  3.3297E+00
 4.2942596  4.4356E+02  1.502105  5016.5  3.3339E+00
 4.2784309  4.4508E+02  1.498246  5021.9  3.3381E+00
 4.2626636  4.4661E+02  1.494386  5027.3  3.3423E+00
 4.2469579  4.4815E+02  1.490527  5032.7  3.3465E+00
 4.2313136  4.4969E+02  1.486668  5038.2  3.3507E+00
 4.2157307  4.5123E+02  1.482809  5043.6  3.3549E+00
 4.2002093  4.5278E+02  1.478949  5049.1  3.3591E+00
 4.1847493  4.5433E+02  1.475090  5054.5  3.3633E+00
 4.1693506  4.5588E+02  1.471231  5060.0  3.3676E+00
 4.1540134  4.5744E+02  1.467372  5065.5  3.3718E+00
 4.1387374  4.5901E+02  1.463512  5071.0  3.3760E+00
 4.1235228  4.6058E+02  1.459653  5076.5  3.3802E+00
 4.1083695  4.6215E+02  1.455794  5082.1  3.3845E+00
 4.0932774  4.6373E+02  1.451935  5087.6  3.3887E+00
 4.0782466  4.6531E+02  1.448075  5093.2  3.3929E+00
 4.0632769  4.6690E+02  1.444216  5098.8  3.3972E+00
 4.0483685  4.6849E+02  1.440357  5104.3  3.4014E+00
 4.0335212  4.7009E+02  1.436498  5110.0  3.4057E+00
 4.0187351  4.7169E+02  1.432638  5115.6  3.4099E+00
 4.0040100  4.7329E+02  1.428779  5121.2  3.4142E+00
 3.9893460  4.7491E+02  1.424920  5126.8  3.4184E+00
 3.9747430  4.7652E+02  1.421061  5132.5  3.4227E+00
 3.9602010  4.7814E+02  1.417201  5138.1  3.4270E+00
 3.9457200  4.7977E+02  1.413342  5143.8  3.4312E+00
 3.9313000  4.8140E+02  1.409483  5149.5  3.4355E+00
 3.9169408  4.8303E+02  1.405624  5155.2  3.4398E+00
 3.9026424  4.8467E+02  1.401765  5160.9  3.4441E+00
 3.8884049  4.8632E+02  1.397905  5166.6  3.4484E+00
 3.8742282  4.8797E+02  1.394046  5172.4  3.4526E+00
 3.8601122  4.8963E+02  1.390187  5178.1  3.4569E+00
 3.8460569  4.9129E+02  1.386328  5183.8  3.4612E+00
 3.8320623  4.9296E+02  1.382468  5189.6  3.4655E+00
 3.8181282  4.9463E+02  1.378609  5195.4  3.4698E+00
 3.8042548  4.9631E+02  1.374750  5201.2  3.4742E+00
 3.7904419  4.9799E+02  1.370891  5207.0  3.4785E+00
 3.7766895  4.9968E+02  1.367031  5212.8  3.4828E+00
 3.7629976  5.0137E+02  1.363172  5218.6  3.4871E+00
 3.7493662  5.0307E+02  1.359313  5224.4  3.4914E+00
 3.7357951  5.0477E+02  1.355454  5230.2  3.4957E+00
 3.7222844  5.0649E+02  1.351594  5236.1  3.5001E+00
 3.7088339  5.0820E+02  1.347735  5241.9  3.5044E+00
 3.6954437  5.0992E+02  1.343876  5247.8  3.5088E+00
 3.6821137  5.1165E+02  1.340017  5253.6  3.5131E+00
 3.6688438  5.1339E+02  1.336157  5259.5  3.5175E+00
 3.6556341  5.1513E+02  1.332298  5265.4  3.5218E+00
 3.6424843  5.1687E+02  1.328439  5271.3  3.5262E+00
 3.6293945  5.1862E+02  1.324580  5277.2  3.5305E+00
 3.6163647  5.2038E+02  1.320720  5283.1  3.5349E+00
 3.6033947  5.2215E+02  1.316861  5289.0  3.5393E+00
 3.5904845  5.2392E+02  1.313002  5295.0  3.5437E+00
 3.5776341  5.2569E+02  1.309143  5300.9  3.5481E+00
 3.5648434  5.2748E+02  1.305283  5306.8  3.5525E+00
 3.5521124  5.2927E+02  1.301424  5312.8  3.5569E+00
 3.5394409  5.3106E+02  1.297565  5318.7  3.5613E+00
 3.5268289  5.3287E+02  1.293706  5324.7  3.5657E+00
 3.5142764  5.3468E+02  1.289846  5330.7  3.5702E+00
 3.5017833  5.3649E+02  1.285987  5336.7  3.5746E+00
 3.4893496  5.3831E+02  1.282128  5342.6  3.5790E+00
 3.4769751  5.4014E+02  1.278269  5348.6  3.5835E+00
 3.4646598  5.4198E+02  1.274409  5354.6  3.5879E+00
 3.4524037  5.4382E+02  1.270550  5360.6  3.5924E+00
 3.4402066  5.4567E+02  1.266691  5366.7  3.5969E+00
 3.4280686  5.4753E+02  1.262832  5372.7  3.6013E+00
 3.4159895  5.4940E+02  1.258972  5378.7  3.6058E+00
 3.4039693  5.5127E+02  1.255113  5384.7  3.6103E+00
 3.3920079  5.5315E+02  1.251254  5390.8  3.6148E+00
 3.3801052  5.5503E+02  1.247395  5396.8  3.6193E+00
 3.3682612  5.5693E+02  1.243535  5402.9  3.6238E+00
 3.3564758  5.5883E+02  1.239676  5408.9  3.6283E+00
 3.3447490  5.6074E+02  1.235817  5415.0  3.6329E+00
 3.3330806  5.6265E+02  1.231958  5421.0  3.6374E+00
 3.3214705  5.6458E+02  1.228098  5427.1  3.6420E+00
 3.3099188  5.6651E+02  1.224239  5433.2  3.6465E+00
 3.2984252  5.6845E+02  1.220380  5439.3  3.6511E+00
 3.2869894  5.7040E+02  1.216521  5445.3  3.6559E+00
 3.2756109  5.7235E+02  1.212661  5451.4  3.6608E+00
 3.2642896  5.7432E+02  1.208802  5457.5  3.6656E+00
 3.2530255  5.7629E+02  1.204943  5463.6  3.6705E+00
 3.2418183  5.7827E+02  1.201084  5469.7  3.6754E+00
 3.2306682  5.8026E+02  1.197224  5475.8  3.6803E+00
 3.2195750  5.8226E+02  1.193365  5481.9  3.6852E+00
 3.2085386  5.8427E+02  1.189506  5488.0  3.6901E+00
 3.1975589  5.8629E+02  1.185647  5494.2  3.6950E+00
 3.1866360  5.8831E+02  1.181787  5500.3  3.6999E+00
 3.1757696  5.9035E+02  1.177928  5506.4  3.7049E+00
 3.1649598  5.9239E+02  1.174069  5512.5  3.7099E+00
 3.1631637  5.9273E+02  1.173426  5513.5  3.7107E+00
 3.1613691  5.9307E+02  1.172782  5514.6  3.7115E+00
 3.1595761  5.9342E+02  1.172139  5515.6  3.7123E+00
 3.1577846  5.9376E+02  1.171496  5516.6  3.7132E+00
 3.1559948  5.9410E+02  1.170853  5517.6  3.7140E+00
 3.1542065  5.9444E+02  1.170210  5518.7  3.7148E+00
 3.1524197  5.9479E+02  1.169566  5519.7  3.7157E+00
 3.1519733  5.9487E+02  1.169406  5519.9  3.7159E+00
 3.1515269  5.9496E+02  1.169245  5520.2  3.7161E+00
 3.1512777  5.9501E+02  1.169173  5520.3  9.2976E+00
 3.1512726  5.9503E+02  1.169155  5520.3  9.2977E+00
 3.1512665  5.9506E+02  1.169133  5520.3  9.2978E+00
 3.1511887  5.9509E+02  1.169112  5520.3  9.2980E+00
 3.1510392  5.9512E+02  1.169090  5520.3  9.2981E+00
 3.1508897  5.9515E+02  1.169069  5520.3  9.2983E+00
 3.1507402  5.9518E+02  1.169047  5520.3  9.2984E+00
 3.1505907  5.9521E+02  1.169026  5520.3  9.2985E+00
 3.1504413  5.9524E+02  1.169004  5520.3  9.2987E+00
 3.1502918  5.9526E+02  1.168982  5520.3  9.2988E+00
 3.1501423  5.9529E+02  1.168961  5520.3  9.2990E+00
 3.1499929  5.9532E+02  1.168939  5520.3  9.2991E+00
 3.1498434  5.9535E+02  1.168918  5520.3  9.2993E+00
 3.1496940  5.9538E+02  1.168896  5520.3  9.2994E+00
 3.1495445  5.9541E+02  1.168875  5520.3  9.2996E+00
 3.1493951  5.9544E+02  1.168853  5520.3  9.2997E+00
 3.1492457  5.9547E+02  1.168832  5520.3  9.2998E+00
 3.1490962  5.9549E+02  1.168810  5520.3  9.3000E+00
 3.1489468  5.9552E+02  1.168789  5520.3  9.3001E+00
 3.1487974  5.9555E+02  1.168767  5520.3  9.3003E+00
 3.1486480  5.9558E+02  1.168746  5520.3  9.3004E+00
 3.1484986  5.9561E+02  1.168724  5520.3  9.3006E+00
 3.1483492  5.9564E+02  1.168703  5520.3  9.3007E+00
 3.1475277  5.9580E+02  1.168584  5520.3  9.3015E+00
 3.1460344  5.9608E+02  1.168369  5520.3  9.3029E+00
 3.1445417  5.9637E+02  1.168154  5520.3  9.3044E+00
 3.1430496  5.9666E+02  1.167939  5520.3  9.3058E+00
 3.1415581  5.9695E+02  1.167723  5520.3  9.3072E+00
 3.1400672  5.9723E+02  1.167508  5520.3  9.3087E+00
 3.1385768  5.9752E+02  1.167293  5520.3  9.3101E+00
 3.1370871  5.9781E+02  1.167078  5520.3  9.3115E+00
 3.1355980  5.9810E+02  1.166863  5520.3  9.3130E+00
 3.1341094  5.9838E+02  1.166648  5520.3  9.3144E+00
 3.1326214  5.9867E+02  1.166434  5520.3  9.3158E+00
 3.1311341  5.9896E+02  1.166219  5520.3  9.3173E+00
 3.1296473  5.9924E+02  1.166004  5520.3  9.3187E+00
 3.1281611  5.9953E+02  1.165789  5520.3  9.3201E+00
 3.1266755  5.9982E+02  1.165574  5520.3  9.3216E+00
 3.1251905  6.0011E+02  1.165360  5520.3  9.3230E+00
 3.1237060  6.0039E+02  1.165145  5520.3  9.3244E+00
 3.1222222  6.0068E+02  1.164930  5520.3  9.3258E+00
 3.1207390  6.0097E+02  1.164716  5520.3  9.3273E+00
 3.1092638  6.0319E+02  1.163054  5520.3  9.3383E+00
 3.0945093  6.0605E+02  1.160914  5520.3  9.3525E+00
 3.0798136  6.0891E+02  1.158777  5520.3  9.3666E+00
 3.0651767  6.1177E+02  1.156645  5520.3  9.3807E+00
 3.0505985  6.1462E+02  1.154516  5520.3  9.3948E+00
 3.0360790  6.1747E+02  1.152391  5520.3  9.4088E+00
 3.0216181  6.2031E+02  1.150271  5520.3  9.4227E+00
 3.0072156  6.2315E+02  1.148154  5520.3  9.4366E+00
 2.9928714  6.2598E+02  1.146041  5520.3  9.4504E+00
 2.9785855  6.2881E+02  1.143931  5520.3  9.4642E+00
 2.9643577  6.3164E+02  1.141826  5520.3  9.4778E+00
 2.9501879  6.3446E+02  1.139725  5520.3  9.4915E+00
 2.9360760  6.3728E+02  1.137627  5520.3  9.5050E+00
 2.9220219  6.4009E+02  1.135534  5520.3  9.5185E+00
 2.9080255  6.4290E+02  1.133444  5520.3  9.5320E+00
 2.8940866  6.4571E+02  1.131358  5520.3  9.5453E+00
 2.8802051  6.4851E+02  1.129276  5520.3  9.5587E+00
 2.8663809  6.5131E+02  1.127197  5520.3  9.5719E+00
 2.7312566  6.7902E+02  1.106624  5520.3  9.7021E+00
 2.6017065  7.0627E+02  1.086426  5520.3  9.8270E+00
 2.4775811  7.3304E+02  1.066596  5520.3  9.9472E+00
 2.3587291  7.5931E+02  1.047129  5520.3  1.0063E+01
 2.2449931  7.8508E+02  1.028016  5520.3  1.0174E+01
 2.1362128  8.1032E+02  1.009253  5520.3  1.0281E+01
 2.0322263  8.3503E+02  0.990832  5520.3  1.0383E+01
 1.9328685  8.5922E+02  0.972747  5520.3  1.0483E+01
 1.8379766  8.8286E+02  0.954993  5520.3  1.0578E+01
 1.7473891  9.0596E+02  0.937562  5520.3  1.0670E+01
 1.6609463  9.2851E+02  0.920450  5520.3  1.0758E+01
 1.5784898  9.5053E+02  0.903649  5520.3  1.0843E+01
 1.4998625  9.7200E+02  0.887156  5520.3  1.0925E+01
 1.4249133  9.9294E+02  0.870964  5520.3  1.1004E+01
 1.3534926  1.0133E+03  0.855067  5520.3  1.1080E+01
 1.2854560  1.0332E+03  0.839460  5520.3  1.1153E+01
 1.2206606  1.0526E+03  0.824138  5520.3  1.1224E+01
 1.1589655  1.0714E+03  0.809096  5520.3  1.1292E+01
 1.1002384  1.0897E+03  0.794328  5520.3  1.1358E+01
 1.0443529  1.1075E+03  0.779830  5520.3  1.1421E+01
 0.9911882  1.1248E+03  0.765597  5520.3  1.1481E+01
 0.9406237  1.1416E+03  0.751623  5520.3  1.1538E+01
 0.8925420  1.1580E+03  0.737904  5520.3  1.1594E+01
 0.8468253  1.1739E+03  0.724436  5520.3  1.1650E+01
 0.8033651  1.1893E+03  0.711214  5520.3  1.1703E+01
 0.7620581  1.2042E+03  0.698232  5520.3  1.1754E+01
 0.7228048  1.2187E+03  0.685488  5520.3  1.1803E+01
 0.6855100  1.2328E+03  0.672977  5520.3  1.1850E+01
 0.6500819  1.2464E+03  0.660693  5520.3  1.1896E+01
 0.6164325  1.2597E+03  0.648634  5520.3  1.1939E+01
 0.5844774  1.2725E+03  0.636796  5520.3  1.1981E+01
 0.5541359  1.2849E+03  0.625173  5520.3  1.2022E+01
 0.5253304  1.2970E+03  0.613762  5520.3  1.2061E+01
 0.4979869  1.3086E+03  0.602560  5520.3  1.2099E+01
 0.4720344  1.3199E+03  0.591562  5520.3  1.2135E+01
 0.4474053  1.3309E+03  0.580764  5520.3  1.2170E+01
 0.4240347  1.3415E+03  0.570164  5520.3  1.2203E+01
 0.4018609  1.3517E+03  0.559758  5520.3  1.2235E+01
 0.3808247  1.3616E+03  0.549541  5520.3  1.2267E+01
 0.3608699  1.3712E+03  0.539511  5520.3  1.2296E+01
 0.3419428  1.3805E+03  0.529663  5520.3  1.2325E+01
 0.3239920  1.3895E+03  0.519996  5520.3  1.2353E+01
 0.3069687  1.3982E+03  0.510505  5520.3  1.2380E+01
 0.2908260  1.4066E+03  0.501187  5520.3  1.2406E+01
 0.2755196  1.4148E+03  0.492040  5520.3  1.2431E+01
 0.2610072  1.4226E+03  0.483059  5520.3  1.2456E+01
 0.2472487  1.4302E+03  0.474242  5520.3  1.2479E+01
 0.2342059  1.4376E+03  0.465586  5520.3  1.2502E+01
 0.2218425  1.4447E+03  0.457088  5520.3  1.2523E+01
 0.2101239  1.4515E+03  0.448745  5520.3  1.2544E+01
 0.1990171  1.4581E+03  0.440555  5520.3  1.2564E+01
 0.1884908  1.4646E+03  0.432514  5520.3  1.2584E+01
 0.1785152  1.4707E+03  0.424620  5520.3  1.2603E+01
 0.1690619  1.4767E+03  0.416869  5520.3  1.2621E+01
 0.1601041  1.4825E+03  0.409261  5520.3  1.2639E+01
 0.1516163  1.4881E+03  0.401791  5520.3  1.2656E+01
 0.1435743  1.4935E+03  0.394457  5520.3  1.2672E+01
 0.1359550  1.4987E+03  0.387258  5520.3  1.2688E+01
 0.1287365  1.5037E+03  0.380189  5520.3  1.2703E+01
 0.1218981  1.5086E+03  0.373250  5520.3  1.2718E+01
 0.1154201  1.5132E+03  0.366438  5520.3  1.2732E+01
 0.1092836  1.5178E+03  0.359749  5520.3  1.2745E+01
 0.1034710  1.5221E+03  0.353183  5520.3  1.2758E+01
 0.0979654  1.5264E+03  0.346737  5520.3  1.2771E+01
 0.0927507  1.5304E+03  0.340408  5520.3  1.2783E+01
 0.0878117  1.5344E+03  0.334195  5520.3  1.2795E+01
 0.0831341  1.5381E+03  0.328095  5520.3  1.2806E+01
 0.0787042  1.5418E+03  0.322107  5520.3  1.2817E+01
 0.0745089  1.5453E+03  0.316228  5520.3  1.2827E+01
 0.0705360  1.5488E+03  0.310456  5520.3  1.2838E+01
 0.0667738  1.5520E+03  0.304789  5520.3  1.2847E+01
 0.0632112  1.5552E+03  0.299226  5520.3  1.2857E+01
 0.0598378  1.5583E+03  0.293765  5520.3  1.2866E+01
 0.0566435  1.5612E+03  0.288403  5520.3  1.2874E+01
 0.0536189  1.5641E+03  0.283139  5520.3  1.2883E+01
 0.0507551  1.5668E+03  0.277971  5520.3  1.2891E+01
 0.0480437  1.5695E+03  0.272898  5520.3  1.2899E+01
 0.0454764  1.5721E+03  0.267917  5520.3  1.2906E+01
 0.0430458  1.5745E+03  0.263027  5520.3  1.2913E+01
 0.0407447  1.5769E+03  0.258226  5520.3  1.2920E+01
 0.0385660  1.5792E+03  0.253513  5520.3  1.2927E+01
 0.0365035  1.5814E+03  0.248886  5520.3  1.2933E+01
 0.0345509  1.5836E+03  0.244343  5520.3  1.2940E+01
 0.0327024  1.5856E+03  0.239883  5520.3  1.2946E+01
 0.0309525  1.5876E+03  0.235505  5520.3  1.2951E+01
 0.0292959  1.5895E+03  0.231206  5520.3  1.2957E+01
 0.0277277  1.5914E+03  0.226986  5520.3  1.2962E+01
 0.0262433  1.5932E+03  0.222844  5520.3  1.2968E+01
 0.0248381  1.5949E+03  0.218776  5520.3  1.2973E+01
 0.0235079  1.5966E+03  0.214783  5520.3  1.2977E+01
 0.0222488  1.5982E+03  0.210863  5520.3  1.2982E+01
 0.0210570  1.5997E+03  0.207014  5520.3  1.2987E+01
 0.0199288  1.6012E+03  0.203236  5520.3  1.2991E+01
 0.0188610  1.6026E+03  0.199526  5520.3  1.2995E+01
 0.0178503  1.6040E+03  0.195884  5520.3  1.2999E+01
 0.0168936  1.6054E+03  0.192309  5520.3  1.3003E+01
 0.0159880  1.6066E+03  0.188799  5520.3  1.3007E+01
 0.0151310  1.6079E+03  0.185353  5520.3  1.3010E+01
 0.0143198  1.6091E+03  0.181970  5520.3  1.3014E+01
 0.0135520  1.6102E+03  0.178649  5520.3  1.3017E+01
 0.0128253  1.6114E+03  0.175388  5520.3  1.3020E+01
 0.0121375  1.6124E+03  0.172187  5520.3  1.3023E+01
 0.0114865  1.6135E+03  0.169044  5520.3  1.3026E+01
 0.0108704  1.6145E+03  0.165959  5520.3  1.3029E+01
 0.0102873  1.6154E+03  0.162930  5520.3  1.3032E+01
 0.0097354  1.6164E+03  0.159956  5520.3  1.3034E+01
 0.0092131  1.6172E+03  0.157036  5520.3  1.3037E+01
 0.0087187  1.6181E+03  0.154170  5520.3  1.3040E+01
 0.0082509  1.6189E+03  0.151356  5520.3  1.3042E+01
 0.0078081  1.6197E+03  0.148594  5520.3  1.3044E+01
 0.0073891  1.6205E+03  0.145881  5520.3  1.3046E+01
 0.0069925  1.6213E+03  0.143219  5520.3  1.3049E+01
 0.0066172  1.6220E+03  0.140605  5520.3  1.3051E+01
 0.0062620  1.6227E+03  0.138038  5520.3  1.3053E+01
 0.0059259  1.6233E+03  0.135519  5520.3  1.3054E+01
 0.0056077  1.6240E+03  0.133045  5520.3  1.3056E+01
 0.0053067  1.6246E+03  0.130617  5520.3  1.3058E+01
 0.0050218  1.6252E+03  0.128233  5520.3  1.3060E+01
 0.0047522  1.6258E+03  0.125893  5520.3  1.3061E+01
 0.0044970  1.6263E+03  0.123595  5520.3  1.3063E+01
 0.0042555  1.6269E+03  0.121339  5520.3  1.3065E+01
 0.0040270  1.6274E+03  0.119124  5520.3  1.3066E+01
 0.0038108  1.6279E+03  0.116950  5520.3  1.3067E+01
 0.0036061  1.6284E+03  0.114815  5520.3  1.3069E+01
 0.0034124  1.6288E+03  0.112720  5520.3  1.3070E+01
 0.0032292  1.6293E+03  0.110662  5520.3  1.3071E+01
 0.0030557  1.6297E+03  0.108643  5520.3  1.3073E+01
 0.0028916  1.6301E+03  0.106660  5520.3  1.3074E+01
 0.0027363  1.6305E+03  0.104713  5520.3  1.3075E+01
 0.0025893  1.6309E+03  0.102802  5520.3  1.3076E+01
 0.0024502  1.6313E+03  0.100925  5520.3  1.3077E+01
 0.0023186  1.6316E+03  0.099083  5520.3  1.3078E+01
 0.0021940  1.6320E+03  0.097275  5520.3  1.3079E+01
 0.0020762  1.6323E+03  0.095499  5520.3  1.3080E+01
 0.0019646  1.6326E+03  0.093756  5520.3  1.3081E+01
 0.0018591  1.6329E+03  0.092045  5520.3  1.3082E+01
 0.0017592  1.6332E+03  0.090365  5520.3  1.3083E+01
 0.0016647  1.6335E+03  0.088716  5520.3  1.3084E+01
 0.0015752  1.6338E+03  0.087096  5520.3  1.3084E+01
 0.0014906  1.6341E+03  0.085507  5520.3  1.3085E+01
 0.0014105  1.6343E+03  0.083946  5520.3  1.3086E+01
 0.0013347  1.6346E+03  0.082414  5520.3  1.3087E+01
 0.0012630  1.6348E+03  0.080910  5520.3  1.3087E+01
 0.0011951  1.6350E+03  0.079433  5520.3  1.3088E+01
 0.0011309  1.6353E+03  0.077983  5520.3  1.3089E+01
 0.0010701  1.6355E+03  0.076560  5520.3  1.3089E+01
 0.0010126  1.6357E+03  0.075162  5520.3  1.3090E+01
 0.0009582  1.6359E+03  0.073790  5520.3  1.3090E+01
 0.0009067  1.6361E+03  0.072444  5520.3  1.3091E+01
 0.0008580  1.6363E+03  0.071121  5520.3  1.3091E+01
 0.0008119  1.6364E+03  0.069823  5520.3  1.3092E+01
 0.0007683  1.6366E+03  0.068549  5520.3  1.3092E+01
 0.0007270  1.6368E+03  0.067298  5520.3  1.3093E+01
 0.0006879  1.6369E+03  0.066069  5520.3  1.3093E+01
 0.0006509  1.6371E+03  0.064863  5520.3  1.3094E+01
 0.0006159  1.6372E+03  0.063680  5520.3  1.3094E+01
 0.0005828  1.6374E+03  0.062517  5520.3  1.3095E+01
 0.0005515  1.6375E+03  0.061376  5520.3  1.3095E+01
 0.0005219  1.6376E+03  0.060256  5520.3  1.3095E+01
 0.0004938  1.6378E+03  0.059156  5520.3  1.3096E+01
 0.0004673  1.6379E+03  0.058076  5520.3  1.3096E+01
 0.0004422  1.6380E+03  0.057016  5520.3  1.3096E+01
 0.0004184  1.6381E+03  0.055976  5520.3  1.3097E+01
 0.0003959  1.6382E+03  0.054954  5520.3  1.3097E+01
 0.0003746  1.6383E+03  0.053951  5520.3  1.3097E+01
 0.0003545  1.6385E+03  0.052966  5520.3  1.3098E+01
 0.0003354  1.6386E+03  0.052000  5520.3  1.3098E+01
 0.0003174  1.6386E+03  0.051050  5520.3  1.3098E+01
 0.0003003  1.6387E+03  0.050119  5520.3  1.3098E+01
 0.0002842  1.6388E+03  0.049204  5520.3  1.3099E+01
 0.0002689  1.6389E+03  0.048306  5520.3  1.3099E+01
 0.0002545  1.6390E+03  0.047424  5520.3  1.3099E+01
 0.0002408  1.6391E+03  0.046559  5520.3  1.3099E+01
 0.0002279  1.6391E+03  0.045709  5520.3  1.3100E+01
 0.0002156  1.6392E+03  0.044875  5520.3  1.3100E+01
 0.0002040  1.6393E+03  0.044055  5520.3  1.3100E+01
 0.0001930  1.6394E+03  0.043251  5520.3  1.3100E+01
 0.0001827  1.6394E+03  0.042462  5520.3  1.3100E+01
 0.0001729  1.6395E+03  0.041687  5520.3  1.3101E+01
 0.0001636  1.6396E+03  0.040926  5520.3  1.3101E+01
 0.0001548  1.6396E+03  0.040179  5520.3  1.3101E+01
 0.0001464  1.6397E+03  0.039446  5520.3  1.3101E+01
 0.0001386  1.6397E+03  0.038726  5520.3  1.3101E+01
 0.0001311  1.6398E+03  0.038019  5520.3  1.3101E+01
 0.0001241  1.6398E+03  0.037325  5520.3  1.3102E+01
 0.0001174  1.6399E+03  0.036644  5520.3  1.3102E+01
 0.0001111  1.6399E+03  0.035975  5520.3  1.3102E+01
 0.0001051  1.6400E+03  0.035318  5520.3  1.3102E+01
 0.0000995  1.6400E+03  0.034674  5520.3  1.3102E+01
 0.0000941  1.6401E+03  0.034041  5520.3  1.3102E+01
 0.0000891  1.6401E+03  0.033420  5520.3  1.3102E+01
 0.0000843  1.6401E+03  0.032810  5520.3  1.3102E+01
 0.0000797  1.6402E+03  0.032211  5520.3  1.3103E+01
 0.0000755  1.6402E+03  0.031623  5520.3  1.3103E+01
 0.0000714  1.6402E+03  0.031046  5520.3  1.3103E+01
 0.0000676  1.6403E+03  0.030479  5520.3  1.3103E+01
 0.0000639  1.6403E+03  0.029923  5520.3  1.3103E+01
 0.0000605  1.6403E+03  0.029376  5520.3  1.3103E+01
 0.0000572  1.6404E+03  0.028840  5520.3  1.3103E+01
 0.0000542  1.6404E+03  0.028314  5520.3  1.3103E+01
 0.0000513  1.6404E+03  0.027797  5520.3  1.3103E+01
 0.0000485  1.6405E+03  0.027290  5520.3  1.3103E+01
 0.0000459  1.6405E+03  0.026792  5520.3  1.3103E+01
 0.0000434  1.6405E+03  0.026303  5520.3  1.3104E+01
 0.0000411  1.6405E+03  0.025823  5520.3  1.3104E+01
 0.0000389  1.6406E+03  0.025351  5520.3  1.3104E+01
 0.0000368  1.6406E+03  0.024889  5520.3  1.3104E+01
 0.0000348  1.6406E+03  0.024434  5520.3  1.3104E+01
 0.0000329  1.6406E+03  0.023988  5520.3  1.3104E+01
 0.0000312  1.6406E+03  0.023550  5520.3  1.3104E+01
 0.0000295  1.6407E+03  0.023121  5520.3  1.3104E+01
 0.0000279  1.6407E+03  0.022699  5520.3  1.3104E+01
 0.0000264  1.6407E+03  0.022284  5520.3  1.3104E+01
 0.0000250  1.6407E+03  0.021878  5520.3  1.3104E+01
 0.0000236  1.6407E+03  0.021478  5520.3  1.3104E+01
 0.0000224  1.6408E+03  0.021086  5520.3  1.3104E+01
 0.0000212  1.6408E+03  0.020701  5520.3  1.3104E+01
 0.0000200  1.6408E+03  0.020324  5520.3  1.3104E+01
 0.0000190  1.6408E+03  0.019953  5520.3  1.3104E+01
 0.0000179  1.6408E+03  0.019588  5520.3  1.3104E+01
 0.0000170  1.6408E+03  0.019231  5520.3  1.3104E+01
 0.0000161  1.6408E+03  0.018880  5520.3  1.3104E+01
 0.0000152  1.6409E+03  0.018535  5520.3  1.3104E+01
 0.0000144  1.6409E+03  0.018197  5520.3  1.3105E+01
 0.0000136  1.6409E+03  0.017865  5520.3  1.3105E+01
 0.0000129  1.6409E+03  0.017539  5520.3  1.3105E+01
 0.0000122  1.6409E+03  0.017219  5520.3  1.3105E+01
 0.0000115  1.6409E+03  0.016904  5520.3  1.3105E+01
 0.0000109  1.6409E+03  0.016596  5520.3  1.3105E+01
 0.0000103  1.6409E+03  0.016293  5520.3  1.3105E+01
 0.0000098  1.6409E+03  0.015996  5520.3  1.3105E+01
 0.0000092  1.6409E+03  0.015704  5520.3  1.3105E+01
 0.0000087  1.6410E+03  0.015417  5520.3  1.3105E+01
 0.0000083  1.6410E+03  0.015136  5520.3  1.3105E+01
 0.0000078  1.6410E+03  0.014859  5520.3  1.3105E+01
 0.0000074  1.6410E+03  0.014588  5520.3  1.3105E+01
 0.0000070  1.6410E+03  0.014322  5520.3  1.3105E+01
 0.0000066  1.6410E+03  0.014060  5520.3  1.3105E+01
 0.0000063  1.6410E+03  0.013804  5520.3  1.3105E+01
 0.0000059  1.6410E+03  0.013552  5520.3  1.3105E+01
 0.0000056  1.6410E+03  0.013305  5520.3  1.3105E+01
 0.0000053  1.6410E+03  0.013062  5520.3  1.3105E+01
 0.0000050  1.6410E+03  0.012823  5520.3  1.3105E+01
 0.0000048  1.6410E+03  0.012589  5520.3  1.3105E+01
 0.0000045  1.6410E+03  0.012359  5520.3  1.3105E+01
 0.0000043  1.6410E+03  0.012134  5520.3  1.3105E+01
 0.0000040  1.6410E+03  0.011912  5520.3  1.3105E+01
 0.0000038  1.6411E+03  0.011695  5520.3  1.3105E+01
 0.0000036  1.6411E+03  0.011482  5520.3  1.3105E+01
 0.0000034  1.6411E+03  0.011272  5520.3  1.3105E+01
 0.0000032  1.6411E+03  0.011066  5520.3  1.3105E+01
 0.0000031  1.6411E+03  0.010864  5520.3  1.3105E+01
 0.0000029  1.6411E+03  0.010666  5520.3  1.3105E+01
 0.0000027  1.6411E+03  0.010471  5520.3  1.3105E+01
 0.0000026  1.6411E+03  0.010280  5520.3  1.3105E+01
 0.0000025  1.6411E+03  0.010093  5520.3  1.3105E+01
 0.0000024  1.6411E+03  0.010000  5520.3  1.3105E+01
