# Title: Line and Mean Opacities for Ultra-cool Dwarfs and Extrasolar Planets
# Authors: Freedman R.,  Marley M.S., Lodders K.
# Table: Mean Opacities for [M/H] = 0.0
# Modified by Zifan Lin into rectangular grid
# Empty (low P-T) grid points filled with 75 K, 3.0E+2 dyne/cm2 data
# Pressure, density, kappaR and kappaP are isothermally extended to 1.0e13 Pa (1.0e14 0.1 Pa)
# Temp (K)	Pressure (0.1 Pa)	Density (g/cm3)	kappaR (cm2/g)	kappaP (cm2/g)
75	3.00E+02	1.1277E-07	2.5619E-06	7.1083E-06
75	3.00E+03	1.1277E-06	2.5589E-05	6.4309E-05
75	1.00E+04	3.7591E-06	8.5261E-05	2.1238E-04
75	3.00E+04	1.1277E-05	2.5571E-04	6.3555E-04
75	1.00E+05	3.7591E-05	8.5211E-04	2.1167E-03
75	3.00E+05	1.1277E-04	2.5557E-03	6.3485E-03
75	1.00E+06	3.7591E-04	8.5180E-03	2.1160E-02
75	3.00E+06	1.1277E-03	2.5553E-02	6.3478E-02
75	1.00E+07	3.7591E-03	8.5176E-02	2.1159E-01
75	3.00E+07	1.1277E-07	2.5619E-06	7.1083E-06
75	1.00E+08	1.1277E-07	2.5619E-06	7.1083E-06
75	3.00E+08	1.1277E-07	2.5619E-06	7.1083E-06
100	3.00E+02	8.4584E-08	4.5393E-06	2.4757E-02
100	3.00E+03	8.4583E-07	3.9962E-05	2.5407E-03
100	1.00E+04	2.8193E-06	1.2854E-04	1.0837E-03
100	3.00E+04	8.4582E-06	3.7709E-04	1.0589E-03
100	1.00E+05	2.8193E-05	1.2345E-03	2.5780E-03
100	3.00E+05	8.4582E-05	3.6583E-03	7.3903E-03
100	1.00E+06	2.8193E-04	1.2104E-02	2.4401E-02
100	3.00E+06	8.4582E-04	3.6260E-02	7.3044E-02
100	1.00E+07	2.8193E-03	1.2088E-01	2.4334E-01
100	3.00E+07	8.4582E-03	3.6261E-01	7.2982E-01
100	1.00E+08	1.1277E-07	2.5619E-06	7.1083E-06
100	3.00E+08	1.1277E-07	2.5619E-06	7.1083E-06
110	3.00E+02	7.6932E-08	6.8205E-06	1.1165E-01
110	3.00E+03	7.6887E-07	5.4977E-05	5.0576E-02
110	1.00E+04	2.5628E-06	1.6636E-04	1.8936E-02
110	3.00E+04	7.6883E-06	4.6580E-04	7.2820E-03
110	1.00E+05	2.5628E-05	1.4722E-03	4.5951E-03
110	3.00E+05	7.6883E-05	4.2648E-03	8.2470E-03
110	1.00E+06	2.5628E-04	1.3812E-02	2.4997E-02
110	3.00E+06	7.6883E-04	4.0782E-02	7.3989E-02
110	1.00E+07	2.5628E-03	1.3543E-01	2.4586E-01
110	3.00E+07	7.6883E-03	4.0603E-01	7.3703E-01
110	1.00E+08	2.5628E-02	1.3531E+00	2.4562E+00
110	3.00E+08	1.1277E-07	2.5619E-06	7.1083E-06
120	3.00E+02	7.0537E-08	7.5106E-06	8.9552E-01
120	3.00E+03	7.0537E-07	7.4959E-05	6.8909E-01
120	1.00E+04	2.3499E-06	2.2484E-04	2.5533E-01
120	3.00E+04	7.0483E-06	6.0706E-04	8.9948E-02
120	1.00E+05	2.3493E-05	1.8170E-03	2.9783E-02
120	3.00E+05	7.0477E-05	5.0149E-03	1.7039E-02
120	1.00E+06	2.3493E-04	1.5585E-02	2.8232E-02
120	3.00E+06	7.0476E-04	4.4618E-02	7.6166E-02
120	1.00E+07	2.3493E-03	1.4416E-01	2.4947E-01
120	3.00E+07	7.0476E-03	4.2936E-01	7.4631E-01
120	1.00E+08	2.3493E-02	1.4289E+00	2.4855E+00
120	3.00E+08	1.1277E-07	2.5619E-06	7.1083E-06
130	3.00E+02	6.5111E-08	7.8365E-06	3.2623E-01
130	3.00E+03	6.5111E-07	7.7906E-05	5.8775E-01
130	1.00E+04	2.1704E-06	2.5912E-04	6.5967E-01
130	3.00E+04	6.5111E-06	7.7526E-04	6.9316E-01
130	1.00E+05	2.1692E-05	2.3184E-03	2.5366E-01
130	3.00E+05	6.5063E-05	6.1959E-03	9.2367E-02
130	1.00E+06	2.1686E-04	1.8335E-02	5.1629E-02
130	3.00E+06	6.5055E-04	4.9975E-02	8.4944E-02
130	1.00E+07	2.1685E-03	1.5276E-01	2.5382E-01
130	3.00E+07	6.5055E-03	4.3764E-01	7.5127E-01
130	1.00E+08	2.1685E-02	1.4434E+00	2.4976E+00
130	3.00E+08	1.1277E-07	2.5619E-06	7.1083E-06
140	3.00E+02	6.0460E-08	8.1868E-06	6.5410E-01
140	3.00E+03	6.0460E-07	8.0095E-05	5.9339E-01
140	1.00E+04	2.0153E-06	2.6547E-04	6.3135E-01
140	3.00E+04	6.0460E-06	7.9288E-04	6.4359E-01
140	1.00E+05	2.0153E-05	2.6248E-03	6.4512E-01
140	3.00E+05	6.0455E-05	7.6989E-03	5.8241E-01
140	1.00E+06	2.0141E-04	2.2321E-02	1.9974E-01
140	3.00E+06	6.0412E-04	5.9033E-02	1.3517E-01
140	1.00E+07	2.0136E-03	1.6988E-01	2.6871E-01
140	3.00E+07	6.0408E-03	4.4907E-01	7.5297E-01
140	1.00E+08	2.0136E-02	1.4138E+00	2.4839E+00
140	3.00E+08	1.1277E-07	2.5619E-06	7.1083E-06
150	3.00E+02	5.6431E-08	8.9546E-06	4.4757E-01
150	3.00E+03	5.6430E-07	8.2437E-05	5.6956E-01
150	1.00E+04	1.8810E-06	2.6994E-04	6.1829E-01
150	3.00E+04	5.6430E-06	8.0177E-04	6.1169E-01
150	1.00E+05	1.8810E-05	2.6446E-03	6.1326E-01
150	3.00E+05	5.6430E-05	7.8227E-03	6.1778E-01
150	1.00E+06	1.8810E-04	2.5642E-02	6.3409E-01
150	3.00E+06	5.6405E-04	7.0675E-02	3.8841E-01
150	1.00E+07	1.8796E-03	1.9786E-01	3.4332E-01
150	3.00E+07	5.6383E-03	4.8773E-01	7.6914E-01
150	1.00E+08	1.8794E-02	1.3773E+00	2.4542E+00
150	3.00E+08	1.1277E-07	2.5619E-06	7.1083E-06
160	3.00E+02	5.2924E-08	1.0638E-05	4.6272E-01
160	3.00E+03	5.2904E-07	8.7094E-05	5.0675E-01
160	1.00E+04	1.7634E-06	2.7499E-04	5.6028E-01
160	3.00E+04	5.2903E-06	8.0274E-04	5.9313E-01
160	1.00E+05	1.7634E-05	2.6224E-03	5.9807E-01
160	3.00E+05	5.2903E-05	7.7084E-03	6.0245E-01
160	1.00E+06	1.7634E-04	2.5038E-02	6.1839E-01
160	3.00E+06	5.2903E-04	7.4055E-02	6.6615E-01
160	1.00E+07	1.7630E-03	2.3190E-01	6.6007E-01
160	3.00E+07	5.2867E-03	5.4959E-01	8.6366E-01
160	1.00E+08	1.7620E-02	1.3934E+00	2.4377E+00
160	3.00E+08	1.1277E-07	2.5619E-06	7.1083E-06
170	3.00E+02	4.9820E-08	1.2252E-05	8.7561E-01
170	3.00E+03	4.9812E-07	9.6728E-05	6.2234E-01
170	1.00E+04	1.6598E-06	2.8810E-04	6.0473E-01
170	3.00E+04	4.9791E-06	8.0465E-04	5.9955E-01
170	1.00E+05	1.6597E-05	2.5579E-03	5.9725E-01
170	3.00E+05	4.9791E-05	7.4199E-03	6.0093E-01
170	1.00E+06	1.6597E-04	2.3751E-02	6.1626E-01
170	3.00E+06	4.9791E-04	6.9244E-02	6.6280E-01
170	1.00E+07	1.6597E-03	2.2653E-01	8.2611E-01
170	3.00E+07	4.9787E-03	6.1557E-01	1.2317E+00
170	1.00E+08	1.6587E-02	1.4713E+00	2.4983E+00
170	3.00E+08	1.1277E-07	2.5619E-06	7.1083E-06
180	3.00E+02	4.7102E-08	1.5010E-05	3.5550E+00
180	3.00E+03	4.7050E-07	1.0282E-04	9.8337E-01
180	1.00E+04	1.5682E-06	3.0226E-04	7.2525E-01
180	3.00E+04	4.7040E-06	8.3368E-04	6.4306E-01
180	1.00E+05	1.5676E-05	2.4980E-03	6.1371E-01
180	3.00E+05	4.7026E-05	7.0041E-03	6.1242E-01
180	1.00E+06	1.5675E-04	2.1896E-02	6.2589E-01
180	3.00E+06	4.7026E-04	6.2445E-02	6.7081E-01
180	1.00E+07	1.5675E-03	2.0170E-01	8.2965E-01
180	3.00E+07	4.7026E-03	5.5196E-01	1.2811E+00
180	1.00E+08	1.5674E-02	1.5641E+00	2.7984E+00
180	3.00E+08	1.1277E-07	2.5619E-06	7.1083E-06
190	3.00E+02	4.4797E-08	1.8112E-05	1.0403E+01
190	3.00E+03	4.4600E-07	1.1589E-04	2.1454E+00
190	1.00E+04	1.4859E-06	3.1673E-04	1.0580E+00
190	3.00E+04	4.4572E-06	8.3333E-04	7.6703E-01
190	1.00E+05	1.4856E-05	2.4994E-03	6.7928E-01
190	3.00E+05	4.4555E-05	6.6725E-03	6.4369E-01
190	1.00E+06	1.4850E-04	1.9837E-02	6.4672E-01
190	3.00E+06	4.4551E-04	5.4770E-02	6.8812E-01
190	1.00E+07	1.4850E-03	1.7337E-01	8.4169E-01
190	3.00E+07	4.4551E-03	4.6920E-01	1.2799E+00
190	1.00E+08	1.4850E-02	1.3468E+00	2.8138E+00
190	3.00E+08	1.1277E-07	2.5619E-06	7.1083E-06
200	3.00E+02	4.2556E-08	1.7627E-05	6.7301E+00
200	3.00E+03	4.2497E-07	1.3969E-04	6.4214E+00
200	1.00E+04	1.4130E-06	3.5501E-04	2.5494E+00
200	3.00E+04	4.2359E-06	8.7339E-04	1.2383E+00
200	1.00E+05	1.4116E-05	2.4495E-03	8.3107E-01
200	3.00E+05	4.2345E-05	6.4544E-03	7.2606E-01
200	1.00E+06	1.4110E-04	1.7986E-02	6.0971E-01
200	3.00E+06	4.2321E-04	4.6130E-02	5.9485E-01
200	1.00E+07	1.4106E-03	1.3975E-01	7.3460E-01
200	3.00E+07	4.2319E-03	3.7256E-01	1.1577E+00
200	1.00E+08	1.4106E-02	1.0590E+00	2.6432E+00
200	3.00E+08	1.1277E-07	2.5619E-06	7.1083E-06
250	3.00E+02	3.4045E-08	1.4044E-05	6.6813E+00
250	3.00E+03	3.4045E-07	1.0142E-04	6.9506E+00
250	1.00E+04	1.1348E-06	3.1392E-04	6.7682E+00
250	3.00E+04	3.4045E-06	9.0088E-04	6.3874E+00
250	1.00E+05	1.1348E-05	2.8576E-03	6.1835E+00
250	3.00E+05	3.4045E-05	8.0027E-03	6.1827E+00
250	1.00E+06	1.1348E-04	2.3245E-02	6.1924E+00
250	3.00E+06	3.3932E-04	4.2247E-02	2.6838E+00
250	1.00E+07	1.1297E-03	8.7475E-02	1.5402E+00
250	3.00E+07	3.3880E-03	1.7862E-01	1.5230E+00
250	1.00E+08	1.1292E-02	4.2921E-01	2.6025E+00
250	3.00E+08	1.1277E-07	2.5619E-06	7.1083E-06
275	3.00E+02	3.0950E-08	1.3000E-05	6.9889E+00
275	3.00E+03	3.0950E-07	9.0380E-05	6.2493E+00
275	1.00E+04	1.0317E-06	2.7555E-04	5.7756E+00
275	3.00E+04	3.0950E-06	7.8029E-04	5.5450E+00
275	1.00E+05	1.0317E-05	2.4369E-03	5.5710E+00
275	3.00E+05	3.0950E-05	6.7066E-03	5.5839E+00
275	1.00E+06	1.0317E-04	1.8971E-02	5.5924E+00
275	3.00E+06	3.0950E-04	4.5224E-02	5.6247E+00
275	1.00E+07	1.0314E-03	1.0613E-01	5.4770E+00
275	3.00E+07	3.0844E-03	1.7341E-01	2.8444E+00
275	1.00E+08	1.0270E-02	3.4886E-01	2.8899E+00
275	3.00E+08	3.0801E-02	7.4322E-01	5.6975E+00
300	3.00E+02	2.8371E-08	1.2676E-05	4.6867E+00
300	3.00E+03	2.8371E-07	8.6050E-05	4.6028E+00
300	1.00E+04	9.4570E-07	2.5878E-04	4.7306E+00
300	3.00E+04	2.8371E-06	7.2343E-04	5.0259E+00
300	1.00E+05	9.4570E-06	2.2249E-03	5.1390E+00
300	3.00E+05	2.8371E-05	6.0142E-03	5.1429E+00
300	1.00E+06	9.4570E-05	1.6602E-02	5.1514E+00
300	3.00E+06	2.8371E-04	3.8357E-02	5.1794E+00
300	1.00E+07	9.4570E-04	8.6799E-02	5.2787E+00
300	3.00E+07	2.8371E-03	1.7094E-01	5.5581E+00
300	1.00E+08	9.4385E-03	3.3946E-01	4.9024E+00
300	3.00E+08	2.8258E-02	6.3583E-01	5.9733E+00
400	3.00E+02	2.1276E-08	1.8577E-05	2.3120E+00
400	3.00E+03	2.1277E-07	1.2353E-04	2.8842E+00
400	1.00E+04	7.0928E-07	3.4376E-04	3.4840E+00
400	3.00E+04	2.1278E-06	8.9091E-04	3.9132E+00
400	1.00E+05	7.0929E-06	2.5472E-03	4.1223E+00
400	3.00E+05	2.1278E-05	6.4300E-03	4.1431E+00
400	1.00E+06	7.0929E-05	1.6314E-02	4.1494E+00
400	3.00E+06	2.1278E-04	3.4499E-02	4.1676E+00
400	1.00E+07	7.0929E-04	6.8475E-02	4.2352E+00
400	3.00E+07	2.1278E-03	1.2014E-01	4.4237E+00
400	1.00E+08	7.0929E-03	2.3100E-01	5.0839E+00
400	3.00E+08	2.1278E-02	4.5817E-01	6.9673E+00
500	3.00E+02	1.7020E-08	4.6419E-05	3.1388E+00
500	3.00E+03	1.7021E-07	2.7133E-04	3.1329E+00
500	1.00E+04	5.6736E-07	7.7130E-04	3.1367E+00
500	3.00E+04	1.7021E-06	2.1161E-03	3.2158E+00
500	1.00E+05	5.6742E-06	6.1112E-03	3.4219E+00
500	3.00E+05	1.7022E-05	1.4527E-02	3.5424E+00
500	1.00E+06	5.6743E-05	3.2778E-02	3.5702E+00
500	3.00E+06	1.7023E-04	6.0423E-02	3.5855E+00
500	1.00E+07	5.6743E-04	8.9339E-02	3.6354E+00
500	3.00E+07	1.7022E-03	1.2318E-01	3.7744E+00
500	1.00E+08	5.6743E-03	2.1148E-01	4.2625E+00
500	3.00E+08	1.7022E-02	4.0111E-01	5.6548E+00
650	3.00E+02	1.3091E-08	2.0363E-04	2.3864E+00
650	3.00E+03	1.3092E-07	8.7869E-04	2.6149E+00
650	1.00E+04	4.3642E-07	1.8741E-03	2.6019E+00
650	3.00E+04	1.3093E-06	3.9316E-03	2.5815E+00
650	1.00E+05	4.3642E-06	9.2951E-03	2.6039E+00
650	3.00E+05	1.3093E-05	2.0219E-02	2.6639E+00
650	1.00E+06	4.3646E-05	4.3391E-02	2.7935E+00
650	3.00E+06	1.3094E-04	7.5481E-02	2.9188E+00
650	1.00E+07	4.3647E-04	1.1777E-01	2.9922E+00
650	3.00E+07	1.3094E-03	1.6731E-01	3.0988E+00
650	1.00E+08	4.3647E-03	2.6658E-01	3.4557E+00
650	3.00E+08	1.3094E-02	4.8613E-01	4.4741E+00
800	3.00E+02	1.0628E-08	1.1247E-04	1.0260E+00
800	3.00E+03	1.0631E-07	1.4297E-03	1.3943E+00
800	1.00E+04	3.5450E-07	4.0814E-03	1.9750E+00
800	3.00E+04	1.0637E-06	7.5235E-03	2.2342E+00
800	1.00E+05	3.5459E-06	1.3357E-02	2.2620E+00
800	3.00E+05	1.0638E-05	2.3304E-02	2.2646E+00
800	1.00E+06	3.5460E-05	4.2386E-02	2.2882E+00
800	3.00E+06	1.0638E-04	6.9395E-02	2.3455E+00
800	1.00E+07	3.5463E-04	1.1250E-01	2.4675E+00
800	3.00E+07	1.0639E-03	1.7138E-01	2.6081E+00
800	1.00E+08	3.5464E-03	2.9415E-01	2.9295E+00
800	3.00E+08	1.0639E-02	5.6348E-01	3.8190E+00
1000	3.00E+02	8.5025E-09	7.5276E-05	9.0425E-01
1000	3.00E+03	8.5025E-08	3.1622E-04	9.0359E-01
1000	1.00E+04	2.8342E-07	8.8412E-04	9.0828E-01
1000	3.00E+04	8.5029E-07	2.3567E-03	9.5923E-01
1000	1.00E+05	2.8351E-06	6.6714E-03	1.2312E+00
1000	3.00E+05	8.5089E-06	1.4618E-02	1.6465E+00
1000	1.00E+06	2.8368E-05	2.6198E-02	1.8600E+00
1000	3.00E+06	8.5104E-05	3.9813E-02	1.9043E+00
1000	1.00E+07	2.8369E-04	6.4772E-02	1.9597E+00
1000	3.00E+07	8.5109E-04	1.1051E-01	2.0912E+00
1000	1.00E+08	2.8372E-03	2.2090E-01	2.4575E+00
1000	3.00E+08	8.5113E-03	4.4907E-01	3.3944E+00
1200	3.00E+02	7.0855E-09	2.8958E-04	7.2355E-01
1200	3.00E+03	7.0854E-08	4.3783E-04	7.2384E-01
1200	1.00E+04	2.3618E-07	6.4249E-04	7.2518E-01
1200	3.00E+04	7.0854E-07	1.0357E-03	7.2857E-01
1200	1.00E+05	2.3618E-06	1.9988E-03	7.3935E-01
1200	3.00E+05	7.0858E-06	4.1314E-03	7.9096E-01
1200	1.00E+06	2.3626E-05	1.0297E-02	1.0323E+00
1200	3.00E+06	7.0908E-05	2.1493E-02	1.3871E+00
1200	1.00E+07	2.3640E-04	3.9364E-02	1.5888E+00
1200	3.00E+07	7.0924E-04	7.0416E-02	1.7145E+00
1200	1.00E+08	2.3643E-03	1.5158E-01	2.0675E+00
1200	3.00E+08	7.0930E-03	3.2195E-01	3.0218E+00
1400	3.00E+02	6.0892E-09	1.1701E-03	7.7915E-01
1400	3.00E+03	6.0757E-08	1.0491E-03	6.5472E-01
1400	1.00E+04	2.0247E-07	1.1473E-03	6.2662E-01
1400	3.00E+04	6.0735E-07	1.3936E-03	6.1389E-01
1400	1.00E+05	2.0244E-06	1.9688E-03	6.1371E-01
1400	3.00E+05	6.0732E-06	2.9990E-03	6.2559E-01
1400	1.00E+06	2.0244E-05	5.4423E-03	6.7576E-01
1400	3.00E+06	6.0744E-05	1.0891E-02	8.1657E-01
1400	1.00E+07	2.0256E-04	2.5378E-02	1.1423E+00
1400	3.00E+07	6.0787E-04	5.0881E-02	1.4394E+00
1400	1.00E+08	2.0264E-03	1.1050E-01	1.8319E+00
1400	3.00E+08	6.0796E-03	2.3679E-01	2.8123E+00
1600	3.00E+02	5.3215E-09	2.8675E-03	6.4175E-01
1600	3.00E+03	5.3268E-08	2.8303E-03	6.3881E-01
1600	1.00E+04	1.7760E-07	2.9951E-03	6.4185E-01
1600	3.00E+04	5.3263E-07	3.2440E-03	6.4966E-01
1600	1.00E+05	1.7743E-06	3.9172E-03	6.6978E-01
1600	3.00E+05	5.3180E-06	4.4976E-03	6.5067E-01
1600	1.00E+06	1.7718E-05	6.4212E-03	7.4202E-01
1600	3.00E+06	5.3148E-05	1.0363E-02	8.6814E-01
1600	1.00E+07	1.7717E-04	2.0457E-02	1.0167E+00
1600	3.00E+07	5.3172E-04	4.3070E-02	1.3223E+00
1600	1.00E+08	1.7730E-03	9.7824E-02	1.8462E+00
1600	3.00E+08	5.3195E-03	2.0596E-01	2.8636E+00
1800	3.00E+02	4.6925E-09	5.7990E-03	5.8017E-01
1800	3.00E+03	4.7233E-08	6.1218E-03	5.8328E-01
1800	1.00E+04	1.5766E-07	6.4528E-03	5.8432E-01
1800	3.00E+04	4.7330E-07	7.0565E-03	5.9307E-01
1800	1.00E+05	1.5783E-06	7.1856E-03	6.2521E-01
1800	3.00E+05	4.7359E-06	8.9559E-03	7.5003E-01
1800	1.00E+06	1.5779E-05	1.2056E-02	1.1188E+00
1800	3.00E+06	4.7316E-05	1.6708E-02	1.5011E+00
1800	1.00E+07	1.5767E-04	2.5591E-02	1.6526E+00
1800	3.00E+07	4.7267E-04	4.6422E-02	1.8099E+00
1800	1.00E+08	1.5758E-03	1.1072E-01	2.3226E+00
1800	3.00E+08	4.7283E-03	2.2029E-01	3.3908E+00
2000	3.00E+02	4.0881E-09	9.1848E-03	4.8287E-01
2000	3.00E+03	4.2062E-08	9.5676E-03	4.9048E-01
2000	1.00E+04	1.4107E-07	9.9903E-03	5.0228E-01
2000	3.00E+04	4.2455E-07	1.0728E-02	5.3391E-01
2000	1.00E+05	1.4180E-06	1.2352E-02	6.4085E-01
2000	3.00E+05	4.2583E-06	1.5319E-02	9.3496E-01
2000	1.00E+06	1.4203E-05	2.1518E-02	1.7784E+00
2000	3.00E+06	4.2622E-05	3.0157E-02	2.6513E+00
2000	1.00E+07	1.4203E-04	4.1456E-02	2.9109E+00
2000	3.00E+07	4.2589E-04	6.2272E-02	3.1328E+00
2000	1.00E+08	1.4197E-03	1.2593E-01	3.5785E+00
2000	3.00E+08	4.2579E-03	2.6326E-01	4.6144E+00
2300	3.00E+02	2.9891E-09	1.3659E-02	3.6647E-01
2300	3.00E+03	3.4325E-08	1.5696E-02	4.1000E-01
2300	1.00E+04	1.1835E-07	1.6442E-02	4.3827E-01
2300	3.00E+04	3.6149E-07	1.7437E-02	5.0911E-01
2300	1.00E+05	1.2187E-06	1.9556E-02	7.5539E-01
2300	3.00E+05	3.6779E-06	2.3195E-02	1.4531E+00
2300	1.00E+06	1.2305E-05	3.0941E-02	3.5279E+00
2300	3.00E+06	3.6984E-05	4.3733E-02	5.8138E+00
2300	1.00E+07	1.2343E-04	6.9354E-02	6.3501E+00
2300	3.00E+07	3.7050E-04	1.1517E-01	6.7291E+00
2300	1.00E+08	1.2356E-03	2.2549E-01	7.1516E+00
2300	3.00E+08	3.7059E-03	3.9788E-01	8.0074E+00
2600	3.00E+02	1.9999E-09	5.3978E-03	1.4831E-01
2600	3.00E+03	2.5343E-08	2.0278E-02	2.9747E-01
2600	1.00E+04	9.3456E-08	2.4769E-02	3.6472E-01
2600	3.00E+04	2.9815E-07	2.7700E-02	4.8739E-01
2600	1.00E+05	1.0359E-06	3.1199E-02	9.1158E-01
2600	3.00E+05	3.1777E-06	3.6526E-02	2.1419E+00
2600	1.00E+06	1.0744E-05	4.6853E-02	5.9387E+00
2600	3.00E+06	3.2469E-05	6.3942E-02	1.0448E+01
2600	1.00E+07	1.0873E-04	9.8589E-02	1.1380E+01
2600	3.00E+07	3.2696E-04	1.6021E-01	1.2084E+01
2600	1.00E+08	1.0915E-03	3.0506E-01	1.2658E+01
2600	3.00E+08	3.2775E-03	6.0404E-01	1.3286E+01
3000	3.00E+02	1.1277E-07	2.5619E-06	7.1083E-06
3000	3.00E+03	1.1277E-07	2.5619E-06	7.1083E-06
3000	1.00E+04	1.1277E-07	2.5619E-06	7.1083E-06
3000	3.00E+04	1.1277E-07	2.5619E-06	7.1083E-06
3000	1.00E+05	1.1277E-07	2.5619E-06	7.1083E-06
3000	3.00E+05	1.1277E-07	2.5619E-06	7.1083E-06
3000	1.00E+06	8.8406E-06	9.5831E-02	8.2001E+00
3000	3.00E+06	2.7288E-05	1.2347E-01	1.6611E+01
3000	1.00E+07	9.2633E-05	1.7626E-01	1.8808E+01
3000	3.00E+07	2.8056E-04	2.6843E-01	2.0278E+01
3000	1.00E+08	9.4083E-04	4.7755E-01	2.1610E+01
3000	3.00E+08	2.8313E-03	8.8710E-01	2.2114E+01
3500	3.00E+02	1.1277E-07	2.5619E-06	7.1083E-06
3500	3.00E+03	1.1277E-07	2.5619E-06	7.1083E-06
3500	1.00E+04	1.1277E-07	2.5619E-06	7.1083E-06
3500	3.00E+04	1.1277E-07	2.5619E-06	7.1083E-06
3500	1.00E+05	1.1277E-07	2.5619E-06	7.1083E-06
3500	3.00E+05	1.1277E-07	2.5619E-06	7.1083E-06
3500	1.00E+06	6.4807E-06	2.0707E-01	5.0236E+00
3500	3.00E+06	2.1154E-05	2.9854E-01	1.5124E+01
3500	1.00E+07	7.4884E-05	4.2664E-01	2.2364E+01
3500	3.00E+07	2.3224E-04	6.0730E-01	2.6940E+01
3500	1.00E+08	7.9092E-04	9.6216E-01	3.1009E+01
3500	3.00E+08	2.3995E-03	1.5645E+00	3.2450E+01
4000	3.00E+02	1.1277E-07	2.5619E-06	7.1083E-06
4000	3.00E+03	1.1277E-07	2.5619E-06	7.1083E-06
4000	1.00E+04	1.1277E-07	2.5619E-06	7.1083E-06
4000	3.00E+04	1.1277E-07	2.5619E-06	7.1083E-06
4000	1.00E+05	1.1277E-07	2.5619E-06	7.1083E-06
4000	3.00E+05	1.1277E-07	2.5619E-06	7.1083E-06
4000	1.00E+06	1.1277E-07	2.5619E-06	7.1083E-06
4000	3.00E+06	1.1277E-07	2.5619E-06	7.1083E-06
4000	1.00E+07	5.8292E-05	9.8648E-01	1.4732E+01
4000	3.00E+07	1.8863E-04	1.4542E+00	2.2879E+01
4000	1.00E+08	6.6283E-04	2.1549E+00	3.2196E+01
4000	3.00E+08	2.0465E-03	3.0957E+00	3.7237E+01