# Grant et al. (2021) liquid iron EOS (https://ui.adsabs.harvard.edu/abs/2021JGRB..12620008G/abstract)
# Vinet fit to experimental data
# Pressure (Pa)	Density (kg m-3)
1.000000e+00	5.187000e+03
4.877581e+03	5.187001e+03
4.877605e+04	5.187010e+03
4.877842e+05	5.187100e+03
4.880212e+06	5.188000e+03
1.035937e+08	5.208000e+03
1.875856e+08	5.224688e+03
3.842144e+08	5.262650e+03
5.901848e+08	5.300888e+03
8.058033e+08	5.339403e+03
1.031384e+09	5.378198e+03
1.267250e+09	5.417276e+03
1.513733e+09	5.456637e+03
1.771170e+09	5.496284e+03
2.039912e+09	5.536219e+03
2.320316e+09	5.576445e+03
2.612746e+09	5.616962e+03
2.917581e+09	5.657774e+03
3.235203e+09	5.698883e+03
3.566010e+09	5.740290e+03
3.910404e+09	5.781998e+03
4.268802e+09	5.824009e+03
4.641628e+09	5.866326e+03
5.029319e+09	5.908950e+03
5.432320e+09	5.951883e+03
5.851090e+09	5.995129e+03
6.286097e+09	6.038689e+03
6.737820e+09	6.082565e+03
7.206753e+09	6.126760e+03
7.693398e+09	6.171276e+03
8.198272e+09	6.216116e+03
8.721902e+09	6.261281e+03
9.264830e+09	6.306775e+03
9.827608e+09	6.352599e+03
1.041080e+10	6.398756e+03
1.101500e+10	6.445248e+03
1.164078e+10	6.492079e+03
1.228876e+10	6.539249e+03
1.295957e+10	6.586763e+03
1.365383e+10	6.634621e+03
1.437220e+10	6.682827e+03
1.511534e+10	6.731384e+03
1.588394e+10	6.780293e+03
1.667869e+10	6.829558e+03
1.750030e+10	6.879180e+03
1.834950e+10	6.929163e+03
1.922705e+10	6.979510e+03
2.013369e+10	7.030222e+03
2.107022e+10	7.081303e+03
2.203741e+10	7.132754e+03
2.303610e+10	7.184580e+03
2.406712e+10	7.236782e+03
2.513130e+10	7.289363e+03
2.622953e+10	7.342327e+03
2.736269e+10	7.395675e+03
2.853169e+10	7.449411e+03
2.973746e+10	7.503538e+03
3.098094e+10	7.558057e+03
3.226311e+10	7.612973e+03
3.358495e+10	7.668288e+03
3.494747e+10	7.724004e+03
3.635171e+10	7.780126e+03
3.779872e+10	7.836655e+03
3.928957e+10	7.893595e+03
4.082537e+10	7.950949e+03
4.240724e+10	8.008720e+03
4.403632e+10	8.066910e+03
4.571379e+10	8.125523e+03
4.744083e+10	8.184562e+03
4.921867e+10	8.244030e+03
5.104856e+10	8.303930e+03
5.293176e+10	8.364265e+03
5.486957e+10	8.425038e+03
5.686331e+10	8.486253e+03
5.891434e+10	8.547913e+03
6.102402e+10	8.610021e+03
6.319378e+10	8.672580e+03
6.542503e+10	8.735594e+03
6.771925e+10	8.799066e+03
7.007792e+10	8.862999e+03
7.250257e+10	8.927396e+03
7.499476e+10	8.992261e+03
7.755605e+10	9.057598e+03
8.018808e+10	9.123409e+03
8.289248e+10	9.189698e+03
8.567094e+10	9.256469e+03
8.852517e+10	9.323725e+03
9.145692e+10	9.391470e+03
9.446796e+10	9.459707e+03
9.756010e+10	9.528440e+03
1.007352e+11	9.597673e+03
1.039952e+11	9.667408e+03
1.073419e+11	9.737650e+03
1.107773e+11	9.808402e+03
1.143035e+11	9.879669e+03
1.179224e+11	9.951453e+03
1.216361e+11	1.002376e+04
1.254468e+11	1.009659e+04
1.293566e+11	1.016995e+04
1.333677e+11	1.024384e+04
1.374823e+11	1.031827e+04
1.417026e+11	1.039325e+04
1.460311e+11	1.046876e+04
1.504701e+11	1.054483e+04
1.550219e+11	1.062144e+04
1.596891e+11	1.069862e+04
1.644741e+11	1.077635e+04
1.693794e+11	1.085465e+04
1.744077e+11	1.093352e+04
1.795616e+11	1.101296e+04
1.848437e+11	1.109298e+04
1.902569e+11	1.117358e+04
1.958038e+11	1.125477e+04
2.014873e+11	1.133654e+04
2.073103e+11	1.141891e+04
2.132757e+11	1.150188e+04
2.193865e+11	1.158545e+04
2.256457e+11	1.166963e+04
2.320565e+11	1.175442e+04
2.386220e+11	1.183982e+04
2.453453e+11	1.192585e+04
2.522297e+11	1.201250e+04
2.592786e+11	1.209978e+04
2.664953e+11	1.218770e+04
2.738833e+11	1.227625e+04
2.814460e+11	1.236545e+04
2.891870e+11	1.245530e+04
2.971099e+11	1.254579e+04
3.052184e+11	1.263695e+04
3.135163e+11	1.272877e+04
3.220072e+11	1.282125e+04
3.306951e+11	1.291441e+04
3.395840e+11	1.300825e+04
3.486777e+11	1.310276e+04
3.579805e+11	1.319796e+04
3.674963e+11	1.329386e+04
3.772295e+11	1.339045e+04
3.871843e+11	1.348774e+04
3.973651e+11	1.358574e+04
4.077762e+11	1.368446e+04
4.184221e+11	1.378388e+04
4.293075e+11	1.388404e+04
4.404370e+11	1.398492e+04
4.518153e+11	1.408653e+04
4.634471e+11	1.418888e+04
4.753374e+11	1.429197e+04
4.874911e+11	1.439582e+04
4.999132e+11	1.450041e+04
5.126089e+11	1.460577e+04
5.255834e+11	1.471190e+04
5.388419e+11	1.481879e+04
5.523898e+11	1.492646e+04
5.662326e+11	1.503492e+04
5.803758e+11	1.514416e+04
5.948250e+11	1.525419e+04
6.095860e+11	1.536503e+04
6.246645e+11	1.547667e+04
6.400665e+11	1.558912e+04
6.557980e+11	1.570239e+04
6.718650e+11	1.581648e+04
6.882737e+11	1.593140e+04
7.050304e+11	1.604715e+04
7.221416e+11	1.616375e+04
7.396135e+11	1.628119e+04
7.574530e+11	1.639949e+04
7.756666e+11	1.651865e+04
7.942610e+11	1.663867e+04
8.132433e+11	1.675956e+04
8.326203e+11	1.688134e+04
8.523992e+11	1.700399e+04
8.725873e+11	1.712754e+04
8.931917e+11	1.725199e+04
9.142199e+11	1.737734e+04
9.356796e+11	1.750360e+04
9.575782e+11	1.763078e+04
9.799237e+11	1.775888e+04
1.002724e+12	1.788792e+04
1.025987e+12	1.801789e+04
1.049720e+12	1.814880e+04
1.073933e+12	1.828067e+04
1.098633e+12	1.841349e+04
1.123829e+12	1.854728e+04
1.149529e+12	1.868205e+04
1.175743e+12	1.881779e+04
1.202479e+12	1.895451e+04
1.229746e+12	1.909223e+04
1.257553e+12	1.923096e+04
1.285910e+12	1.937069e+04
1.314825e+12	1.951143e+04
1.344309e+12	1.965320e+04
1.374371e+12	1.979599e+04
1.405021e+12	1.993983e+04
1.436269e+12	2.008471e+04
1.468125e+12	2.023064e+04
1.500599e+12	2.037764e+04
1.533701e+12	2.052570e+04
1.567443e+12	2.067483e+04
1.601834e+12	2.082505e+04
1.636886e+12	2.097637e+04
1.672610e+12	2.112878e+04
1.709016e+12	2.128230e+04
1.746116e+12	2.143693e+04
1.783922e+12	2.159269e+04
1.822444e+12	2.174958e+04
1.861696e+12	2.190761e+04
1.901688e+12	2.206678e+04
1.942433e+12	2.222712e+04
1.983943e+12	2.238862e+04
2.026231e+12	2.255129e+04
2.069308e+12	2.271514e+04
2.113189e+12	2.288019e+04
2.157885e+12	2.304643e+04
2.203410e+12	2.321389e+04
2.249778e+12	2.338255e+04
2.297001e+12	2.355245e+04
2.345094e+12	2.372358e+04
2.394070e+12	2.389595e+04
2.443943e+12	2.406957e+04
2.494728e+12	2.424446e+04
2.546438e+12	2.442062e+04
2.599089e+12	2.459805e+04
2.652695e+12	2.477678e+04
2.707272e+12	2.495680e+04
2.762834e+12	2.513814e+04
2.819397e+12	2.532079e+04
2.876976e+12	2.550476e+04
2.935587e+12	2.569008e+04
2.995247e+12	2.587674e+04
3.055971e+12	2.606476e+04
3.117776e+12	2.625414e+04
3.180678e+12	2.644490e+04
3.244695e+12	2.663704e+04
3.309843e+12	2.683058e+04
3.376140e+12	2.702553e+04
3.443602e+12	2.722189e+04
3.512249e+12	2.741968e+04
3.582098e+12	2.761891e+04
3.653166e+12	2.781959e+04
3.725473e+12	2.802172e+04
3.799038e+12	2.822532e+04
3.873878e+12	2.843040e+04
3.950013e+12	2.863697e+04
4.027463e+12	2.884505e+04
4.106247e+12	2.905463e+04
4.186384e+12	2.926574e+04
4.267896e+12	2.947838e+04
4.350802e+12	2.969256e+04
4.435123e+12	2.990831e+04
4.520880e+12	3.012562e+04
4.608094e+12	3.034450e+04
4.696786e+12	3.056498e+04
4.786978e+12	3.078706e+04
4.878692e+12	3.101076e+04
4.971949e+12	3.123608e+04
5.066774e+12	3.146304e+04
5.163187e+12	3.169164e+04
5.261213e+12	3.192191e+04
5.360874e+12	3.215385e+04
5.462194e+12	3.238747e+04
5.565197e+12	3.262280e+04
5.669907e+12	3.285983e+04
5.776348e+12	3.309858e+04
5.884545e+12	3.333907e+04
5.994523e+12	3.358131e+04
6.106308e+12	3.382531e+04
6.219924e+12	3.407108e+04
6.335398e+12	3.431863e+04
6.452756e+12	3.456799e+04
6.572025e+12	3.481915e+04
6.693231e+12	3.507214e+04
6.816401e+12	3.532697e+04
6.941564e+12	3.558365e+04
7.068746e+12	3.584220e+04
7.197976e+12	3.610263e+04
7.329282e+12	3.636494e+04
7.462693e+12	3.662916e+04
7.598238e+12	3.689531e+04
7.735946e+12	3.716338e+04
7.875848e+12	3.743341e+04
8.017973e+12	3.770539e+04
8.162352e+12	3.797935e+04
8.309016e+12	3.825531e+04
8.457995e+12	3.853326e+04
8.609321e+12	3.881324e+04
8.763027e+12	3.909525e+04
8.919144e+12	3.937931e+04
9.077704e+12	3.966544e+04
9.238742e+12	3.995364e+04
9.402289e+12	4.024394e+04
9.568380e+12	4.053635e+04
9.737050e+12	4.083088e+04
9.908331e+12	4.112755e+04
1.008226e+13	4.142638e+04
1.025887e+13	4.172737e+04
1.043820e+13	4.203056e+04
1.062028e+13	4.233595e+04
1.080516e+13	4.264355e+04
1.099286e+13	4.295340e+04
1.118342e+13	4.326549e+04
1.137689e+13	4.357985e+04
1.157329e+13	4.389650e+04
1.177268e+13	4.421544e+04
1.197508e+13	4.453671e+04
1.218054e+13	4.486030e+04
1.238909e+13	4.518625e+04
1.260079e+13	4.551457e+04
1.281565e+13	4.584527e+04
1.303374e+13	4.617838e+04
1.325508e+13	4.651390e+04
1.347973e+13	4.685187e+04
1.370772e+13	4.719228e+04
1.393910e+13	4.753518e+04
1.417390e+13	4.788056e+04
1.441218e+13	4.822845e+04
1.465398e+13	4.857888e+04
1.489933e+13	4.893184e+04
1.514830e+13	4.928737e+04
1.540092e+13	4.964549e+04
1.565723e+13	5.000621e+04
1.591729e+13	5.036954e+04
1.618114e+13	5.073552e+04
1.644884e+13	5.110416e+04
1.672042e+13	5.147548e+04
1.699593e+13	5.184949e+04
1.727543e+13	5.222622e+04
1.755897e+13	5.260569e+04
1.784659e+13	5.298791e+04
1.813834e+13	5.337292e+04
1.843428e+13	5.376072e+04
1.873446e+13	5.415133e+04
1.903892e+13	5.454479e+04
1.934773e+13	5.494111e+04
1.966093e+13	5.534030e+04
1.997859e+13	5.574239e+04
2.030074e+13	5.614741e+04
2.062745e+13	5.655537e+04
2.095878e+13	5.696629e+04
2.129478e+13	5.738020e+04
2.163550e+13	5.779712e+04
2.198100e+13	5.821706e+04
2.233134e+13	5.864006e+04
2.268658e+13	5.906613e+04
2.304678e+13	5.949530e+04
2.341199e+13	5.992758e+04
2.378228e+13	6.036301e+04
2.415770e+13	6.080160e+04
2.453833e+13	6.124337e+04
2.492421e+13	6.168836e+04
2.531541e+13	6.213658e+04
2.571200e+13	6.258805e+04
2.611403e+13	6.304281e+04
2.652157e+13	6.350087e+04
2.693470e+13	6.396226e+04
2.735346e+13	6.442700e+04
2.777793e+13	6.489512e+04
2.820817e+13	6.536663e+04
2.864426e+13	6.584158e+04
2.908625e+13	6.631997e+04
2.953423e+13	6.680185e+04
2.998825e+13	6.728722e+04
3.044838e+13	6.777612e+04
3.091471e+13	6.826857e+04
3.138729e+13	6.876460e+04
3.186620e+13	6.926423e+04
3.235152e+13	6.976750e+04
3.284331e+13	7.027442e+04
3.334166e+13	7.078502e+04
3.384662e+13	7.129934e+04
3.435829e+13	7.181739e+04
3.487673e+13	7.233920e+04
3.540203e+13	7.286481e+04
3.593426e+13	7.339423e+04
3.647349e+13	7.392751e+04
3.701981e+13	7.446465e+04
3.757330e+13	7.500570e+04
3.813404e+13	7.555068e+04
3.870211e+13	7.609963e+04
3.927758e+13	7.665255e+04
3.986055e+13	7.720950e+04
4.045109e+13	7.777049e+04
4.104930e+13	7.833556e+04
4.165525e+13	7.890474e+04
4.226903e+13	7.947805e+04
4.289073e+13	8.005553e+04
4.352043e+13	8.063720e+04
4.415823e+13	8.122310e+04
4.480421e+13	8.181325e+04
4.545845e+13	8.240770e+04
4.612106e+13	8.300646e+04
4.679213e+13	8.360957e+04
4.747174e+13	8.421707e+04
4.815998e+13	8.482898e+04
4.885696e+13	8.544533e+04
4.956276e+13	8.606617e+04
5.027748e+13	8.669151e+04
5.100123e+13	8.732140e+04
5.173408e+13	8.795586e+04
5.247615e+13	8.859494e+04
5.322753e+13	8.923866e+04
5.398832e+13	8.988705e+04
5.475863e+13	9.054016e+04
5.553854e+13	9.119801e+04
5.632817e+13	9.186064e+04
5.712762e+13	9.252809e+04
5.793700e+13	9.320039e+04
5.875640e+13	9.387757e+04
5.958593e+13	9.455967e+04
6.042571e+13	9.524672e+04
6.127583e+13	9.593877e+04
6.213641e+13	9.663585e+04
6.300756e+13	9.733799e+04
6.388939e+13	9.804524e+04
6.478200e+13	9.875762e+04
6.568551e+13	9.947518e+04
6.660005e+13	1.001980e+05
6.752571e+13	1.009260e+05
6.846261e+13	1.016593e+05
6.941088e+13	1.023979e+05
7.037062e+13	1.031419e+05
7.134196e+13	1.038914e+05
7.232502e+13	1.046462e+05
7.331991e+13	1.054066e+05
7.432676e+13	1.061724e+05
7.534570e+13	1.069439e+05
7.637683e+13	1.077209e+05
7.742030e+13	1.085036e+05
7.847622e+13	1.092920e+05
7.954472e+13	1.100861e+05
8.062592e+13	1.108859e+05
8.171997e+13	1.116916e+05
8.282698e+13	1.125031e+05
8.394709e+13	1.133206e+05
8.508043e+13	1.141439e+05
8.622713e+13	1.149733e+05
8.738732e+13	1.158087e+05
8.856115e+13	1.166501e+05
8.974875e+13	1.174977e+05
9.095025e+13	1.183514e+05
9.216579e+13	1.192113e+05
9.339552e+13	1.200775e+05
9.463957e+13	1.209500e+05
9.589809e+13	1.218288e+05
9.717122e+13	1.227140e+05
9.845911e+13	1.236056e+05
9.976189e+13	1.245037e+05
1.010797e+14	1.254083e+05
1.024127e+14	1.263195e+05
1.037611e+14	1.272373e+05
1.051250e+14	1.281618e+05
1.065045e+14	1.290930e+05
1.078998e+14	1.300310e+05
1.093110e+14	1.309758e+05
1.107384e+14	1.319275e+05
1.121820e+14	1.328860e+05
1.136420e+14	1.338515e+05
1.151186e+14	1.348241e+05
1.166120e+14	1.358037e+05
1.181222e+14	1.367904e+05
1.196495e+14	1.377843e+05
1.211941e+14	1.387855e+05
1.227560e+14	1.397939e+05
1.243355e+14	1.408096e+05
1.259327e+14	1.418327e+05
1.275478e+14	1.428632e+05
1.291810e+14	1.439012e+05
1.308324e+14	1.449468e+05
1.325022e+14	1.460000e+05
1.341906e+14	1.470608e+05
1.358978e+14	1.481293e+05
1.376239e+14	1.492056e+05
1.393691e+14	1.502897e+05
1.411336e+14	1.513817e+05
1.429176e+14	1.524816e+05
1.447212e+14	1.535895e+05
1.465447e+14	1.547055e+05
1.483882e+14	1.558295e+05
1.502520e+14	1.569618e+05
1.521361e+14	1.581022e+05
1.540408e+14	1.592510e+05
1.559663e+14	1.604081e+05
1.579128e+14	1.615736e+05
1.598805e+14	1.627476e+05
1.618695e+14	1.639301e+05
1.638801e+14	1.651212e+05
1.659124e+14	1.663209e+05
1.679668e+14	1.675294e+05
1.700432e+14	1.687466e+05
1.721421e+14	1.699727e+05
1.742635e+14	1.712077e+05
1.764077e+14	1.724517e+05
1.785749e+14	1.737047e+05
1.807652e+14	1.749668e+05
1.829790e+14	1.762381e+05
1.852164e+14	1.775186e+05
1.874776e+14	1.788084e+05
1.897629e+14	1.801076e+05
1.920724e+14	1.814163e+05
1.944064e+14	1.827344e+05
1.967652e+14	1.840621e+05
1.991488e+14	1.853995e+05
2.015576e+14	1.867466e+05
2.039917e+14	1.881034e+05
2.064515e+14	1.894702e+05
2.089371e+14	1.908468e+05
2.114487e+14	1.922335e+05
2.139867e+14	1.936303e+05
2.165511e+14	1.950371e+05
2.191424e+14	1.964543e+05
2.217606e+14	1.978817e+05
2.244060e+14	1.993194e+05
2.270790e+14	2.007677e+05
2.297796e+14	2.022264e+05
2.325082e+14	2.036958e+05
2.352650e+14	2.051758e+05
2.380503e+14	2.066666e+05
2.408643e+14	2.081682e+05
2.437072e+14	2.096807e+05
2.465793e+14	2.112042e+05
2.494809e+14	2.127388e+05
2.524122e+14	2.142845e+05
2.553735e+14	2.158415e+05
2.583651e+14	2.174098e+05
2.613871e+14	2.189894e+05
2.644399e+14	2.205806e+05
2.675237e+14	2.221833e+05
2.706388e+14	2.237976e+05
2.737855e+14	2.254237e+05
2.769640e+14	2.270616e+05
2.801746e+14	2.287114e+05
2.834176e+14	2.303732e+05
2.866933e+14	2.320471e+05
2.900019e+14	2.337331e+05
2.933437e+14	2.354313e+05
2.967191e+14	2.371420e+05
3.001282e+14	2.388650e+05
3.035714e+14	2.406006e+05
3.070490e+14	2.423487e+05
3.105612e+14	2.441096e+05
3.141084e+14	2.458833e+05
3.176908e+14	2.476698e+05
3.213088e+14	2.494694e+05
3.249626e+14	2.512820e+05
3.286525e+14	2.531077e+05
3.323789e+14	2.549468e+05
3.361421e+14	2.567992e+05
3.399423e+14	2.586651e+05
3.437799e+14	2.605445e+05
3.476551e+14	2.624376e+05
3.515684e+14	2.643444e+05
3.555199e+14	2.662651e+05
3.595101e+14	2.681997e+05
3.635392e+14	2.701484e+05
3.676076e+14	2.721113e+05
3.717156e+14	2.740884e+05
3.758636e+14	2.760799e+05
3.800518e+14	2.780859e+05
3.842805e+14	2.801064e+05
3.885502e+14	2.821416e+05
3.928611e+14	2.841916e+05
3.972136e+14	2.862565e+05
4.016081e+14	2.883364e+05
4.060448e+14	2.904314e+05
4.105242e+14	2.925417e+05
4.150465e+14	2.946672e+05
4.196121e+14	2.968082e+05
4.242214e+14	2.989648e+05
4.288748e+14	3.011370e+05
4.335725e+14	3.033251e+05
4.383149e+14	3.055290e+05
4.431024e+14	3.077489e+05
4.479355e+14	3.099850e+05
4.528143e+14	3.122373e+05
4.577393e+14	3.145059e+05
4.627109e+14	3.167911e+05
4.677295e+14	3.190929e+05
4.727954e+14	3.214113e+05
4.779090e+14	3.237467e+05
4.830706e+14	3.260990e+05
4.882807e+14	3.284684e+05
4.935397e+14	3.308550e+05
4.988479e+14	3.332589e+05
5.042058e+14	3.356803e+05
5.096137e+14	3.381193e+05
5.150720e+14	3.405760e+05
5.205811e+14	3.430506e+05
5.261414e+14	3.455432e+05
5.317534e+14	3.480539e+05
5.374174e+14	3.505828e+05
5.431338e+14	3.531300e+05
5.489031e+14	3.556958e+05
5.547257e+14	3.582803e+05
5.606020e+14	3.608835e+05
5.665323e+14	3.635056e+05
5.725172e+14	3.661468e+05
5.785571e+14	3.688072e+05
5.846524e+14	3.714869e+05
5.908034e+14	3.741860e+05
5.970107e+14	3.769048e+05
6.032748e+14	3.796434e+05
6.095959e+14	3.824018e+05
6.159746e+14	3.851803e+05
6.224113e+14	3.879789e+05
6.289065e+14	3.907979e+05
6.354606e+14	3.936374e+05
6.420741e+14	3.964975e+05
6.487474e+14	3.993784e+05
6.554810e+14	4.022803e+05
6.622754e+14	4.052032e+05
6.691309e+14	4.081473e+05
6.760482e+14	4.111129e+05
6.830276e+14	4.140999e+05
6.900696e+14	4.171087e+05
6.971747e+14	4.201394e+05
7.043435e+14	4.231921e+05
7.115763e+14	4.262669e+05
7.188736e+14	4.293641e+05
7.262361e+14	4.324838e+05
7.336640e+14	4.356262e+05
7.411580e+14	4.387914e+05
7.487186e+14	4.419796e+05
7.563461e+14	4.451909e+05
7.640413e+14	4.484256e+05
7.718044e+14	4.516838e+05
7.796362e+14	4.549657e+05
7.875370e+14	4.582714e+05
7.955074e+14	4.616012e+05
8.035480e+14	4.649551e+05
8.116592e+14	4.683334e+05
8.198415e+14	4.717362e+05
8.280956e+14	4.751638e+05
8.364219e+14	4.786163e+05
8.448210e+14	4.820938e+05
8.532934e+14	4.855967e+05
8.618397e+14	4.891249e+05
8.704604e+14	4.926788e+05
8.791560e+14	4.962586e+05
8.879272e+14	4.998643e+05
8.967745e+14	5.034963e+05
9.056983e+14	5.071546e+05
9.146994e+14	5.108395e+05
9.237783e+14	5.145512e+05
9.329355e+14	5.182899e+05
9.421716e+14	5.220557e+05
9.514872e+14	5.258489e+05
9.608829e+14	5.296696e+05
9.703593e+14	5.335181e+05
9.799169e+14	5.373946e+05
9.895564e+14	5.412992e+05
9.992784e+14	5.452322e+05
1.009083e+15	5.491938e+05
1.018972e+15	5.531842e+05
1.028945e+15	5.572035e+05
1.039003e+15	5.612521e+05
1.049146e+15	5.653301e+05
1.059375e+15	5.694377e+05
1.069691e+15	5.735751e+05
1.080095e+15	5.777426e+05
1.090586e+15	5.819404e+05
1.101166e+15	5.861687e+05
1.111836e+15	5.904277e+05
1.122595e+15	5.947177e+05
1.133445e+15	5.990388e+05
1.144386e+15	6.033914e+05
1.155419e+15	6.077755e+05
1.166544e+15	6.121915e+05
1.177762e+15	6.166396e+05
1.189075e+15	6.211201e+05
1.200482e+15	6.256330e+05
1.211984e+15	6.301788e+05
1.223582e+15	6.347576e+05
1.235276e+15	6.393696e+05
1.247068e+15	6.440152e+05
1.258957e+15	6.486945e+05
1.270945e+15	6.534079e+05
1.283033e+15	6.581554e+05
1.295221e+15	6.629375e+05
1.307509e+15	6.677543e+05
1.319898e+15	6.726061e+05
1.332390e+15	6.774932e+05
1.344985e+15	6.824157e+05
1.357683e+15	6.873741e+05
1.370486e+15	6.923684e+05
1.383393e+15	6.973991e+05
1.396407e+15	7.024663e+05
1.409527e+15	7.075703e+05
1.422754e+15	7.127114e+05
1.436089e+15	7.178899e+05
1.449533e+15	7.231060e+05
1.463087e+15	7.283600e+05
1.476751e+15	7.336521e+05
1.490525e+15	7.389827e+05
1.504412e+15	7.443521e+05
1.518411e+15	7.497604e+05
1.532524e+15	7.552081e+05
1.546751e+15	7.606953e+05
1.561093e+15	7.662224e+05
1.575551e+15	7.717897e+05
1.590125e+15	7.773974e+05
1.604816e+15	7.830459e+05
1.619626e+15	7.887354e+05
1.634555e+15	7.944662e+05
1.649603e+15	8.002387e+05
1.664772e+15	8.060531e+05
1.680063e+15	8.119098e+05
1.695476e+15	8.178090e+05
1.711012e+15	8.237511e+05
1.726672e+15	8.297363e+05
1.742457e+15	8.357651e+05
1.758367e+15	8.418376e+05
1.774404e+15	8.479543e+05
1.790569e+15	8.541154e+05
1.806861e+15	8.603213e+05
1.823283e+15	8.665723e+05
1.839835e+15	8.728687e+05
1.856517e+15	8.792108e+05
1.873332e+15	8.855990e+05
1.890279e+15	8.920337e+05
1.907360e+15	8.985151e+05
1.924575e+15	9.050436e+05
1.941925e+15	9.116195e+05
1.959412e+15	9.182432e+05
1.977036e+15	9.249150e+05
1.994798e+15	9.316353e+05
2.012699e+15	9.384044e+05
2.030741e+15	9.452227e+05
2.048923e+15	9.520906e+05
2.067247e+15	9.590084e+05
2.085713e+15	9.659764e+05
2.104324e+15	9.729950e+05
2.123079e+15	9.800647e+05
2.141981e+15	9.871857e+05
2.161028e+15	9.943584e+05
2.180224e+15	1.001583e+06
2.199568e+15	1.008861e+06
2.219062e+15	1.016191e+06
2.238706e+15	1.023574e+06
2.258502e+15	1.031012e+06
2.278450e+15	1.038503e+06
2.298553e+15	1.046048e+06
2.318810e+15	1.053649e+06
2.339222e+15	1.061304e+06
2.359792e+15	1.069016e+06
2.380519e+15	1.076783e+06
2.401405e+15	1.084607e+06
2.422450e+15	1.092487e+06
2.443657e+15	1.100425e+06
2.465026e+15	1.108421e+06
2.486557e+15	1.116474e+06
2.508253e+15	1.124587e+06
2.530114e+15	1.132758e+06
2.552141e+15	1.140988e+06
2.574335e+15	1.149278e+06
2.596698e+15	1.157629e+06
2.619231e+15	1.166040e+06
2.641934e+15	1.174512e+06
2.664809e+15	1.183046e+06
2.687856e+15	1.191642e+06
2.711078e+15	1.200300e+06
2.734475e+15	1.209022e+06
2.758048e+15	1.217806e+06
2.781799e+15	1.226655e+06
2.805728e+15	1.235567e+06
2.829836e+15	1.244545e+06
2.854126e+15	1.253587e+06
2.878598e+15	1.262696e+06
2.903253e+15	1.271870e+06
2.928092e+15	1.281112e+06
2.953118e+15	1.290420e+06
2.978329e+15	1.299796e+06
3.003729e+15	1.309240e+06
3.029318e+15	1.318753e+06
3.055098e+15	1.328335e+06
3.081069e+15	1.337986e+06
3.107233e+15	1.347708e+06
3.133592e+15	1.357500e+06
3.160145e+15	1.367363e+06
3.186896e+15	1.377299e+06
3.213844e+15	1.387306e+06
3.240991e+15	1.397386e+06
3.268339e+15	1.407539e+06
3.295889e+15	1.417766e+06
3.323641e+15	1.428067e+06
3.351598e+15	1.438443e+06
3.379760e+15	1.448895e+06
3.408130e+15	1.459422e+06
3.436707e+15	1.470026e+06
3.465494e+15	1.480707e+06
3.494492e+15	1.491466e+06
3.523702e+15	1.502303e+06
3.553126e+15	1.513218e+06
3.582765e+15	1.524213e+06
3.612619e+15	1.535288e+06
3.642692e+15	1.546443e+06
3.672983e+15	1.557679e+06
3.703495e+15	1.568997e+06
3.734229e+15	1.580397e+06
3.765186e+15	1.591880e+06
3.796367e+15	1.603447e+06
3.827775e+15	1.615097e+06
3.859410e+15	1.626832e+06
3.891273e+15	1.638652e+06
3.923367e+15	1.650559e+06
3.955693e+15	1.662551e+06
3.988252e+15	1.674631e+06
4.021046e+15	1.686799e+06
4.054075e+15	1.699055e+06
4.087342e+15	1.711400e+06
4.120849e+15	1.723835e+06
4.154596e+15	1.736360e+06
4.188584e+15	1.748976e+06
4.222817e+15	1.761684e+06
4.257294e+15	1.774484e+06
4.292019e+15	1.787377e+06
4.326991e+15	1.800364e+06
4.362213e+15	1.813445e+06
4.397686e+15	1.826621e+06
4.433412e+15	1.839893e+06
4.469393e+15	1.853262e+06
4.505629e+15	1.866727e+06
4.542123e+15	1.880291e+06
4.578876e+15	1.893953e+06
4.615889e+15	1.907714e+06
4.653165e+15	1.921575e+06
4.690705e+15	1.935537e+06
4.728511e+15	1.949600e+06
4.766583e+15	1.963766e+06
4.804925e+15	1.978034e+06
4.843537e+15	1.992406e+06
4.882421e+15	2.006883e+06
4.921579e+15	2.021465e+06
4.961013e+15	2.036152e+06
5.000724e+15	2.050947e+06
5.040714e+15	2.065849e+06
5.080984e+15	2.080859e+06
5.121537e+15	2.095978e+06
5.162373e+15	2.111207e+06
5.203496e+15	2.126547e+06
5.244906e+15	2.141998e+06
5.286605e+15	2.157561e+06
5.328596e+15	2.173238e+06
5.370879e+15	2.189028e+06
5.413457e+15	2.204934e+06
5.456331e+15	2.220954e+06
5.499504e+15	2.237091e+06
5.542977e+15	2.253346e+06
5.586751e+15	2.269718e+06
5.630829e+15	2.286210e+06
5.675213e+15	2.302821e+06
5.719904e+15	2.319553e+06
5.764904e+15	2.336407e+06
5.810216e+15	2.353383e+06
5.855840e+15	2.370482e+06
5.901779e+15	2.387705e+06
5.948036e+15	2.405054e+06
5.994610e+15	2.422529e+06
6.041506e+15	2.440131e+06
6.088724e+15	2.457860e+06
6.136266e+15	2.475719e+06
6.184135e+15	2.493707e+06
6.232333e+15	2.511826e+06
6.280860e+15	2.530077e+06
6.329721e+15	2.548460e+06
6.378915e+15	2.566976e+06
6.428446e+15	2.585628e+06
6.478315e+15	2.604415e+06
6.528525e+15	2.623338e+06
6.579077e+15	2.642399e+06
6.629974e+15	2.661598e+06
6.681217e+15	2.680937e+06
6.732809e+15	2.700416e+06
6.784752e+15	2.720037e+06
6.837047e+15	2.739800e+06
6.889698e+15	2.759707e+06
6.942705e+15	2.779759e+06
6.996072e+15	2.799956e+06
7.049800e+15	2.820300e+06
7.103891e+15	2.840792e+06
7.158348e+15	2.861433e+06
7.213173e+15	2.882224e+06
7.268368e+15	2.903166e+06
7.323935e+15	2.924260e+06
7.379876e+15	2.945507e+06
7.436194e+15	2.966909e+06
7.492891e+15	2.988466e+06
7.549968e+15	3.010180e+06
7.607430e+15	3.032051e+06
7.665276e+15	3.054082e+06
7.723511e+15	3.076272e+06
7.782136e+15	3.098624e+06
7.841153e+15	3.121138e+06
7.900565e+15	3.143816e+06
7.960374e+15	3.166658e+06
8.020582e+15	3.189667e+06
8.081193e+15	3.212842e+06
8.142207e+15	3.236186e+06
8.203628e+15	3.259700e+06
8.265458e+15	3.283385e+06
8.327699e+15	3.307241e+06
8.390354e+15	3.331271e+06
8.453426e+15	3.355476e+06
8.516915e+15	3.379856e+06
8.580826e+15	3.404414e+06
8.645161e+15	3.429150e+06
8.709921e+15	3.454065e+06
8.775110e+15	3.479162e+06
8.840730e+15	3.504441e+06
8.906783e+15	3.529904e+06
8.973272e+15	3.555552e+06
9.040201e+15	3.581386e+06
9.107570e+15	3.607408e+06
9.175383e+15	3.633619e+06
9.243642e+15	3.660020e+06
9.312350e+15	3.686613e+06
9.381510e+15	3.713400e+06
9.451123e+15	3.740381e+06
9.521194e+15	3.767558e+06
9.591724e+15	3.794932e+06
9.662716e+15	3.822506e+06
9.734173e+15	3.850280e+06
9.806097e+15	3.878255e+06
9.878492e+15	3.906434e+06
9.951359e+15	3.934818e+06
1.002470e+16	3.963407e+06
1.009852e+16	3.992205e+06
1.017283e+16	4.021212e+06
1.024761e+16	4.050429e+06
1.032289e+16	4.079859e+06
1.039865e+16	4.109503e+06
1.047491e+16	4.139362e+06
1.055166e+16	4.169438e+06
1.062890e+16	4.199733e+06
1.070665e+16	4.230247e+06
1.078491e+16	4.260984e+06
1.086367e+16	4.291943e+06
1.094294e+16	4.323128e+06
1.102272e+16	4.354539e+06
1.110302e+16	4.386179e+06
1.118383e+16	4.418048e+06
1.126517e+16	4.450149e+06
1.134704e+16	4.482483e+06
1.142942e+16	4.515052e+06
1.151235e+16	4.547858e+06
1.159580e+16	4.580902e+06
1.167979e+16	4.614186e+06
1.176432e+16	4.647712e+06
1.184939e+16	4.681482e+06
1.193501e+16	4.715497e+06
1.202118e+16	4.749759e+06
1.210790e+16	4.784270e+06
1.219517e+16	4.819032e+06
1.228301e+16	4.854046e+06
1.237140e+16	4.889315e+06
1.246036e+16	4.924840e+06
1.254989e+16	4.960623e+06
1.263999e+16	4.996667e+06
1.273066e+16	5.032972e+06
1.282191e+16	5.069541e+06
1.291374e+16	5.106375e+06
1.300616e+16	5.143477e+06
1.309917e+16	5.180849e+06
1.319276e+16	5.218492e+06
1.328695e+16	5.256409e+06
1.338174e+16	5.294602e+06
1.347713e+16	5.333071e+06
1.357312e+16	5.371821e+06
1.366972e+16	5.410852e+06
1.376693e+16	5.450166e+06
1.386476e+16	5.489766e+06
1.396320e+16	5.529654e+06
1.406227e+16	5.569832e+06
1.416196e+16	5.610301e+06
1.426229e+16	5.651065e+06
1.436324e+16	5.692125e+06
1.446483e+16	5.733483e+06
1.456706e+16	5.775142e+06
1.466993e+16	5.817103e+06
1.477345e+16	5.859369e+06
1.487762e+16	5.901943e+06
1.498245e+16	5.944825e+06
1.508793e+16	5.988020e+06
1.519407e+16	6.031528e+06
1.530088e+16	6.075352e+06
1.540836e+16	6.119495e+06
1.551651e+16	6.163958e+06
1.562533e+16	6.208745e+06
1.573484e+16	6.253856e+06
1.584503e+16	6.299296e+06
1.595591e+16	6.345066e+06
1.606748e+16	6.391168e+06
1.617974e+16	6.437605e+06
1.629271e+16	6.484380e+06
1.640638e+16	6.531495e+06
1.652076e+16	6.578952e+06
1.663584e+16	6.626753e+06
1.675165e+16	6.674903e+06
1.686817e+16	6.723401e+06
1.698541e+16	6.772253e+06
1.710339e+16	6.821459e+06
1.722209e+16	6.871023e+06
1.734153e+16	6.920947e+06
1.746171e+16	6.971233e+06
1.758263e+16	7.021885e+06
1.770430e+16	7.072905e+06
1.782673e+16	7.124296e+06
1.794991e+16	7.176060e+06
1.807385e+16	7.228200e+06
1.819855e+16	7.280719e+06
1.832402e+16	7.333620e+06
1.845027e+16	7.386905e+06
1.857729e+16	7.440577e+06
1.870510e+16	7.494640e+06
1.883369e+16	7.549095e+06
1.896307e+16	7.603945e+06
1.909325e+16	7.659194e+06
1.922422e+16	7.714845e+06
1.935600e+16	7.770900e+06
1.948859e+16	7.827362e+06
1.962199e+16	7.884235e+06
1.975621e+16	7.941521e+06
1.989125e+16	7.999222e+06
2.002711e+16	8.057344e+06
2.016381e+16	8.115887e+06
2.030134e+16	8.174856e+06
2.043971e+16	8.234253e+06
2.057893e+16	8.294082e+06
2.071899e+16	8.354346e+06
2.085991e+16	8.415048e+06
2.100169e+16	8.476190e+06
2.114433e+16	8.537777e+06
2.128784e+16	8.599811e+06
2.143222e+16	8.662296e+06
2.157748e+16	8.725235e+06
2.172362e+16	8.788632e+06
2.187065e+16	8.852488e+06
2.201857e+16	8.916809e+06
2.216739e+16	8.981598e+06
2.231711e+16	9.046857e+06
2.246773e+16	9.112590e+06
2.261927e+16	9.178801e+06
2.277173e+16	9.245493e+06
2.292511e+16	9.312669e+06
2.307941e+16	9.380334e+06
2.323465e+16	9.448490e+06
2.339082e+16	9.517141e+06
2.354794e+16	9.586291e+06
2.370600e+16	9.655944e+06
2.386502e+16	9.726103e+06
2.402500e+16	9.796771e+06
2.418593e+16	9.867953e+06
2.434784e+16	9.939652e+06
2.451072e+16	1.001187e+07
2.467458e+16	1.008462e+07
2.483942e+16	1.015789e+07
2.500526e+16	1.023170e+07
2.517209e+16	1.030604e+07
2.533992e+16	1.038092e+07
2.550875e+16	1.045635e+07
2.567860e+16	1.053232e+07
2.584946e+16	1.060885e+07
2.602135e+16	1.068593e+07
2.619426e+16	1.076357e+07
2.636821e+16	1.084178e+07
2.654320e+16	1.092055e+07
2.671923e+16	1.099990e+07
2.689631e+16	1.107983e+07
2.707445e+16	1.116033e+07
2.725366e+16	1.124142e+07
2.743393e+16	1.132310e+07
2.761527e+16	1.140537e+07
2.779769e+16	1.148824e+07
2.798120e+16	1.157171e+07
2.816580e+16	1.165579e+07
2.835150e+16	1.174048e+07
2.853830e+16	1.182578e+07
2.872621e+16	1.191171e+07
2.891523e+16	1.199826e+07
2.910538e+16	1.208543e+07
2.929665e+16	1.217325e+07
2.948905e+16	1.226169e+07
2.968260e+16	1.235079e+07
2.987729e+16	1.244053e+07
3.007313e+16	1.253092e+07
3.027013e+16	1.262196e+07
3.046830e+16	1.271367e+07
3.066764e+16	1.280605e+07
3.086815e+16	1.289910e+07
3.106984e+16	1.299282e+07
3.127273e+16	1.308722e+07
3.147681e+16	1.318231e+07
3.168210e+16	1.327809e+07
3.188859e+16	1.337457e+07
3.209630e+16	1.347175e+07
3.230523e+16	1.356963e+07
3.251539e+16	1.366823e+07
3.272678e+16	1.376754e+07
3.293942e+16	1.386757e+07
3.315330e+16	1.396833e+07
3.336844e+16	1.406982e+07
3.358485e+16	1.417205e+07
3.380252e+16	1.427503e+07
3.402146e+16	1.437875e+07
3.424169e+16	1.448322e+07
3.446321e+16	1.458845e+07
3.468603e+16	1.469445e+07
3.491014e+16	1.480122e+07
3.513557e+16	1.490876e+07
3.536232e+16	1.501709e+07
3.559039e+16	1.512620e+07
3.581979e+16	1.523610e+07
3.605053e+16	1.534681e+07
3.628261e+16	1.545831e+07
3.651605e+16	1.557063e+07
3.675085e+16	1.568377e+07
3.698702e+16	1.579772e+07
3.722456e+16	1.591251e+07
3.746348e+16	1.602812e+07
3.770379e+16	1.614458e+07
3.794550e+16	1.626189e+07
3.818862e+16	1.638004e+07
3.843314e+16	1.649906e+07
3.867909e+16	1.661894e+07
3.892646e+16	1.673969e+07
3.917527e+16	1.686132e+07
3.942552e+16	1.698383e+07
3.967721e+16	1.710723e+07
3.993037e+16	1.723153e+07
4.018499e+16	1.735673e+07
4.044109e+16	1.748284e+07
4.069867e+16	1.760987e+07
4.095773e+16	1.773782e+07
4.121829e+16	1.786670e+07
4.148036e+16	1.799652e+07
4.174394e+16	1.812728e+07
4.200904e+16	1.825899e+07
4.227567e+16	1.839166e+07
4.254384e+16	1.852529e+07
4.281355e+16	1.865989e+07
4.308482e+16	1.879547e+07
4.335765e+16	1.893204e+07
4.363205e+16	1.906959e+07
4.390803e+16	1.920815e+07
4.418559e+16	1.934771e+07
4.446475e+16	1.948829e+07
4.474551e+16	1.962989e+07
4.502789e+16	1.977252e+07
4.531188e+16	1.991618e+07
4.559751e+16	2.006089e+07
4.588477e+16	2.020665e+07
4.617368e+16	2.035347e+07
4.646425e+16	2.050136e+07
4.675648e+16	2.065032e+07
4.705038e+16	2.080036e+07
4.734597e+16	2.095149e+07
4.764324e+16	2.110372e+07
4.794222e+16	2.125706e+07
4.824290e+16	2.141151e+07
4.854530e+16	2.156708e+07
4.884943e+16	2.172379e+07
4.915530e+16	2.188163e+07
4.946291e+16	2.204062e+07
4.977227e+16	2.220076e+07
5.008340e+16	2.236207e+07
5.039630e+16	2.252455e+07
5.071098e+16	2.268821e+07
5.102746e+16	2.285306e+07
5.134573e+16	2.301910e+07
5.166582e+16	2.318636e+07
5.198773e+16	2.335483e+07
5.231146e+16	2.352452e+07
5.263704e+16	2.369544e+07
5.296446e+16	2.386761e+07
5.329375e+16	2.404103e+07
5.362490e+16	2.421571e+07
5.395793e+16	2.439166e+07
5.429285e+16	2.456888e+07
5.462967e+16	2.474740e+07
5.496839e+16	2.492721e+07
5.530904e+16	2.510833e+07
5.565161e+16	2.529076e+07
5.599612e+16	2.547452e+07
5.634258e+16	2.565961e+07
5.669100e+16	2.584605e+07
5.704139e+16	2.603385e+07
5.739376e+16	2.622301e+07
5.774812e+16	2.641354e+07
5.810447e+16	2.660545e+07
5.846284e+16	2.679877e+07
5.882324e+16	2.699348e+07
5.918566e+16	2.718961e+07
5.955012e+16	2.738717e+07
5.991664e+16	2.758616e+07
6.028523e+16	2.778660e+07
6.065589e+16	2.798849e+07
6.102863e+16	2.819185e+07
6.140347e+16	2.839669e+07
6.178042e+16	2.860302e+07
6.215949e+16	2.881084e+07
6.254069e+16	2.902018e+07
6.292403e+16	2.923103e+07
6.330952e+16	2.944342e+07
6.369718e+16	2.965735e+07
6.408701e+16	2.987284e+07
6.447902e+16	3.008989e+07
6.487324e+16	3.030852e+07
6.526966e+16	3.052874e+07
6.566831e+16	3.075056e+07
6.606919e+16	3.097398e+07
6.647231e+16	3.119904e+07
6.687768e+16	3.142573e+07
6.728533e+16	3.165406e+07
6.769525e+16	3.188405e+07
6.810747e+16	3.211572e+07
6.852199e+16	3.234907e+07
6.893882e+16	3.258411e+07
6.935798e+16	3.282086e+07
6.977948e+16	3.305933e+07
7.020333e+16	3.329954e+07
7.062955e+16	3.354149e+07
7.105814e+16	3.378520e+07
7.148912e+16	3.403067e+07
7.192251e+16	3.427794e+07
7.235830e+16	3.452700e+07
7.279652e+16	3.477786e+07
7.323718e+16	3.503056e+07
7.368030e+16	3.528508e+07
7.412587e+16	3.554146e+07
7.457393e+16	3.579970e+07
7.502447e+16	3.605981e+07
7.547751e+16	3.632182e+07
7.593308e+16	3.658573e+07
7.639117e+16	3.685155e+07
7.685180e+16	3.711931e+07
7.731499e+16	3.738902e+07
7.778075e+16	3.766068e+07
7.824909e+16	3.793432e+07
7.872002e+16	3.820994e+07
7.919356e+16	3.848757e+07
7.966973e+16	3.876722e+07
8.014853e+16	3.904889e+07
8.062998e+16	3.933262e+07
8.111410e+16	3.961840e+07
8.160089e+16	3.990626e+07
8.209037e+16	4.019622e+07
8.258256e+16	4.048828e+07
8.307747e+16	4.078246e+07
8.357511e+16	4.107878e+07
8.407550e+16	4.137725e+07
8.457864e+16	4.167789e+07
8.508457e+16	4.198072e+07
8.559329e+16	4.228574e+07
8.610481e+16	4.259299e+07
8.661914e+16	4.290246e+07
8.713632e+16	4.321418e+07
8.765634e+16	4.352817e+07
8.817922e+16	4.384444e+07
8.870499e+16	4.416301e+07
8.923364e+16	4.448389e+07
8.976521e+16	4.480711e+07
9.029969e+16	4.513267e+07
9.083712e+16	4.546060e+07
9.137750e+16	4.579091e+07
9.192084e+16	4.612362e+07
9.246717e+16	4.645874e+07
9.301650e+16	4.679631e+07
9.356885e+16	4.713632e+07
9.412422e+16	4.747881e+07
9.468264e+16	4.782378e+07
9.524412e+16	4.817126e+07
9.580868e+16	4.852127e+07
9.637634e+16	4.887382e+07
9.694710e+16	4.922893e+07
9.752098e+16	4.958662e+07
9.809801e+16	4.994691e+07
9.867820e+16	5.030981e+07
9.926156e+16	5.067536e+07
9.984811e+16	5.104356e+07
1.004379e+17	5.141443e+07
1.010308e+17	5.178800e+07
1.016271e+17	5.216429e+07
1.022265e+17	5.254331e+07
1.028293e+17	5.292508e+07
1.034353e+17	5.330962e+07
1.040447e+17	5.369697e+07
1.046574e+17	5.408712e+07
1.052734e+17	5.448011e+07
1.058927e+17	5.487595e+07
1.065155e+17	5.527467e+07
1.071416e+17	5.567629e+07
1.077712e+17	5.608083e+07
1.084042e+17	5.648830e+07
1.090406e+17	5.689874e+07
1.096805e+17	5.731216e+07
1.103238e+17	5.772858e+07
1.109707e+17	5.814803e+07
1.116211e+17	5.857052e+07
1.122750e+17	5.899609e+07
1.129325e+17	5.942475e+07
1.135935e+17	5.985652e+07
1.142582e+17	6.029143e+07
1.149264e+17	6.072950e+07
1.155983e+17	6.117075e+07
1.162738e+17	6.161521e+07
1.169530e+17	6.206289e+07
1.176358e+17	6.251383e+07
1.183224e+17	6.296805e+07
1.190127e+17	6.342557e+07
1.197067e+17	6.388641e+07
1.204045e+17	6.435060e+07
1.211060e+17	6.481816e+07
1.218114e+17	6.528912e+07
1.225206e+17	6.576350e+07
1.232336e+17	6.624133e+07
1.239504e+17	6.672263e+07
1.246712e+17	6.720743e+07
1.253958e+17	6.769575e+07
1.261244e+17	6.818761e+07
1.268569e+17	6.868306e+07
1.275933e+17	6.918210e+07
1.283338e+17	6.968477e+07
1.290782e+17	7.019109e+07
1.298266e+17	7.070108e+07
1.305791e+17	7.121479e+07
1.313356e+17	7.173222e+07
1.320962e+17	7.225342e+07
1.328609e+17	7.277840e+07
1.336298e+17	7.330720e+07
1.344028e+17	7.383984e+07
1.351799e+17	7.437635e+07
1.359612e+17	7.491676e+07
1.367467e+17	7.546109e+07
1.375365e+17	7.600938e+07
1.383305e+17	7.656166e+07
1.391288e+17	7.711794e+07
1.399314e+17	7.767827e+07
1.407382e+17	7.824267e+07
1.415494e+17	7.881117e+07
1.423650e+17	7.938380e+07
1.431850e+17	7.996059e+07
1.440093e+17	8.054158e+07
1.448381e+17	8.112678e+07
1.456714e+17	8.171623e+07
1.465091e+17	8.230997e+07
1.473513e+17	8.290803e+07
1.481980e+17	8.351042e+07
1.490492e+17	8.411720e+07
1.499050e+17	8.472838e+07
1.507654e+17	8.534401e+07
1.516305e+17	8.596411e+07
1.525001e+17	8.658871e+07
1.533744e+17	8.721785e+07
1.542534e+17	8.785156e+07
1.551371e+17	8.848988e+07
1.560255e+17	8.913283e+07
1.569186e+17	8.978046e+07
1.578166e+17	9.043279e+07
1.587193e+17	9.108986e+07
1.596269e+17	9.175171e+07
1.605393e+17	9.241837e+07
1.614566e+17	9.308986e+07
1.623788e+17	9.376624e+07
1.633059e+17	9.444753e+07
1.642379e+17	9.513378e+07
1.651750e+17	9.582501e+07
1.661170e+17	9.652126e+07
1.670640e+17	9.722257e+07
1.680162e+17	9.792897e+07
1.689733e+17	9.864051e+07
1.699356e+17	9.935722e+07
1.709030e+17	1.000791e+08
1.718756e+17	1.008063e+08
1.728533e+17	1.015387e+08
1.738363e+17	1.022765e+08
1.748245e+17	1.030196e+08
1.758179e+17	1.037682e+08
1.768166e+17	1.045221e+08
1.778207e+17	1.052816e+08
1.788301e+17	1.060465e+08
1.798448e+17	1.068170e+08
1.808649e+17	1.075932e+08
1.818905e+17	1.083749e+08
1.829215e+17	1.091624e+08
1.839580e+17	1.099555e+08
1.850000e+17	1.107544e+08
1.860475e+17	1.115592e+08
1.871006e+17	1.123697e+08
1.881593e+17	1.131862e+08
1.892235e+17	1.140086e+08
1.902935e+17	1.148370e+08
1.913691e+17	1.156714e+08
1.924504e+17	1.165118e+08
1.935374e+17	1.173584e+08
1.946302e+17	1.182111e+08
1.957288e+17	1.190700e+08
1.968332e+17	1.199351e+08
1.979435e+17	1.208066e+08
1.990596e+17	1.216843e+08
2.001817e+17	1.225685e+08
2.013096e+17	1.234590e+08
2.024436e+17	1.243561e+08
2.035835e+17	1.252596e+08
2.047295e+17	1.261697e+08
2.058815e+17	1.270865e+08
2.070397e+17	1.280099e+08
2.082039e+17	1.289400e+08
2.093743e+17	1.298768e+08
2.105509e+17	1.308205e+08
2.117337e+17	1.317710e+08
2.129227e+17	1.327284e+08
2.141180e+17	1.336928e+08
2.153196e+17	1.346642e+08
2.165276e+17	1.356427e+08
2.177419e+17	1.366282e+08
2.189626e+17	1.376210e+08
2.201898e+17	1.386209e+08
2.214235e+17	1.396281e+08
2.226636e+17	1.406426e+08
2.239103e+17	1.416645e+08
2.251635e+17	1.426938e+08
2.264234e+17	1.437306e+08
2.276898e+17	1.447749e+08
2.289630e+17	1.458268e+08
2.302428e+17	1.468864e+08
2.315294e+17	1.479537e+08
2.328228e+17	1.490287e+08
2.341229e+17	1.501115e+08
2.354299e+17	1.512022e+08
2.367438e+17	1.523008e+08
2.380646e+17	1.534074e+08
2.393923e+17	1.545220e+08
2.407270e+17	1.556448e+08
2.420687e+17	1.567756e+08
2.434174e+17	1.579148e+08
2.447733e+17	1.590621e+08
2.461362e+17	1.602179e+08
2.475063e+17	1.613820e+08
2.488836e+17	1.625546e+08
2.502682e+17	1.637357e+08
2.516599e+17	1.649253e+08
2.530590e+17	1.661237e+08
2.544654e+17	1.673307e+08
2.558792e+17	1.685465e+08
2.573004e+17	1.697711e+08
2.587291e+17	1.710047e+08
2.601652e+17	1.722472e+08
2.616089e+17	1.734987e+08
2.630601e+17	1.747593e+08
2.645190e+17	1.760291e+08
2.659854e+17	1.773081e+08
2.674595e+17	1.785964e+08
2.689414e+17	1.798940e+08
2.704310e+17	1.812011e+08
2.719284e+17	1.825177e+08
2.734336e+17	1.838439e+08
2.749467e+17	1.851796e+08
2.764677e+17	1.865251e+08
2.779967e+17	1.878804e+08
2.795336e+17	1.892455e+08
2.810786e+17	1.906205e+08
2.826317e+17	1.920056e+08
2.841928e+17	1.934006e+08
2.857621e+17	1.948059e+08
2.873396e+17	1.962213e+08
2.889254e+17	1.976470e+08
2.905194e+17	1.990831e+08
2.921217e+17	2.005296e+08
2.937324e+17	2.019866e+08
2.953515e+17	2.034542e+08
2.969790e+17	2.049325e+08
2.986150e+17	2.064215e+08
3.002596e+17	2.079213e+08
3.019127e+17	2.094321e+08
3.035744e+17	2.109538e+08
3.052448e+17	2.124865e+08
3.069239e+17	2.140304e+08
3.086117e+17	2.155855e+08
3.103084e+17	2.171519e+08
3.120138e+17	2.187297e+08
3.137282e+17	2.203190e+08
3.154514e+17	2.219198e+08
3.171836e+17	2.235322e+08
3.189249e+17	2.251564e+08
3.206751e+17	2.267924e+08
3.224345e+17	2.284402e+08
3.242031e+17	2.301000e+08
3.259808e+17	2.317719e+08
3.277677e+17	2.334559e+08
3.295640e+17	2.351522e+08
3.313696e+17	2.368607e+08
3.331845e+17	2.385817e+08
3.350089e+17	2.403152e+08
3.368428e+17	2.420613e+08
3.386862e+17	2.438201e+08
3.405391e+17	2.455917e+08
3.424017e+17	2.473761e+08
3.442739e+17	2.491735e+08
3.461559e+17	2.509840e+08
3.480476e+17	2.528076e+08
3.499491e+17	2.546445e+08
3.518605e+17	2.564947e+08
3.537817e+17	2.583583e+08
3.557130e+17	2.602355e+08
3.576542e+17	2.621264e+08
3.596055e+17	2.640309e+08
3.615670e+17	2.659493e+08
3.635385e+17	2.678817e+08
3.655203e+17	2.698281e+08
3.675124e+17	2.717886e+08
3.695147e+17	2.737634e+08
3.715275e+17	2.757525e+08
3.735506e+17	2.777561e+08
3.755842e+17	2.797742e+08
3.776283e+17	2.818070e+08
3.796830e+17	2.838546e+08
3.817484e+17	2.859171e+08
3.838244e+17	2.879945e+08
3.859111e+17	2.900870e+08
3.880086e+17	2.921947e+08
3.901170e+17	2.943178e+08
3.922363e+17	2.964563e+08
3.943665e+17	2.986103e+08
3.965077e+17	3.007799e+08
3.986600e+17	3.029654e+08
4.008234e+17	3.051667e+08
4.029979e+17	3.073840e+08
4.051837e+17	3.096174e+08
4.073808e+17	3.118670e+08
4.095892e+17	3.141330e+08
4.118090e+17	3.164154e+08
4.140402e+17	3.187145e+08
4.162830e+17	3.210302e+08
4.185373e+17	3.233628e+08
4.208032e+17	3.257123e+08
4.230809e+17	3.280788e+08
4.253702e+17	3.304626e+08
4.276714e+17	3.328637e+08
4.299844e+17	3.352823e+08
4.323094e+17	3.377184e+08
4.346463e+17	3.401722e+08
4.369952e+17	3.426438e+08
4.393563e+17	3.451334e+08
4.417295e+17	3.476411e+08
4.441149e+17	3.501670e+08
4.465126e+17	3.527113e+08
4.489227e+17	3.552740e+08
4.513451e+17	3.578554e+08
4.537800e+17	3.604555e+08
4.562274e+17	3.630746e+08
4.586875e+17	3.657126e+08
4.611601e+17	3.683698e+08
4.636455e+17	3.710463e+08
4.661437e+17	3.737423e+08
4.686547e+17	3.764579e+08
4.711786e+17	3.791932e+08
4.737154e+17	3.819483e+08
4.762654e+17	3.847235e+08
4.788284e+17	3.875189e+08
4.814045e+17	3.903345e+08
4.839939e+17	3.931706e+08
4.865966e+17	3.960274e+08
4.892127e+17	3.989048e+08
4.918422e+17	4.018032e+08
4.944851e+17	4.047227e+08
4.971417e+17	4.076633e+08
4.998118e+17	4.106253e+08
5.024957e+17	4.136089e+08
5.051933e+17	4.166141e+08
5.079048e+17	4.196412e+08
5.106302e+17	4.226902e+08
5.133695e+17	4.257614e+08
5.161229e+17	4.288550e+08
5.188904e+17	4.319710e+08
5.216721e+17	4.351096e+08
5.244680e+17	4.382710e+08
5.272783e+17	4.414555e+08
5.301029e+17	4.446630e+08
5.329420e+17	4.478939e+08
5.357957e+17	4.511482e+08
5.386640e+17	4.544262e+08
5.415469e+17	4.577280e+08
5.444446e+17	4.610538e+08
5.473572e+17	4.644037e+08
5.502846e+17	4.677780e+08
5.532270e+17	4.711768e+08
5.561845e+17	4.746003e+08
5.591571e+17	4.780487e+08
5.621449e+17	4.815221e+08
5.651480e+17	4.850208e+08
5.681664e+17	4.885449e+08
5.712003e+17	4.920946e+08
5.742497e+17	4.956701e+08
5.773147e+17	4.992716e+08
5.803953e+17	5.028992e+08
5.834916e+17	5.065532e+08
5.866038e+17	5.102337e+08
5.897319e+17	5.139410e+08
5.928760e+17	5.176752e+08
5.960361e+17	5.214366e+08
5.992123e+17	5.252253e+08
6.024048e+17	5.290415e+08
6.056135e+17	5.328854e+08
6.088387e+17	5.367573e+08
6.120803e+17	5.406573e+08
6.153384e+17	5.445857e+08
6.186131e+17	5.485425e+08
6.219046e+17	5.525282e+08
6.252128e+17	5.565428e+08
6.285380e+17	5.605865e+08
6.318800e+17	5.646597e+08
6.352391e+17	5.687624e+08
6.386154e+17	5.728950e+08
6.420088e+17	5.770575e+08
6.454196e+17	5.812503e+08
6.488477e+17	5.854736e+08
6.522933e+17	5.897276e+08
6.557564e+17	5.940125e+08
6.592372e+17	5.983285e+08
6.627357e+17	6.026759e+08
6.662520e+17	6.070548e+08
6.697862e+17	6.114656e+08
6.733384e+17	6.159084e+08
6.769087e+17	6.203835e+08
6.804972e+17	6.248911e+08
6.841039e+17	6.294315e+08
6.877290e+17	6.340049e+08
6.913725e+17	6.386115e+08
6.950346e+17	6.432515e+08
6.987153e+17	6.479253e+08
7.024147e+17	6.526330e+08
7.061329e+17	6.573750e+08
7.098700e+17	6.621514e+08
7.136261e+17	6.669625e+08
7.174013e+17	6.718085e+08
7.211957e+17	6.766898e+08
7.250094e+17	6.816065e+08
7.288425e+17	6.865590e+08
7.326950e+17	6.915474e+08
7.365671e+17	6.965721e+08
7.404589e+17	7.016333e+08
7.443705e+17	7.067313e+08
7.483019e+17	7.118663e+08
7.522532e+17	7.170386e+08
7.562247e+17	7.222485e+08
7.602163e+17	7.274962e+08
7.642281e+17	7.327821e+08
7.682603e+17	7.381064e+08
7.723130e+17	7.434694e+08
7.763862e+17	7.488713e+08
7.804801e+17	7.543125e+08
7.845948e+17	7.597933e+08
7.887303e+17	7.653138e+08
7.928869e+17	7.708745e+08
7.970644e+17	7.764755e+08
8.012632e+17	7.821173e+08
8.054833e+17	7.878001e+08
8.097247e+17	7.935241e+08
8.139877e+17	7.992897e+08
8.182722e+17	8.050973e+08
8.225785e+17	8.109470e+08
8.269066e+17	8.168392e+08
8.312566e+17	8.227743e+08
8.356286e+17	8.287524e+08
8.400228e+17	8.347740e+08
8.444392e+17	8.408394e+08
8.488780e+17	8.469488e+08
8.533393e+17	8.531026e+08
8.578232e+17	8.593011e+08
8.623297e+17	8.655447e+08
8.668591e+17	8.718336e+08
8.714114e+17	8.781682e+08
8.759867e+17	8.845489e+08
8.805852e+17	8.909759e+08
8.852070e+17	8.974496e+08
8.898521e+17	9.039703e+08
8.945207e+17	9.105384e+08
8.992129e+17	9.171543e+08
9.039289e+17	9.238182e+08
9.086687e+17	9.305305e+08
9.134325e+17	9.372916e+08
9.182203e+17	9.441019e+08
9.230324e+17	9.509616e+08
9.278687e+17	9.578711e+08
9.327296e+17	9.648309e+08
9.376149e+17	9.718412e+08
9.425250e+17	9.789025e+08
9.474599e+17	9.860150e+08
9.524196e+17	9.931793e+08
9.574045e+17	1.000396e+09
9.624145e+17	1.007664e+09
9.674498e+17	1.014986e+09
9.725106e+17	1.022361e+09
9.775968e+17	1.029789e+09
9.827088e+17	1.037271e+09
9.878466e+17	1.044808e+09
9.930103e+17	1.052399e+09
9.982000e+17	1.060046e+09
1.003416e+18	1.067748e+09
1.008658e+18	1.075506e+09
1.013927e+18	1.083321e+09
1.019222e+18	1.091192e+09
1.024544e+18	1.099120e+09
1.029893e+18	1.107106e+09
1.035269e+18	1.115150e+09
1.040672e+18	1.123253e+09
1.046102e+18	1.131414e+09
1.051559e+18	1.139635e+09
1.057044e+18	1.147916e+09
1.062557e+18	1.156256e+09
1.068098e+18	1.164657e+09
1.073666e+18	1.173120e+09
1.079262e+18	1.181643e+09
1.084887e+18	1.190229e+09
1.090540e+18	1.198877e+09
1.096221e+18	1.207588e+09
1.101932e+18	1.216362e+09
1.107670e+18	1.225200e+09
1.113438e+18	1.234102e+09
1.119235e+18	1.243069e+09
1.125061e+18	1.252101e+09
1.130916e+18	1.261198e+09
1.136801e+18	1.270362e+09
1.142715e+18	1.279592e+09
1.148659e+18	1.288890e+09
1.154633e+18	1.298255e+09
1.160637e+18	1.307688e+09
1.166672e+18	1.317189e+09
1.172736e+18	1.326760e+09
1.178831e+18	1.336400e+09
1.184957e+18	1.346110e+09
1.191114e+18	1.355890e+09
1.197301e+18	1.365742e+09
1.203520e+18	1.375665e+09
1.209770e+18	1.385661e+09
1.216051e+18	1.395729e+09
1.222364e+18	1.405870e+09
1.228709e+18	1.416085e+09
1.235086e+18	1.426374e+09
1.241494e+18	1.436738e+09
1.247935e+18	1.447177e+09
1.254408e+18	1.457692e+09
1.260914e+18	1.468283e+09
1.267452e+18	1.478951e+09
1.274024e+18	1.489697e+09
1.280628e+18	1.500521e+09
1.287265e+18	1.511424e+09
1.293936e+18	1.522406e+09
1.300640e+18	1.533467e+09
1.307378e+18	1.544609e+09
1.314150e+18	1.555832e+09
1.320955e+18	1.567137e+09
1.327795e+18	1.578523e+09
1.334669e+18	1.589992e+09
1.341578e+18	1.601545e+09
1.348521e+18	1.613182e+09
1.355499e+18	1.624903e+09
1.362513e+18	1.636709e+09
1.369561e+18	1.648601e+09
1.376645e+18	1.660580e+09
1.383764e+18	1.672645e+09
1.390919e+18	1.684799e+09
1.398110e+18	1.697040e+09
1.405336e+18	1.709370e+09
1.412600e+18	1.721791e+09
1.419899e+18	1.734301e+09
1.427235e+18	1.746902e+09
1.434608e+18	1.759595e+09
1.442018e+18	1.772380e+09
1.449465e+18	1.785258e+09
1.456949e+18	1.798229e+09
1.464471e+18	1.811295e+09
1.472030e+18	1.824455e+09
1.479628e+18	1.837712e+09
1.487263e+18	1.851064e+09
1.494937e+18	1.864514e+09
1.502649e+18	1.878061e+09
1.510399e+18	1.891707e+09
1.518189e+18	1.905452e+09
1.526017e+18	1.919296e+09
1.533885e+18	1.933242e+09
1.541792e+18	1.947288e+09
1.549739e+18	1.961437e+09
1.557725e+18	1.975689e+09
1.565752e+18	1.990044e+09
1.573818e+18	2.004503e+09
1.581925e+18	2.019067e+09
1.590073e+18	2.033738e+09
1.598261e+18	2.048515e+09
1.606490e+18	2.063399e+09
1.614761e+18	2.078391e+09
1.623072e+18	2.093492e+09
1.631426e+18	2.108703e+09
1.639821e+18	2.124025e+09
1.648258e+18	2.139458e+09
1.656737e+18	2.155003e+09
1.665259e+18	2.170661e+09
1.673823e+18	2.186432e+09
1.682430e+18	2.202319e+09
1.691080e+18	2.218321e+09
1.699774e+18	2.234439e+09
1.708510e+18	2.250674e+09
1.717291e+18	2.267027e+09
1.726115e+18	2.283499e+09
1.734984e+18	2.300090e+09
1.743896e+18	2.316802e+09
1.752854e+18	2.333636e+09
1.761856e+18	2.350592e+09
1.770903e+18	2.367671e+09
1.779995e+18	2.384874e+09
1.789132e+18	2.402202e+09
1.798316e+18	2.419656e+09
1.807545e+18	2.437237e+09
1.816820e+18	2.454946e+09
1.826141e+18	2.472783e+09
1.835509e+18	2.490750e+09
1.844924e+18	2.508847e+09
1.854386e+18	2.527076e+09
1.863895e+18	2.545438e+09
1.873451e+18	2.563932e+09
1.883055e+18	2.582562e+09
1.892707e+18	2.601326e+09
1.902407e+18	2.620227e+09
1.912156e+18	2.639265e+09
1.921953e+18	2.658442e+09
1.931799e+18	2.677758e+09
1.941695e+18	2.697214e+09
1.951639e+18	2.716811e+09
1.961633e+18	2.736551e+09
1.971677e+18	2.756435e+09
1.981771e+18	2.776463e+09
1.991916e+18	2.796636e+09
2.002111e+18	2.816956e+09
2.012357e+18	2.837424e+09
2.022654e+18	2.858040e+09
2.033002e+18	2.878806e+09
2.043402e+18	2.899723e+09
2.053853e+18	2.920792e+09
2.064357e+18	2.942014e+09
2.074913e+18	2.963390e+09
2.085522e+18	2.984922e+09
2.096183e+18	3.006610e+09
2.106898e+18	3.028456e+09
2.117666e+18	3.050460e+09
2.128487e+18	3.072624e+09
2.139363e+18	3.094949e+09
2.150293e+18	3.117437e+09
2.161277e+18	3.140088e+09
2.172316e+18	3.162903e+09
2.183410e+18	3.185884e+09
2.194559e+18	3.209032e+09
2.205763e+18	3.232349e+09
2.217024e+18	3.255835e+09
2.228340e+18	3.279491e+09
2.239713e+18	3.303319e+09
2.251142e+18	3.327321e+09
2.262628e+18	3.351497e+09
2.274172e+18	3.375848e+09
2.285772e+18	3.400377e+09
2.297431e+18	3.425083e+09
2.309148e+18	3.449969e+09
2.320922e+18	3.475036e+09
2.332756e+18	3.500286e+09
2.344648e+18	3.525718e+09
2.356600e+18	3.551336e+09
2.368611e+18	3.577139e+09
2.380681e+18	3.603130e+09
2.392812e+18	3.629310e+09
2.405003e+18	3.655680e+09
2.417255e+18	3.682242e+09
2.429567e+18	3.708996e+09
2.441941e+18	3.735945e+09
2.454376e+18	3.763090e+09
2.466873e+18	3.790432e+09
2.479432e+18	3.817973e+09
2.492054e+18	3.845714e+09
2.504738e+18	3.873656e+09
2.517486e+18	3.901802e+09
2.530297e+18	3.930152e+09
2.543171e+18	3.958708e+09
2.556109e+18	3.987471e+09
2.569112e+18	4.016443e+09
2.582179e+18	4.045626e+09
2.595312e+18	4.075021e+09
2.608509e+18	4.104630e+09
2.621772e+18	4.134453e+09
2.635101e+18	4.164494e+09
2.648496e+18	4.194752e+09
2.661958e+18	4.225231e+09
2.675486e+18	4.255931e+09
2.689082e+18	4.286854e+09
2.702745e+18	4.318001e+09
2.716476e+18	4.349375e+09
2.730275e+18	4.380977e+09
2.744143e+18	4.412809e+09
2.758079e+18	4.444872e+09
2.772085e+18	4.477168e+09
2.786160e+18	4.509698e+09
2.800305e+18	4.542465e+09
2.814520e+18	4.575470e+09
2.828806e+18	4.608715e+09
2.843162e+18	4.642201e+09
2.857590e+18	4.675930e+09
2.872090e+18	4.709905e+09
2.886661e+18	4.744127e+09
2.901305e+18	4.778597e+09
2.916021e+18	4.813317e+09
2.930811e+18	4.848290e+09
2.945673e+18	4.883517e+09
2.960610e+18	4.919000e+09
2.975620e+18	4.954741e+09
2.990705e+18	4.990741e+09
3.005865e+18	5.027003e+09
3.021100e+18	5.063529e+09
3.036410e+18	5.100320e+09
3.051796e+18	5.137378e+09
3.067259e+18	5.174705e+09
3.082798e+18	5.212304e+09
3.098415e+18	5.250176e+09
3.114108e+18	5.288323e+09
3.129880e+18	5.326747e+09
3.145729e+18	5.365451e+09
3.161658e+18	5.404435e+09
3.177665e+18	5.443703e+09
3.193751e+18	5.483256e+09
3.209917e+18	5.523097e+09
3.226164e+18	5.563227e+09
3.242490e+18	5.603648e+09
3.258898e+18	5.644364e+09
3.275387e+18	5.685375e+09
3.291957e+18	5.726684e+09
3.308610e+18	5.768293e+09
3.325345e+18	5.810205e+09
3.342163e+18	5.852421e+09
3.359065e+18	5.894944e+09
3.376050e+18	5.937776e+09
3.393119e+18	5.980919e+09
3.410272e+18	6.024375e+09
3.427511e+18	6.068148e+09
3.444835e+18	6.112238e+09
3.462244e+18	6.156649e+09
3.479740e+18	6.201382e+09
3.497323e+18	6.246440e+09
3.514992e+18	6.291826e+09
3.532749e+18	6.337542e+09
3.550594e+18	6.383589e+09
3.568527e+18	6.429972e+09
3.586549e+18	6.476691e+09
3.604660e+18	6.523750e+09
3.622861e+18	6.571150e+09
3.641151e+18	6.618895e+09
3.659532e+18	6.666987e+09
3.678005e+18	6.715429e+09
3.696568e+18	6.764222e+09
3.715223e+18	6.813370e+09
3.733971e+18	6.862875e+09
3.752811e+18	6.912739e+09
3.771745e+18	6.962966e+09
3.790772e+18	7.013558e+09
3.809893e+18	7.064518e+09
3.829109e+18	7.115848e+09
3.848420e+18	7.167550e+09
3.867826e+18	7.219629e+09
3.887329e+18	7.272086e+09
3.906927e+18	7.324924e+09
3.926623e+18	7.378145e+09
3.946416e+18	7.431754e+09
3.966307e+18	7.485752e+09
3.986296e+18	7.540143e+09
4.006384e+18	7.594928e+09
4.026571e+18	7.650112e+09
4.046858e+18	7.705696e+09
4.067245e+18	7.761685e+09
4.087733e+18	7.818080e+09
4.108322e+18	7.874885e+09
4.129013e+18	7.932103e+09
4.149806e+18	7.989737e+09
4.170702e+18	8.047789e+09
4.191701e+18	8.106263e+09
4.212804e+18	8.165162e+09
4.234011e+18	8.224489e+09
4.255323e+18	8.284247e+09
4.276740e+18	8.344439e+09
4.298263e+18	8.405069e+09
4.319893e+18	8.466139e+09
4.341629e+18	8.527652e+09
4.363472e+18	8.589613e+09
4.385423e+18	8.652024e+09
4.407483e+18	8.714889e+09
4.429651e+18	8.778210e+09
4.451929e+18	8.841991e+09
4.474317e+18	8.906236e+09
4.496816e+18	8.970947e+09
4.519425e+18	9.036129e+09
4.542147e+18	9.101784e+09
4.564980e+18	9.167916e+09
4.587926e+18	9.234529e+09
4.610985e+18	9.301626e+09
4.634158e+18	9.369210e+09
4.657446e+18	9.437285e+09
4.680848e+18	9.505855e+09
4.704366e+18	9.574924e+09
4.728000e+18	9.644494e+09
4.751751e+18	9.714569e+09
4.775618e+18	9.785154e+09
4.799604e+18	9.856251e+09
4.823708e+18	9.927866e+09
4.847930e+18	1.000000e+10
