1.193860e+09	7.916819e+03
1.215216e+09	7.917819e+03
1.236584e+09	7.918819e+03
1.257964e+09	7.919819e+03
1.279356e+09	7.920819e+03
1.300760e+09	7.921819e+03
1.322176e+09	7.922819e+03
1.343603e+09	7.923819e+03
1.365043e+09	7.924819e+03
1.386495e+09	7.925819e+03
1.407959e+09	7.926819e+03
1.429434e+09	7.927819e+03
1.450922e+09	7.928819e+03
1.472421e+09	7.929819e+03
1.493933e+09	7.930819e+03
1.515456e+09	7.931819e+03
1.536992e+09	7.932819e+03
1.558539e+09	7.933819e+03
1.580099e+09	7.934819e+03
1.601670e+09	7.935819e+03
1.623254e+09	7.936819e+03
1.644849e+09	7.937819e+03
1.666457e+09	7.938819e+03
1.688076e+09	7.939819e+03
1.709707e+09	7.940819e+03
1.731351e+09	7.941819e+03
1.753006e+09	7.942819e+03
1.774674e+09	7.943819e+03
1.796353e+09	7.944819e+03
1.818044e+09	7.945819e+03
1.839748e+09	7.946819e+03
1.861463e+09	7.947819e+03
1.883191e+09	7.948819e+03
1.904930e+09	7.949819e+03
1.926681e+09	7.950819e+03
1.948445e+09	7.951819e+03
1.970220e+09	7.952819e+03
1.992008e+09	7.953819e+03
2.013807e+09	7.954819e+03
2.035619e+09	7.955819e+03
2.057443e+09	7.956819e+03
2.079278e+09	7.957819e+03
2.101126e+09	7.958819e+03
2.122985e+09	7.959819e+03
2.144857e+09	7.960819e+03
2.166741e+09	7.961819e+03
2.188637e+09	7.962819e+03
2.210545e+09	7.963819e+03
2.232464e+09	7.964819e+03
2.254396e+09	7.965819e+03
2.276340e+09	7.966819e+03
2.298296e+09	7.967819e+03
2.320264e+09	7.968819e+03
2.342244e+09	7.969819e+03
2.364237e+09	7.970819e+03
2.386241e+09	7.971819e+03
2.408257e+09	7.972819e+03
2.430285e+09	7.973819e+03
2.452326e+09	7.974819e+03
2.474378e+09	7.975819e+03
2.496443e+09	7.976819e+03
2.518519e+09	7.977819e+03
2.540608e+09	7.978819e+03
2.562709e+09	7.979819e+03
2.584821e+09	7.980819e+03
2.606946e+09	7.981819e+03
2.629083e+09	7.982819e+03
2.651232e+09	7.983819e+03
2.673393e+09	7.984819e+03
2.695567e+09	7.985819e+03
2.717752e+09	7.986819e+03
2.739949e+09	7.987819e+03
2.762159e+09	7.988819e+03
2.784380e+09	7.989819e+03
2.806614e+09	7.990819e+03
2.828859e+09	7.991819e+03
2.851117e+09	7.992819e+03
2.873387e+09	7.993819e+03
2.895669e+09	7.994819e+03
2.917963e+09	7.995819e+03
2.940270e+09	7.996819e+03
2.962588e+09	7.997819e+03
2.984918e+09	7.998819e+03
3.007261e+09	7.999819e+03
3.029616e+09	8.000819e+03
3.051982e+09	8.001819e+03
3.074361e+09	8.002819e+03
3.096752e+09	8.003819e+03
3.119155e+09	8.004819e+03
3.141571e+09	8.005819e+03
3.163998e+09	8.006819e+03
3.186438e+09	8.007819e+03
3.208889e+09	8.008819e+03
3.231353e+09	8.009819e+03
3.253829e+09	8.010819e+03
3.276317e+09	8.011819e+03
3.298817e+09	8.012819e+03
3.321329e+09	8.013819e+03
3.343854e+09	8.014819e+03
3.366390e+09	8.015819e+03
3.388939e+09	8.016819e+03
3.411500e+09	8.017819e+03
3.434073e+09	8.018819e+03
3.456658e+09	8.019819e+03
3.479255e+09	8.020819e+03
3.501865e+09	8.021819e+03
3.524486e+09	8.022819e+03
3.547120e+09	8.023819e+03
3.569766e+09	8.024819e+03
3.592424e+09	8.025819e+03
3.615094e+09	8.026819e+03
3.637777e+09	8.027819e+03
3.660471e+09	8.028819e+03
3.683178e+09	8.029819e+03
3.705897e+09	8.030819e+03
3.728628e+09	8.031819e+03
3.751372e+09	8.032819e+03
3.774127e+09	8.033819e+03
3.796895e+09	8.034819e+03
3.819674e+09	8.035819e+03
3.842466e+09	8.036819e+03
3.865271e+09	8.037819e+03
3.888087e+09	8.038819e+03
3.910915e+09	8.039819e+03
3.933756e+09	8.040819e+03
3.956609e+09	8.041819e+03
3.979474e+09	8.042819e+03
4.002352e+09	8.043819e+03
4.025241e+09	8.044819e+03
4.048143e+09	8.045819e+03
4.071057e+09	8.046819e+03
4.093983e+09	8.047819e+03
4.116921e+09	8.048819e+03
4.139872e+09	8.049819e+03
4.162834e+09	8.050819e+03
4.185809e+09	8.051819e+03
4.208797e+09	8.052819e+03
4.231796e+09	8.053819e+03
4.254807e+09	8.054819e+03
4.277831e+09	8.055819e+03
4.300867e+09	8.056819e+03
4.323916e+09	8.057819e+03
4.346976e+09	8.058819e+03
4.370049e+09	8.059819e+03
4.393134e+09	8.060819e+03
4.416231e+09	8.061819e+03
4.439340e+09	8.062819e+03
4.462462e+09	8.063819e+03
4.485596e+09	8.064819e+03
4.508742e+09	8.065819e+03
4.531900e+09	8.066819e+03
4.555071e+09	8.067819e+03
4.578254e+09	8.068819e+03
4.601449e+09	8.069819e+03
4.624656e+09	8.070819e+03
4.647875e+09	8.071819e+03
4.671107e+09	8.072819e+03
4.694351e+09	8.073819e+03
4.717608e+09	8.074819e+03
4.740876e+09	8.075819e+03
4.764157e+09	8.076819e+03
4.787450e+09	8.077819e+03
4.810756e+09	8.078819e+03
4.834073e+09	8.079819e+03
4.857403e+09	8.080819e+03
4.880745e+09	8.081819e+03
4.904100e+09	8.082819e+03
4.927466e+09	8.083819e+03
4.950845e+09	8.084819e+03
4.974237e+09	8.085819e+03
4.997640e+09	8.086819e+03
5.021056e+09	8.087819e+03
5.044484e+09	8.088819e+03
5.067925e+09	8.089819e+03
5.091377e+09	8.090819e+03
5.114842e+09	8.091819e+03
5.138319e+09	8.092819e+03
5.161809e+09	8.093819e+03
5.185311e+09	8.094819e+03
5.208825e+09	8.095819e+03
5.232351e+09	8.096819e+03
5.255890e+09	8.097819e+03
5.279441e+09	8.098819e+03
5.303004e+09	8.099819e+03
5.326580e+09	8.100819e+03
5.350168e+09	8.101819e+03
5.373768e+09	8.102819e+03
5.397381e+09	8.103819e+03
5.421006e+09	8.104819e+03
5.444643e+09	8.105819e+03
5.468292e+09	8.106819e+03
5.491954e+09	8.107819e+03
5.515628e+09	8.108819e+03
5.539315e+09	8.109819e+03
5.563013e+09	8.110819e+03
5.586725e+09	8.111819e+03
5.610448e+09	8.112819e+03
5.634184e+09	8.113819e+03
5.657932e+09	8.114819e+03
5.681692e+09	8.115819e+03
5.705465e+09	8.116819e+03
5.729250e+09	8.117819e+03
5.753048e+09	8.118819e+03
5.776857e+09	8.119819e+03
5.800679e+09	8.120819e+03
5.824514e+09	8.121819e+03
5.848361e+09	8.122819e+03
5.872220e+09	8.123819e+03
5.896091e+09	8.124819e+03
5.919975e+09	8.125819e+03
5.943872e+09	8.126819e+03
5.967780e+09	8.127819e+03
5.991701e+09	8.128819e+03
6.015634e+09	8.129819e+03
6.039580e+09	8.130819e+03
6.063538e+09	8.131819e+03
6.087508e+09	8.132819e+03
6.111491e+09	8.133819e+03
6.135486e+09	8.134819e+03
6.159494e+09	8.135819e+03
6.183514e+09	8.136819e+03
6.207546e+09	8.137819e+03
6.231591e+09	8.138819e+03
6.255648e+09	8.139819e+03
6.279717e+09	8.140819e+03
6.303799e+09	8.141819e+03
6.327893e+09	8.142819e+03
6.351999e+09	8.143819e+03
6.376118e+09	8.144819e+03
6.400250e+09	8.145819e+03
6.424393e+09	8.146819e+03
6.448549e+09	8.147819e+03
6.472718e+09	8.148819e+03
6.496899e+09	8.149819e+03
6.521092e+09	8.150819e+03
6.545298e+09	8.151819e+03
6.569516e+09	8.152819e+03
6.593746e+09	8.153819e+03
6.617989e+09	8.154819e+03
6.642245e+09	8.155819e+03
6.666512e+09	8.156819e+03
6.690793e+09	8.157819e+03
6.715085e+09	8.158819e+03
6.739390e+09	8.159819e+03
6.763707e+09	8.160819e+03
6.788037e+09	8.161819e+03
6.812380e+09	8.162819e+03
6.836734e+09	8.163819e+03
6.861101e+09	8.164819e+03
6.885481e+09	8.165819e+03
6.909873e+09	8.166819e+03
6.934277e+09	8.167819e+03
6.958694e+09	8.168819e+03
6.983123e+09	8.169819e+03
7.007565e+09	8.170819e+03
7.032019e+09	8.171819e+03
7.056486e+09	8.172819e+03
7.080965e+09	8.173819e+03
7.105456e+09	8.174819e+03
7.129960e+09	8.175819e+03
7.154476e+09	8.176819e+03
7.179005e+09	8.177819e+03
7.203546e+09	8.178819e+03
7.228100e+09	8.179819e+03
7.252666e+09	8.180819e+03
7.277245e+09	8.181819e+03
7.301836e+09	8.182819e+03
7.326440e+09	8.183819e+03
7.351056e+09	8.184819e+03
7.375684e+09	8.185819e+03
7.400325e+09	8.186819e+03
7.424978e+09	8.187819e+03
7.449644e+09	8.188819e+03
7.474323e+09	8.189819e+03
7.499014e+09	8.190819e+03
7.523717e+09	8.191819e+03
7.548433e+09	8.192819e+03
7.573161e+09	8.193819e+03
7.597902e+09	8.194819e+03
7.622655e+09	8.195819e+03
7.647421e+09	8.196819e+03
7.672199e+09	8.197819e+03
7.696990e+09	8.198819e+03
7.721793e+09	8.199819e+03
7.746608e+09	8.200819e+03
7.771437e+09	8.201819e+03
7.796277e+09	8.202819e+03
7.821131e+09	8.203819e+03
7.845996e+09	8.204819e+03
7.870874e+09	8.205819e+03
7.895765e+09	8.206819e+03
7.920668e+09	8.207819e+03
7.945584e+09	8.208819e+03
7.970512e+09	8.209819e+03
7.995453e+09	8.210819e+03
8.020406e+09	8.211819e+03
8.045372e+09	8.212819e+03
8.070350e+09	8.213819e+03
8.095341e+09	8.214819e+03
8.120344e+09	8.215819e+03
8.145360e+09	8.216819e+03
8.170389e+09	8.217819e+03
8.195430e+09	8.218819e+03
8.220483e+09	8.219819e+03
8.245549e+09	8.220819e+03
8.270628e+09	8.221819e+03
8.295719e+09	8.222819e+03
8.320822e+09	8.223819e+03
8.345938e+09	8.224819e+03
8.371067e+09	8.225819e+03
8.396208e+09	8.226819e+03
8.421362e+09	8.227819e+03
8.446528e+09	8.228819e+03
8.471707e+09	8.229819e+03
8.496898e+09	8.230819e+03
8.522102e+09	8.231819e+03
8.547319e+09	8.232819e+03
8.572548e+09	8.233819e+03
8.597789e+09	8.234819e+03
8.623044e+09	8.235819e+03
8.648310e+09	8.236819e+03
8.673590e+09	8.237819e+03
8.698881e+09	8.238819e+03
8.724186e+09	8.239819e+03
8.749503e+09	8.240819e+03
8.774832e+09	8.241819e+03
8.800175e+09	8.242819e+03
8.825529e+09	8.243819e+03
8.850897e+09	8.244819e+03
8.876276e+09	8.245819e+03
8.901669e+09	8.246819e+03
8.927074e+09	8.247819e+03
8.952492e+09	8.248819e+03
8.977922e+09	8.249819e+03
9.003364e+09	8.250819e+03
9.028820e+09	8.251819e+03
9.054288e+09	8.252819e+03
9.079768e+09	8.253819e+03
9.105262e+09	8.254819e+03
9.130767e+09	8.255819e+03
9.156286e+09	8.256819e+03
9.181817e+09	8.257819e+03
9.207360e+09	8.258819e+03
9.232916e+09	8.259819e+03
9.258485e+09	8.260819e+03
9.284066e+09	8.261819e+03
9.309660e+09	8.262819e+03
9.335267e+09	8.263819e+03
9.360886e+09	8.264819e+03
9.386518e+09	8.265819e+03
9.412162e+09	8.266819e+03
9.437819e+09	8.267819e+03
9.463489e+09	8.268819e+03
9.489171e+09	8.269819e+03
9.514866e+09	8.270819e+03
9.540574e+09	8.271819e+03
9.566294e+09	8.272819e+03
9.592027e+09	8.273819e+03
9.617772e+09	8.274819e+03
9.643530e+09	8.275819e+03
9.669301e+09	8.276819e+03
9.695084e+09	8.277819e+03
9.720880e+09	8.278819e+03
9.746689e+09	8.279819e+03
9.772510e+09	8.280819e+03
9.798344e+09	8.281819e+03
9.824191e+09	8.282819e+03
9.850050e+09	8.283819e+03
9.875922e+09	8.284819e+03
9.901806e+09	8.285819e+03
9.927703e+09	8.286819e+03
9.953613e+09	8.287819e+03
9.979536e+09	8.288819e+03
1.000547e+10	8.289819e+03
1.003142e+10	8.290819e+03
1.005738e+10	8.291819e+03
1.008335e+10	8.292819e+03
1.010934e+10	8.293819e+03
1.013534e+10	8.294819e+03
1.016135e+10	8.295819e+03
1.018737e+10	8.296819e+03
1.021341e+10	8.297819e+03
1.023946e+10	8.298819e+03
1.026552e+10	8.299819e+03
1.029159e+10	8.300819e+03
1.031768e+10	8.301819e+03
1.034378e+10	8.302819e+03
1.036989e+10	8.303819e+03
1.039602e+10	8.304819e+03
1.042216e+10	8.305819e+03
1.044831e+10	8.306819e+03
1.047447e+10	8.307819e+03
1.050065e+10	8.308819e+03
1.052683e+10	8.309819e+03
1.055304e+10	8.310819e+03
1.057925e+10	8.311819e+03
1.060548e+10	8.312819e+03
1.063172e+10	8.313819e+03
1.065797e+10	8.314819e+03
1.068423e+10	8.315819e+03
1.071051e+10	8.316819e+03
1.073680e+10	8.317819e+03
1.076310e+10	8.318819e+03
1.078942e+10	8.319819e+03
1.081575e+10	8.320819e+03
1.084209e+10	8.321819e+03
1.086844e+10	8.322819e+03
1.089481e+10	8.323819e+03
1.092119e+10	8.324819e+03
1.094758e+10	8.325819e+03
1.097399e+10	8.326819e+03
1.100040e+10	8.327819e+03
1.102684e+10	8.328819e+03
1.105328e+10	8.329819e+03
1.107973e+10	8.330819e+03
1.110620e+10	8.331819e+03
1.113268e+10	8.332819e+03
1.115918e+10	8.333819e+03
1.118568e+10	8.334819e+03
1.121220e+10	8.335819e+03
1.123874e+10	8.336819e+03
1.126528e+10	8.337819e+03
1.129184e+10	8.338819e+03
1.131841e+10	8.339819e+03
1.134499e+10	8.340819e+03
1.137159e+10	8.341819e+03
1.139820e+10	8.342819e+03
1.142482e+10	8.343819e+03
1.145145e+10	8.344819e+03
1.147810e+10	8.345819e+03
1.150476e+10	8.346819e+03
1.153143e+10	8.347819e+03
1.155812e+10	8.348819e+03
1.158482e+10	8.349819e+03
1.161153e+10	8.350819e+03
1.163825e+10	8.351819e+03
1.166499e+10	8.352819e+03
1.169174e+10	8.353819e+03
1.171850e+10	8.354819e+03
1.174527e+10	8.355819e+03
1.177206e+10	8.356819e+03
1.179886e+10	8.357819e+03
1.182567e+10	8.358819e+03
1.185250e+10	8.359819e+03
1.187934e+10	8.360819e+03
1.190619e+10	8.361819e+03
1.193305e+10	8.362819e+03
1.195993e+10	8.363819e+03
1.198682e+10	8.364819e+03
1.201372e+10	8.365819e+03
1.204064e+10	8.366819e+03
1.206757e+10	8.367819e+03
1.209451e+10	8.368819e+03
1.212146e+10	8.369819e+03
1.214843e+10	8.370819e+03
1.217541e+10	8.371819e+03
1.220240e+10	8.372819e+03
1.222940e+10	8.373819e+03
1.225642e+10	8.374819e+03
1.228345e+10	8.375819e+03
1.231050e+10	8.376819e+03
1.233755e+10	8.377819e+03
1.236462e+10	8.378819e+03
1.239170e+10	8.379819e+03
1.241880e+10	8.380819e+03
1.244591e+10	8.381819e+03
1.247303e+10	8.382819e+03
1.250016e+10	8.383819e+03
1.252731e+10	8.384819e+03
1.255447e+10	8.385819e+03
1.258164e+10	8.386819e+03
1.260882e+10	8.387819e+03
1.263602e+10	8.388819e+03
1.266323e+10	8.389819e+03
1.269045e+10	8.390819e+03
1.271769e+10	8.391819e+03
1.274494e+10	8.392819e+03
1.277220e+10	8.393819e+03
1.279947e+10	8.394819e+03
1.282676e+10	8.395819e+03
1.285406e+10	8.396819e+03
1.288138e+10	8.397819e+03
1.290870e+10	8.398819e+03
1.293604e+10	8.399819e+03
1.296339e+10	8.400819e+03
1.299076e+10	8.401819e+03
1.301813e+10	8.402819e+03
1.304552e+10	8.403819e+03
1.307293e+10	8.404819e+03
1.310034e+10	8.405819e+03
1.312777e+10	8.406819e+03
1.315521e+10	8.407819e+03
1.318267e+10	8.408819e+03
1.321014e+10	8.409819e+03
1.323762e+10	8.410819e+03
1.326511e+10	8.411819e+03
1.329262e+10	8.412819e+03
1.332014e+10	8.413819e+03
1.334767e+10	8.414819e+03
1.337521e+10	8.415819e+03
1.340277e+10	8.416819e+03
1.343034e+10	8.417819e+03
1.345792e+10	8.418819e+03
1.348552e+10	8.419819e+03
1.351313e+10	8.420819e+03
1.354075e+10	8.421819e+03
1.356839e+10	8.422819e+03
1.359604e+10	8.423819e+03
1.362370e+10	8.424819e+03
1.365137e+10	8.425819e+03
1.367906e+10	8.426819e+03
1.370676e+10	8.427819e+03
1.373447e+10	8.428819e+03
1.376219e+10	8.429819e+03
1.378993e+10	8.430819e+03
1.381768e+10	8.431819e+03
1.384545e+10	8.432819e+03
1.387323e+10	8.433819e+03
1.390102e+10	8.434819e+03
1.392882e+10	8.435819e+03
1.395664e+10	8.436819e+03
1.398446e+10	8.437819e+03
1.401231e+10	8.438819e+03
1.404016e+10	8.439819e+03
1.406803e+10	8.440819e+03
1.409591e+10	8.441819e+03
1.412380e+10	8.442819e+03
1.415171e+10	8.443819e+03
1.417963e+10	8.444819e+03
1.420756e+10	8.445819e+03
1.423551e+10	8.446819e+03
1.426346e+10	8.447819e+03
1.429144e+10	8.448819e+03
1.431942e+10	8.449819e+03
1.434742e+10	8.450819e+03
1.437543e+10	8.451819e+03
1.440345e+10	8.452819e+03
1.443149e+10	8.453819e+03
1.445953e+10	8.454819e+03
1.448760e+10	8.455819e+03
1.451567e+10	8.456819e+03
1.454376e+10	8.457819e+03
1.457186e+10	8.458819e+03
1.459997e+10	8.459819e+03
1.462810e+10	8.460819e+03
1.465624e+10	8.461819e+03
1.468439e+10	8.462819e+03
1.471256e+10	8.463819e+03
1.474074e+10	8.464819e+03
1.476893e+10	8.465819e+03
1.479713e+10	8.466819e+03
1.482535e+10	8.467819e+03
1.485358e+10	8.468819e+03
1.488183e+10	8.469819e+03
1.491008e+10	8.470819e+03
1.493835e+10	8.471819e+03
1.496663e+10	8.472819e+03
1.499493e+10	8.473819e+03
1.502324e+10	8.474819e+03
1.505156e+10	8.475819e+03
1.507989e+10	8.476819e+03
1.510824e+10	8.477819e+03
1.513660e+10	8.478819e+03
1.516498e+10	8.479819e+03
1.519336e+10	8.480819e+03
1.522176e+10	8.481819e+03
1.525017e+10	8.482819e+03
1.527860e+10	8.483819e+03
1.530704e+10	8.484819e+03
1.533549e+10	8.485819e+03
1.536395e+10	8.486819e+03
1.539243e+10	8.487819e+03
1.542092e+10	8.488819e+03
1.544943e+10	8.489819e+03
1.547794e+10	8.490819e+03
1.550647e+10	8.491819e+03
1.553502e+10	8.492819e+03
1.556357e+10	8.493819e+03
1.559214e+10	8.494819e+03
1.562072e+10	8.495819e+03
1.564932e+10	8.496819e+03
1.567792e+10	8.497819e+03
1.570655e+10	8.498819e+03
1.573518e+10	8.499819e+03
1.576383e+10	8.500819e+03
1.579249e+10	8.501819e+03
1.582116e+10	8.502819e+03
1.584985e+10	8.503819e+03
1.587854e+10	8.504819e+03
1.590726e+10	8.505819e+03
1.593598e+10	8.506819e+03
1.596472e+10	8.507819e+03
1.599347e+10	8.508819e+03
1.602224e+10	8.509819e+03
1.605101e+10	8.510819e+03
1.607980e+10	8.511819e+03
1.610861e+10	8.512819e+03
1.613742e+10	8.513819e+03
1.616625e+10	8.514819e+03
1.619510e+10	8.515819e+03
1.622395e+10	8.516819e+03
1.625282e+10	8.517819e+03
1.628170e+10	8.518819e+03
1.631060e+10	8.519819e+03
1.633951e+10	8.520819e+03
1.636843e+10	8.521819e+03
1.639736e+10	8.522819e+03
1.642631e+10	8.523819e+03
1.645527e+10	8.524819e+03
1.648424e+10	8.525819e+03
1.651323e+10	8.526819e+03
1.654223e+10	8.527819e+03
1.657124e+10	8.528819e+03
1.660027e+10	8.529819e+03
1.662931e+10	8.530819e+03
1.665836e+10	8.531819e+03
1.668743e+10	8.532819e+03
1.671650e+10	8.533819e+03
1.674560e+10	8.534819e+03
1.677470e+10	8.535819e+03
1.680382e+10	8.536819e+03
1.683295e+10	8.537819e+03
1.686209e+10	8.538819e+03
1.689125e+10	8.539819e+03
1.692042e+10	8.540819e+03
1.694960e+10	8.541819e+03
1.697880e+10	8.542819e+03
1.700801e+10	8.543819e+03
1.703723e+10	8.544819e+03
1.706647e+10	8.545819e+03
1.709572e+10	8.546819e+03
1.712498e+10	8.547819e+03
1.715425e+10	8.548819e+03
1.718354e+10	8.549819e+03
1.721284e+10	8.550819e+03
1.724216e+10	8.551819e+03
1.727148e+10	8.552819e+03
1.730083e+10	8.553819e+03
1.733018e+10	8.554819e+03
1.735955e+10	8.555819e+03
1.738893e+10	8.556819e+03
1.741832e+10	8.557819e+03
1.744773e+10	8.558819e+03
1.747715e+10	8.559819e+03
1.750658e+10	8.560819e+03
1.753602e+10	8.561819e+03
1.756548e+10	8.562819e+03
1.759495e+10	8.563819e+03
1.762444e+10	8.564819e+03
1.765394e+10	8.565819e+03
1.768345e+10	8.566819e+03
1.771297e+10	8.567819e+03
1.774251e+10	8.568819e+03
1.777206e+10	8.569819e+03
1.780163e+10	8.570819e+03
1.783121e+10	8.571819e+03
1.786080e+10	8.572819e+03
1.789040e+10	8.573819e+03
1.792002e+10	8.574819e+03
1.794965e+10	8.575819e+03
1.797929e+10	8.576819e+03
1.800895e+10	8.577819e+03
1.803862e+10	8.578819e+03
1.806830e+10	8.579819e+03
1.809800e+10	8.580819e+03
1.812770e+10	8.581819e+03
1.815743e+10	8.582819e+03
1.818716e+10	8.583819e+03
1.821691e+10	8.584819e+03
1.824667e+10	8.585819e+03
1.827645e+10	8.586819e+03
1.830624e+10	8.587819e+03
1.833604e+10	8.588819e+03
1.836585e+10	8.589819e+03
1.839568e+10	8.590819e+03
1.842552e+10	8.591819e+03
1.845538e+10	8.592819e+03
1.848524e+10	8.593819e+03
1.851512e+10	8.594819e+03
1.854502e+10	8.595819e+03
1.857492e+10	8.596819e+03
1.860485e+10	8.597819e+03
1.863478e+10	8.598819e+03
1.866473e+10	8.599819e+03
1.869469e+10	8.600819e+03
1.872466e+10	8.601819e+03
1.875465e+10	8.602819e+03
1.878464e+10	8.603819e+03
1.881466e+10	8.604819e+03
1.884468e+10	8.605819e+03
1.887472e+10	8.606819e+03
1.890478e+10	8.607819e+03
1.893484e+10	8.608819e+03
1.896492e+10	8.609819e+03
1.899501e+10	8.610819e+03
1.902512e+10	8.611819e+03
1.905524e+10	8.612819e+03
1.908537e+10	8.613819e+03
1.911551e+10	8.614819e+03
1.914567e+10	8.615819e+03
1.917584e+10	8.616819e+03
1.920603e+10	8.617819e+03
1.923623e+10	8.618819e+03
1.926644e+10	8.619819e+03
1.929666e+10	8.620819e+03
1.932690e+10	8.621819e+03
1.935715e+10	8.622819e+03
1.938742e+10	8.623819e+03
1.941769e+10	8.624819e+03
1.944799e+10	8.625819e+03
1.947829e+10	8.626819e+03
1.950861e+10	8.627819e+03
1.953894e+10	8.628819e+03
1.956928e+10	8.629819e+03
1.959964e+10	8.630819e+03
1.963001e+10	8.631819e+03
1.966039e+10	8.632819e+03
1.969079e+10	8.633819e+03
1.972120e+10	8.634819e+03
1.975162e+10	8.635819e+03
1.978206e+10	8.636819e+03
1.981251e+10	8.637819e+03
1.984298e+10	8.638819e+03
1.987345e+10	8.639819e+03
1.990394e+10	8.640819e+03
1.993445e+10	8.641819e+03
1.996496e+10	8.642819e+03
1.999549e+10	8.643819e+03
2.002604e+10	8.644819e+03
2.005659e+10	8.645819e+03
2.008716e+10	8.646819e+03
2.011775e+10	8.647819e+03
2.014834e+10	8.648819e+03
2.017895e+10	8.649819e+03
2.020957e+10	8.650819e+03
