# Oganov & Ono (2004) MgSiO3 (ppv) EOS (https://ui.adsabs.harvard.edu/abs/2004Natur.430..445O/abstract)
# See also Table 2 in Wagner et al. (2012)
# Vinet fit to experimental data
# Pressure (Pa)	Density (kg m-3)
1.000000e+00	3.977600e+03
5.128723e+04	3.977601e+03
5.128741e+05	3.977610e+03
5.128927e+06	3.977700e+03
5.201059e+08	3.987700e+03
1.039212e+09	3.997700e+03
1.527412e+09	4.007033e+03
3.102355e+09	4.036683e+03
4.725804e+09	4.066553e+03
6.398750e+09	4.096644e+03
8.122198e+09	4.126958e+03
9.897169e+09	4.157496e+03
1.172470e+10	4.188260e+03
1.360585e+10	4.219252e+03
1.554167e+10	4.250473e+03
1.753327e+10	4.281925e+03
1.958174e+10	4.313609e+03
2.168819e+10	4.345528e+03
2.385376e+10	4.377684e+03
2.607961e+10	4.410077e+03
2.836690e+10	4.442710e+03
3.071683e+10	4.475584e+03
3.313058e+10	4.508702e+03
3.560940e+10	4.542065e+03
3.815451e+10	4.575675e+03
4.076717e+10	4.609533e+03
4.344866e+10	4.643642e+03
4.620028e+10	4.678003e+03
4.902334e+10	4.712619e+03
5.191917e+10	4.747490e+03
5.488912e+10	4.782620e+03
5.793456e+10	4.818010e+03
6.105690e+10	4.853661e+03
6.425753e+10	4.889576e+03
6.753788e+10	4.925757e+03
7.089942e+10	4.962206e+03
7.434360e+10	4.998925e+03
7.787193e+10	5.035915e+03
8.148591e+10	5.073179e+03
8.518708e+10	5.110719e+03
8.897699e+10	5.148536e+03
9.285723e+10	5.186633e+03
9.682939e+10	5.225013e+03
1.008951e+11	5.263676e+03
1.050560e+11	5.302625e+03
1.093137e+11	5.341863e+03
1.136700e+11	5.381391e+03
1.181265e+11	5.421211e+03
1.226850e+11	5.461326e+03
1.273473e+11	5.501738e+03
1.321150e+11	5.542449e+03
1.369901e+11	5.583461e+03
1.419744e+11	5.624776e+03
1.470697e+11	5.666398e+03
1.522779e+11	5.708327e+03
1.576008e+11	5.750566e+03
1.630405e+11	5.793119e+03
1.685989e+11	5.835986e+03
1.742780e+11	5.879170e+03
1.800797e+11	5.922673e+03
1.860061e+11	5.966499e+03
1.920592e+11	6.010649e+03
1.982413e+11	6.055126e+03
2.045542e+11	6.099931e+03
2.110003e+11	6.145069e+03
2.175816e+11	6.190540e+03
2.243004e+11	6.236348e+03
2.311588e+11	6.282494e+03
2.381592e+11	6.328983e+03
2.453038e+11	6.375815e+03
2.525949e+11	6.422993e+03
2.600348e+11	6.470521e+03
2.676260e+11	6.518401e+03
2.753708e+11	6.566635e+03
2.832717e+11	6.615225e+03
2.913310e+11	6.664176e+03
2.995513e+11	6.713488e+03
3.079352e+11	6.763165e+03
3.164851e+11	6.813210e+03
3.252036e+11	6.863626e+03
3.340934e+11	6.914414e+03
3.431571e+11	6.965578e+03
3.523973e+11	7.017121e+03
3.618168e+11	7.069045e+03
3.714184e+11	7.121353e+03
3.812047e+11	7.174049e+03
3.911786e+11	7.227134e+03
4.013430e+11	7.280612e+03
4.117007e+11	7.334486e+03
4.222547e+11	7.388759e+03
4.330078e+11	7.443433e+03
4.439631e+11	7.498512e+03
4.551236e+11	7.553998e+03
4.664922e+11	7.609895e+03
4.780722e+11	7.666205e+03
4.898667e+11	7.722932e+03
5.018787e+11	7.780079e+03
5.141116e+11	7.837649e+03
5.265684e+11	7.895645e+03
5.392526e+11	7.954070e+03
5.521674e+11	8.012927e+03
5.653161e+11	8.072220e+03
5.787022e+11	8.131951e+03
5.923291e+11	8.192125e+03
6.062002e+11	8.252744e+03
6.203191e+11	8.313811e+03
6.346892e+11	8.375330e+03
6.493143e+11	8.437304e+03
6.641978e+11	8.499737e+03
6.793435e+11	8.562632e+03
6.947551e+11	8.625993e+03
7.104363e+11	8.689822e+03
7.263909e+11	8.754124e+03
7.426227e+11	8.818901e+03
7.591358e+11	8.884158e+03
7.759338e+11	8.949897e+03
7.930209e+11	9.016123e+03
8.104010e+11	9.082839e+03
8.280781e+11	9.150049e+03
8.460565e+11	9.217756e+03
8.643401e+11	9.285964e+03
8.829332e+11	9.354677e+03
9.018401e+11	9.423898e+03
9.210650e+11	9.493631e+03
9.406122e+11	9.563881e+03
9.604861e+11	9.634650e+03
9.806911e+11	9.705943e+03
1.001232e+12	9.777764e+03
1.022113e+12	9.850115e+03
1.043338e+12	9.923003e+03
1.064913e+12	9.996429e+03
1.086841e+12	1.007040e+04
1.109128e+12	1.014492e+04
1.131779e+12	1.021999e+04
1.154798e+12	1.029561e+04
1.178190e+12	1.037179e+04
1.201960e+12	1.044854e+04
1.226113e+12	1.052586e+04
1.250654e+12	1.060374e+04
1.275588e+12	1.068221e+04
1.300920e+12	1.076125e+04
1.326655e+12	1.084088e+04
1.352800e+12	1.092110e+04
1.379357e+12	1.100191e+04
1.406334e+12	1.108332e+04
1.433736e+12	1.116533e+04
1.461568e+12	1.124795e+04
1.489835e+12	1.133119e+04
1.518543e+12	1.141503e+04
1.547698e+12	1.149950e+04
1.577306e+12	1.158459e+04
1.607371e+12	1.167031e+04
1.637901e+12	1.175667e+04
1.668900e+12	1.184366e+04
1.700375e+12	1.193130e+04
1.732331e+12	1.201959e+04
1.764775e+12	1.210853e+04
1.797713e+12	1.219813e+04
1.831151e+12	1.228839e+04
1.865094e+12	1.237932e+04
1.899550e+12	1.247092e+04
1.934525e+12	1.256320e+04
1.970025e+12	1.265617e+04
2.006056e+12	1.274982e+04
2.042626e+12	1.284416e+04
2.079740e+12	1.293920e+04
2.117405e+12	1.303495e+04
2.155628e+12	1.313140e+04
2.194416e+12	1.322857e+04
2.233776e+12	1.332646e+04
2.273714e+12	1.342507e+04
2.314237e+12	1.352441e+04
2.355353e+12	1.362448e+04
2.397069e+12	1.372530e+04
2.439392e+12	1.382686e+04
2.482328e+12	1.392918e+04
2.525886e+12	1.403225e+04
2.570073e+12	1.413608e+04
2.614896e+12	1.424068e+04
2.660363e+12	1.434606e+04
2.706481e+12	1.445222e+04
2.753258e+12	1.455916e+04
2.800702e+12	1.466689e+04
2.848820e+12	1.477542e+04
2.897621e+12	1.488475e+04
2.947112e+12	1.499489e+04
2.997302e+12	1.510585e+04
3.048199e+12	1.521763e+04
3.099810e+12	1.533023e+04
3.152144e+12	1.544367e+04
3.205210e+12	1.555795e+04
3.259015e+12	1.567307e+04
3.313568e+12	1.578905e+04
3.368879e+12	1.590588e+04
3.424955e+12	1.602358e+04
3.481805e+12	1.614215e+04
3.539438e+12	1.626159e+04
3.597863e+12	1.638192e+04
3.657089e+12	1.650314e+04
3.717125e+12	1.662526e+04
3.777980e+12	1.674828e+04
3.839663e+12	1.687221e+04
3.902184e+12	1.699706e+04
3.965552e+12	1.712283e+04
4.029777e+12	1.724953e+04
4.094867e+12	1.737718e+04
4.160833e+12	1.750576e+04
4.227684e+12	1.763530e+04
4.295430e+12	1.776579e+04
4.364082e+12	1.789725e+04
4.433648e+12	1.802968e+04
4.504140e+12	1.816310e+04
4.575567e+12	1.829750e+04
4.647939e+12	1.843289e+04
4.721267e+12	1.856929e+04
4.795562e+12	1.870670e+04
4.870833e+12	1.884512e+04
4.947092e+12	1.898457e+04
5.024348e+12	1.912504e+04
5.102614e+12	1.926656e+04
5.181900e+12	1.940913e+04
5.262216e+12	1.955275e+04
5.343574e+12	1.969743e+04
5.425985e+12	1.984319e+04
5.509461e+12	1.999002e+04
5.594012e+12	2.013794e+04
5.679650e+12	2.028695e+04
5.766388e+12	2.043707e+04
5.854235e+12	2.058829e+04
5.943205e+12	2.074064e+04
6.033308e+12	2.089411e+04
6.124558e+12	2.104872e+04
6.216965e+12	2.120447e+04
6.310543e+12	2.136138e+04
6.405303e+12	2.151945e+04
6.501258e+12	2.167868e+04
6.598421e+12	2.183910e+04
6.696803e+12	2.200070e+04
6.796418e+12	2.216350e+04
6.897278e+12	2.232750e+04
6.999396e+12	2.249271e+04
7.102786e+12	2.265915e+04
7.207460e+12	2.282682e+04
7.313432e+12	2.299573e+04
7.420714e+12	2.316589e+04
7.529321e+12	2.333731e+04
7.639266e+12	2.351000e+04
7.750562e+12	2.368396e+04
7.863224e+12	2.385922e+04
7.977264e+12	2.403577e+04
8.092699e+12	2.421362e+04
8.209540e+12	2.439279e+04
8.327803e+12	2.457329e+04
8.447502e+12	2.475512e+04
8.568651e+12	2.493830e+04
8.691265e+12	2.512284e+04
8.815359e+12	2.530874e+04
8.940947e+12	2.549601e+04
9.068044e+12	2.568467e+04
9.196666e+12	2.587473e+04
9.326828e+12	2.606620e+04
9.458544e+12	2.625908e+04
9.591831e+12	2.645338e+04
9.726704e+12	2.664913e+04
9.863178e+12	2.684632e+04
1.000127e+13	2.704498e+04
1.014099e+13	2.724510e+04
1.028237e+13	2.744670e+04
1.042541e+13	2.764980e+04
1.057013e+13	2.785440e+04
1.071655e+13	2.806051e+04
1.086468e+13	2.826815e+04
1.101454e+13	2.847732e+04
1.116616e+13	2.868804e+04
1.131954e+13	2.890032e+04
1.147470e+13	2.911418e+04
1.163165e+13	2.932961e+04
1.179043e+13	2.954664e+04
1.195104e+13	2.976527e+04
1.211350e+13	2.998553e+04
1.227783e+13	3.020741e+04
1.244405e+13	3.043093e+04
1.261218e+13	3.065611e+04
1.278223e+13	3.088295e+04
1.295421e+13	3.111148e+04
1.312816e+13	3.134169e+04
1.330409e+13	3.157361e+04
1.348202e+13	3.180724e+04
1.366196e+13	3.204260e+04
1.384394e+13	3.227971e+04
1.402797e+13	3.251856e+04
1.421408e+13	3.275919e+04
1.440228e+13	3.300160e+04
1.459259e+13	3.324580e+04
1.478504e+13	3.349180e+04
1.497964e+13	3.373963e+04
1.517641e+13	3.398929e+04
1.537537e+13	3.424080e+04
1.557654e+13	3.449417e+04
1.577995e+13	3.474941e+04
1.598562e+13	3.500655e+04
1.619356e+13	3.526558e+04
1.640379e+13	3.552653e+04
1.661634e+13	3.578942e+04
1.683123e+13	3.605425e+04
1.704848e+13	3.632103e+04
1.726811e+13	3.658980e+04
1.749015e+13	3.686055e+04
1.771461e+13	3.713330e+04
1.794151e+13	3.740808e+04
1.817089e+13	3.768488e+04
1.840275e+13	3.796374e+04
1.863713e+13	3.824465e+04
1.887405e+13	3.852765e+04
1.911353e+13	3.881274e+04
1.935559e+13	3.909994e+04
1.960025e+13	3.938927e+04
1.984755e+13	3.968073e+04
2.009749e+13	3.997436e+04
2.035012e+13	4.027015e+04
2.060544e+13	4.056814e+04
2.086349e+13	4.086833e+04
2.112429e+13	4.117074e+04
2.138786e+13	4.147539e+04
2.165423e+13	4.178229e+04
2.192342e+13	4.209146e+04
2.219546e+13	4.240292e+04
2.247037e+13	4.271669e+04
2.274818e+13	4.303278e+04
2.302891e+13	4.335121e+04
2.331259e+13	4.367199e+04
2.359925e+13	4.399515e+04
2.388891e+13	4.432069e+04
2.418159e+13	4.464865e+04
2.447733e+13	4.497903e+04
2.477614e+13	4.531186e+04
2.507807e+13	4.564715e+04
2.538313e+13	4.598493e+04
2.569134e+13	4.632520e+04
2.600275e+13	4.666799e+04
2.631737e+13	4.701331e+04
2.663524e+13	4.736120e+04
2.695638e+13	4.771165e+04
2.728081e+13	4.806470e+04
2.760858e+13	4.842036e+04
2.793970e+13	4.877866e+04
2.827421e+13	4.913960e+04
2.861213e+13	4.950321e+04
2.895349e+13	4.986952e+04
2.929832e+13	5.023854e+04
2.964666e+13	5.061028e+04
2.999853e+13	5.098478e+04
3.035396e+13	5.136205e+04
3.071298e+13	5.174211e+04
3.107563e+13	5.212498e+04
3.144192e+13	5.251069e+04
3.181190e+13	5.289925e+04
3.218559e+13	5.329069e+04
3.256303e+13	5.368502e+04
3.294425e+13	5.408227e+04
3.332927e+13	5.448246e+04
3.371814e+13	5.488561e+04
3.411087e+13	5.529174e+04
3.450751e+13	5.570088e+04
3.490809e+13	5.611305e+04
3.531264e+13	5.652826e+04
3.572118e+13	5.694655e+04
3.613377e+13	5.736793e+04
3.655042e+13	5.779244e+04
3.697118e+13	5.822008e+04
3.739607e+13	5.865089e+04
3.782513e+13	5.908488e+04
3.825840e+13	5.952209e+04
3.869591e+13	5.996253e+04
3.913769e+13	6.040623e+04
3.958378e+13	6.085322e+04
4.003421e+13	6.130351e+04
4.048902e+13	6.175713e+04
4.094825e+13	6.221411e+04
4.141192e+13	6.267447e+04
4.188009e+13	6.313824e+04
4.235278e+13	6.360544e+04
4.283003e+13	6.407610e+04
4.331187e+13	6.455024e+04
4.379835e+13	6.502789e+04
4.428950e+13	6.550907e+04
4.478536e+13	6.599381e+04
4.528596e+13	6.648214e+04
4.579136e+13	6.697409e+04
4.630157e+13	6.746967e+04
4.681664e+13	6.796892e+04
4.733662e+13	6.847187e+04
4.786154e+13	6.897854e+04
4.839143e+13	6.948895e+04
4.892634e+13	7.000314e+04
4.946632e+13	7.052114e+04
5.001139e+13	7.104297e+04
5.056160e+13	7.156867e+04
5.111699e+13	7.209825e+04
5.167760e+13	7.263175e+04
5.224347e+13	7.316920e+04
5.281464e+13	7.371062e+04
5.339116e+13	7.425605e+04
5.397307e+13	7.480552e+04
5.456040e+13	7.535906e+04
5.515321e+13	7.591669e+04
5.575153e+13	7.647844e+04
5.635541e+13	7.704436e+04
5.696489e+13	7.761446e+04
5.758002e+13	7.818877e+04
5.820083e+13	7.876734e+04
5.882738e+13	7.935019e+04
5.945970e+13	7.993736e+04
6.009785e+13	8.052886e+04
6.074186e+13	8.112475e+04
6.139179e+13	8.172504e+04
6.204767e+13	8.232978e+04
6.270955e+13	8.293899e+04
6.337749e+13	8.355271e+04
6.405152e+13	8.417097e+04
6.473170e+13	8.479380e+04
6.541807e+13	8.542124e+04
6.611067e+13	8.605333e+04
6.680956e+13	8.669009e+04
6.751479e+13	8.733157e+04
6.822639e+13	8.797779e+04
6.894443e+13	8.862879e+04
6.966894e+13	8.928462e+04
7.039999e+13	8.994529e+04
7.113761e+13	9.061085e+04
7.188186e+13	9.128134e+04
7.263279e+13	9.195679e+04
7.339044e+13	9.263723e+04
7.415488e+13	9.332272e+04
7.492615e+13	9.401327e+04
7.570429e+13	9.470894e+04
7.648937e+13	9.540975e+04
7.728144e+13	9.611574e+04
7.808055e+13	9.682697e+04
7.888674e+13	9.754345e+04
7.970008e+13	9.826524e+04
8.052062e+13	9.899236e+04
8.134840e+13	9.972487e+04
8.218350e+13	1.004628e+05
8.302595e+13	1.012062e+05
8.387581e+13	1.019551e+05
8.473315e+13	1.027095e+05
8.559800e+13	1.034695e+05
8.647044e+13	1.042352e+05
8.735051e+13	1.050065e+05
8.823828e+13	1.057835e+05
8.913380e+13	1.065662e+05
9.003712e+13	1.073548e+05
9.094830e+13	1.081492e+05
9.186741e+13	1.089494e+05
9.279450e+13	1.097556e+05
9.372962e+13	1.105678e+05
9.467284e+13	1.113859e+05
9.562422e+13	1.122101e+05
9.658381e+13	1.130405e+05
9.755168e+13	1.138769e+05
9.852789e+13	1.147196e+05
9.951249e+13	1.155685e+05
1.005056e+14	1.164236e+05
1.015071e+14	1.172851e+05
1.025173e+14	1.181530e+05
1.035361e+14	1.190273e+05
1.045636e+14	1.199080e+05
1.055999e+14	1.207953e+05
1.066450e+14	1.216891e+05
1.076990e+14	1.225896e+05
1.087620e+14	1.234967e+05
1.098340e+14	1.244105e+05
1.109150e+14	1.253311e+05
1.120053e+14	1.262585e+05
1.131047e+14	1.271928e+05
1.142135e+14	1.281340e+05
1.153316e+14	1.290821e+05
1.164591e+14	1.300373e+05
1.175961e+14	1.309995e+05
1.187426e+14	1.319689e+05
1.198988e+14	1.329454e+05
1.210647e+14	1.339291e+05
1.222403e+14	1.349202e+05
1.234257e+14	1.359185e+05
1.246211e+14	1.369243e+05
1.258264e+14	1.379375e+05
1.270418e+14	1.389582e+05
1.282672e+14	1.399864e+05
1.295029e+14	1.410222e+05
1.307488e+14	1.420658e+05
1.320050e+14	1.431170e+05
1.332717e+14	1.441760e+05
1.345488e+14	1.452429e+05
1.358364e+14	1.463176e+05
1.371347e+14	1.474003e+05
1.384436e+14	1.484910e+05
1.397633e+14	1.495898e+05
1.410939e+14	1.506967e+05
1.424354e+14	1.518118e+05
1.437878e+14	1.529352e+05
1.451514e+14	1.540668e+05
1.465261e+14	1.552069e+05
1.479120e+14	1.563553e+05
1.493092e+14	1.575123e+05
1.507178e+14	1.586778e+05
1.521379e+14	1.598520e+05
1.535695e+14	1.610348e+05
1.550128e+14	1.622264e+05
1.564677e+14	1.634269e+05
1.579344e+14	1.646362e+05
1.594130e+14	1.658544e+05
1.609035e+14	1.670817e+05
1.624060e+14	1.683180e+05
1.639207e+14	1.695635e+05
1.654475e+14	1.708182e+05
1.669866e+14	1.720822e+05
1.685381e+14	1.733556e+05
1.701020e+14	1.746383e+05
1.716785e+14	1.759306e+05
1.732675e+14	1.772324e+05
1.748693e+14	1.785439e+05
1.764839e+14	1.798650e+05
1.781113e+14	1.811960e+05
1.797517e+14	1.825367e+05
1.814051e+14	1.838874e+05
1.830717e+14	1.852481e+05
1.847515e+14	1.866189e+05
1.864446e+14	1.879998e+05
1.881511e+14	1.893910e+05
1.898712e+14	1.907924e+05
1.916048e+14	1.922042e+05
1.933521e+14	1.936264e+05
1.951132e+14	1.950592e+05
1.968881e+14	1.965026e+05
1.986770e+14	1.979566e+05
2.004799e+14	1.994214e+05
2.022970e+14	2.008971e+05
2.041284e+14	2.023836e+05
2.059740e+14	2.038812e+05
2.078341e+14	2.053898e+05
2.097088e+14	2.069096e+05
2.115980e+14	2.084407e+05
2.135020e+14	2.099831e+05
2.154208e+14	2.115369e+05
2.173546e+14	2.131022e+05
2.193033e+14	2.146791e+05
2.212672e+14	2.162676e+05
2.232463e+14	2.178679e+05
2.252407e+14	2.194801e+05
2.272506e+14	2.211041e+05
2.292759e+14	2.227402e+05
2.313169e+14	2.243884e+05
2.333737e+14	2.260488e+05
2.354463e+14	2.277215e+05
2.375348e+14	2.294065e+05
2.396393e+14	2.311041e+05
2.417600e+14	2.328142e+05
2.438970e+14	2.345369e+05
2.460503e+14	2.362724e+05
2.482201e+14	2.380207e+05
2.504065e+14	2.397820e+05
2.526096e+14	2.415563e+05
2.548295e+14	2.433437e+05
2.570662e+14	2.451444e+05
2.593201e+14	2.469583e+05
2.615910e+14	2.487857e+05
2.638792e+14	2.506267e+05
2.661847e+14	2.524812e+05
2.685077e+14	2.543495e+05
2.708483e+14	2.562316e+05
2.732066e+14	2.581276e+05
2.755826e+14	2.600376e+05
2.779767e+14	2.619618e+05
2.803887e+14	2.639003e+05
2.828189e+14	2.658530e+05
2.852674e+14	2.678202e+05
2.877343e+14	2.698020e+05
2.902198e+14	2.717984e+05
2.927238e+14	2.738097e+05
2.952466e+14	2.758358e+05
2.977883e+14	2.778768e+05
3.003490e+14	2.799330e+05
3.029288e+14	2.820044e+05
3.055278e+14	2.840912e+05
3.081462e+14	2.861933e+05
3.107841e+14	2.883111e+05
3.134416e+14	2.904445e+05
3.161189e+14	2.925936e+05
3.188160e+14	2.947587e+05
3.215332e+14	2.969398e+05
3.242704e+14	2.991371e+05
3.270279e+14	3.013506e+05
3.298058e+14	3.035805e+05
3.326042e+14	3.058269e+05
3.354233e+14	3.080899e+05
3.382631e+14	3.103696e+05
3.411238e+14	3.126662e+05
3.440056e+14	3.149799e+05
3.469085e+14	3.173106e+05
3.498328e+14	3.196586e+05
3.527785e+14	3.220239e+05
3.557457e+14	3.244068e+05
3.587347e+14	3.268073e+05
3.617456e+14	3.292255e+05
3.647784e+14	3.316617e+05
3.678334e+14	3.341159e+05
3.709106e+14	3.365882e+05
3.740103e+14	3.390788e+05
3.771325e+14	3.415879e+05
3.802774e+14	3.441155e+05
3.834451e+14	3.466619e+05
3.866358e+14	3.492270e+05
3.898497e+14	3.518112e+05
3.930868e+14	3.544145e+05
3.963473e+14	3.570370e+05
3.996314e+14	3.596789e+05
4.029392e+14	3.623404e+05
4.062709e+14	3.650216e+05
4.096266e+14	3.677226e+05
4.130064e+14	3.704437e+05
4.164105e+14	3.731848e+05
4.198391e+14	3.759462e+05
4.232924e+14	3.787281e+05
4.267704e+14	3.815306e+05
4.302733e+14	3.843537e+05
4.338013e+14	3.871978e+05
4.373545e+14	3.900629e+05
4.409331e+14	3.929493e+05
4.445373e+14	3.958570e+05
4.481672e+14	3.987862e+05
4.518229e+14	4.017370e+05
4.555047e+14	4.047097e+05
4.592126e+14	4.077044e+05
4.629469e+14	4.107213e+05
4.667078e+14	4.137605e+05
4.704953e+14	4.168222e+05
4.743096e+14	4.199065e+05
4.781510e+14	4.230137e+05
4.820195e+14	4.261438e+05
4.859153e+14	4.292971e+05
4.898387e+14	4.324738e+05
4.937898e+14	4.356739e+05
4.977687e+14	4.388977e+05
5.017756e+14	4.421454e+05
5.058107e+14	4.454171e+05
5.098742e+14	4.487131e+05
5.139662e+14	4.520334e+05
5.180869e+14	4.553783e+05
5.222366e+14	4.587479e+05
5.264153e+14	4.621425e+05
5.306232e+14	4.655622e+05
5.348605e+14	4.690071e+05
5.391275e+14	4.724776e+05
5.434243e+14	4.759738e+05
5.477510e+14	4.794958e+05
5.521078e+14	4.830439e+05
5.564950e+14	4.866183e+05
5.609127e+14	4.902191e+05
5.653611e+14	4.938465e+05
5.698404e+14	4.975008e+05
5.743508e+14	5.011821e+05
5.788925e+14	5.048907e+05
5.834655e+14	5.086267e+05
5.880703e+14	5.123904e+05
5.927069e+14	5.161819e+05
5.973755e+14	5.200014e+05
6.020763e+14	5.238492e+05
6.068095e+14	5.277255e+05
6.115754e+14	5.316305e+05
6.163741e+14	5.355644e+05
6.212058e+14	5.395274e+05
6.260707e+14	5.435197e+05
6.309690e+14	5.475415e+05
6.359009e+14	5.515931e+05
6.408666e+14	5.556747e+05
6.458663e+14	5.597865e+05
6.509003e+14	5.639287e+05
6.559687e+14	5.681016e+05
6.610717e+14	5.723053e+05
6.662095e+14	5.765402e+05
6.713824e+14	5.808064e+05
6.765906e+14	5.851041e+05
6.818342e+14	5.894337e+05
6.871135e+14	5.937953e+05
6.924288e+14	5.981892e+05
6.977801e+14	6.026155e+05
7.031677e+14	6.070747e+05
7.085919e+14	6.115668e+05
7.140529e+14	6.160922e+05
7.195508e+14	6.206510e+05
7.250859e+14	6.252436e+05
7.306585e+14	6.298702e+05
7.362687e+14	6.345310e+05
7.419168e+14	6.392263e+05
7.476029e+14	6.439564e+05
7.533274e+14	6.487214e+05
7.590905e+14	6.535217e+05
7.648923e+14	6.583575e+05
7.707331e+14	6.632291e+05
7.766131e+14	6.681368e+05
7.825327e+14	6.730808e+05
7.884919e+14	6.780613e+05
7.944911e+14	6.830787e+05
8.005304e+14	6.881333e+05
8.066102e+14	6.932252e+05
8.127306e+14	6.983548e+05
8.188919e+14	7.035224e+05
8.250944e+14	7.087282e+05
8.313382e+14	7.139725e+05
8.376236e+14	7.192557e+05
8.439509e+14	7.245779e+05
8.503203e+14	7.299395e+05
8.567321e+14	7.353408e+05
8.631865e+14	7.407821e+05
8.696837e+14	7.462636e+05
8.762241e+14	7.517857e+05
8.828078e+14	7.573486e+05
8.894352e+14	7.629527e+05
8.961064e+14	7.685983e+05
9.028217e+14	7.742856e+05
9.095815e+14	7.800151e+05
9.163858e+14	7.857869e+05
9.232351e+14	7.916014e+05
9.301296e+14	7.974590e+05
9.370695e+14	8.033599e+05
9.440551e+14	8.093045e+05
9.510867e+14	8.152930e+05
9.581645e+14	8.213259e+05
9.652889e+14	8.274034e+05
9.724600e+14	8.335259e+05
9.796782e+14	8.396937e+05
9.869436e+14	8.459071e+05
9.942567e+14	8.521665e+05
1.001618e+15	8.584723e+05
1.009027e+15	8.648246e+05
1.016484e+15	8.712240e+05
1.023991e+15	8.776708e+05
1.031546e+15	8.841652e+05
1.039151e+15	8.907077e+05
1.046805e+15	8.972986e+05
1.054509e+15	9.039383e+05
1.062263e+15	9.106271e+05
1.070067e+15	9.173654e+05
1.077923e+15	9.241536e+05
1.085829e+15	9.309920e+05
1.093787e+15	9.378810e+05
1.101796e+15	9.448210e+05
1.109857e+15	9.518123e+05
1.117971e+15	9.588554e+05
1.126137e+15	9.659506e+05
1.134355e+15	9.730983e+05
1.142627e+15	9.802988e+05
1.150953e+15	9.875527e+05
1.159332e+15	9.948602e+05
1.167765e+15	1.002222e+06
1.176252e+15	1.009638e+06
1.184794e+15	1.017109e+06
1.193391e+15	1.024635e+06
1.202044e+15	1.032217e+06
1.210752e+15	1.039855e+06
1.219516e+15	1.047550e+06
1.228336e+15	1.055301e+06
1.237213e+15	1.063110e+06
1.246146e+15	1.070977e+06
1.255137e+15	1.078901e+06
1.264186e+15	1.086885e+06
1.273292e+15	1.094927e+06
1.282457e+15	1.103030e+06
1.291680e+15	1.111192e+06
1.300962e+15	1.119414e+06
1.310303e+15	1.127697e+06
1.319704e+15	1.136042e+06
1.329165e+15	1.144448e+06
1.338686e+15	1.152917e+06
1.348267e+15	1.161448e+06
1.357910e+15	1.170042e+06
1.367613e+15	1.178700e+06
1.377379e+15	1.187422e+06
1.387206e+15	1.196208e+06
1.397096e+15	1.205060e+06
1.407048e+15	1.213977e+06
1.417063e+15	1.222960e+06
1.427142e+15	1.232009e+06
1.437285e+15	1.241126e+06
1.447492e+15	1.250310e+06
1.457763e+15	1.259561e+06
1.468099e+15	1.268882e+06
1.478500e+15	1.278271e+06
1.488967e+15	1.287730e+06
1.499500e+15	1.297259e+06
1.510099e+15	1.306858e+06
1.520765e+15	1.316528e+06
1.531498e+15	1.326270e+06
1.542298e+15	1.336084e+06
1.553166e+15	1.345970e+06
1.564103e+15	1.355930e+06
1.575108e+15	1.365963e+06
1.586182e+15	1.376071e+06
1.597326e+15	1.386253e+06
1.608539e+15	1.396511e+06
1.619822e+15	1.406845e+06
1.631176e+15	1.417255e+06
1.642601e+15	1.427742e+06
1.654098e+15	1.438307e+06
1.665666e+15	1.448950e+06
1.677306e+15	1.459672e+06
1.689019e+15	1.470473e+06
1.700805e+15	1.481354e+06
1.712664e+15	1.492315e+06
1.724598e+15	1.503358e+06
1.736605e+15	1.514482e+06
1.748687e+15	1.525689e+06
1.760844e+15	1.536978e+06
1.773077e+15	1.548351e+06
1.785385e+15	1.559809e+06
1.797770e+15	1.571351e+06
1.810231e+15	1.582978e+06
1.822770e+15	1.594691e+06
1.835387e+15	1.606492e+06
1.848081e+15	1.618379e+06
1.860854e+15	1.630354e+06
1.873706e+15	1.642418e+06
1.886637e+15	1.654572e+06
1.899648e+15	1.666815e+06
1.912740e+15	1.679149e+06
1.925912e+15	1.691574e+06
1.939165e+15	1.704091e+06
1.952500e+15	1.716701e+06
1.965916e+15	1.729404e+06
1.979416e+15	1.742201e+06
1.992998e+15	1.755092e+06
2.006664e+15	1.768079e+06
2.020414e+15	1.781162e+06
2.034248e+15	1.794342e+06
2.048167e+15	1.807620e+06
2.062171e+15	1.820996e+06
2.076261e+15	1.834470e+06
2.090438e+15	1.848045e+06
2.104701e+15	1.861720e+06
2.119051e+15	1.875496e+06
2.133490e+15	1.889374e+06
2.148016e+15	1.903354e+06
2.162631e+15	1.917438e+06
2.177335e+15	1.931627e+06
2.192129e+15	1.945920e+06
2.207013e+15	1.960319e+06
2.221988e+15	1.974825e+06
2.237054e+15	1.989438e+06
2.252211e+15	2.004159e+06
2.267461e+15	2.018989e+06
2.282803e+15	2.033929e+06
2.298239e+15	2.048979e+06
2.313769e+15	2.064141e+06
2.329392e+15	2.079415e+06
2.345111e+15	2.094802e+06
2.360924e+15	2.110302e+06
2.376834e+15	2.125918e+06
2.392840e+15	2.141649e+06
2.408943e+15	2.157496e+06
2.425143e+15	2.173461e+06
2.441441e+15	2.189544e+06
2.457838e+15	2.205746e+06
2.474333e+15	2.222067e+06
2.490928e+15	2.238510e+06
2.507624e+15	2.255074e+06
2.524420e+15	2.271761e+06
2.541317e+15	2.288571e+06
2.558316e+15	2.305506e+06
2.575418e+15	2.322565e+06
2.592622e+15	2.339752e+06
2.609930e+15	2.357065e+06
2.627341e+15	2.374506e+06
2.644858e+15	2.392077e+06
2.662479e+15	2.409777e+06
2.680207e+15	2.427609e+06
2.698041e+15	2.445572e+06
2.715981e+15	2.463669e+06
2.734029e+15	2.481899e+06
2.752186e+15	2.500264e+06
2.770451e+15	2.518765e+06
2.788825e+15	2.537403e+06
2.807309e+15	2.556179e+06
2.825904e+15	2.575094e+06
2.844609e+15	2.594148e+06
2.863427e+15	2.613344e+06
2.882356e+15	2.632682e+06
2.901399e+15	2.652163e+06
2.920555e+15	2.671788e+06
2.939826e+15	2.691558e+06
2.959211e+15	2.711475e+06
2.978711e+15	2.731539e+06
2.998328e+15	2.751751e+06
3.018061e+15	2.772113e+06
3.037912e+15	2.792626e+06
3.057880e+15	2.813290e+06
3.077967e+15	2.834107e+06
3.098174e+15	2.855079e+06
3.118500e+15	2.876205e+06
3.138947e+15	2.897488e+06
3.159515e+15	2.918929e+06
3.180205e+15	2.940528e+06
3.201017e+15	2.962286e+06
3.221953e+15	2.984206e+06
3.243012e+15	3.006288e+06
3.264196e+15	3.028534e+06
3.285505e+15	3.050944e+06
3.306940e+15	3.073520e+06
3.328502e+15	3.096263e+06
3.350191e+15	3.119174e+06
3.372008e+15	3.142255e+06
3.393953e+15	3.165506e+06
3.416028e+15	3.188930e+06
3.438233e+15	3.212527e+06
3.460568e+15	3.236298e+06
3.483036e+15	3.260246e+06
3.505635e+15	3.284370e+06
3.528367e+15	3.308673e+06
3.551233e+15	3.333156e+06
3.574233e+15	3.357821e+06
3.597368e+15	3.382667e+06
3.620639e+15	3.407698e+06
3.644046e+15	3.432913e+06
3.667591e+15	3.458316e+06
3.691273e+15	3.483906e+06
3.715095e+15	3.509686e+06
3.739056e+15	3.535656e+06
3.763157e+15	3.561819e+06
3.787399e+15	3.588175e+06
3.811783e+15	3.614726e+06
3.836309e+15	3.641474e+06
3.860979e+15	3.668419e+06
3.885793e+15	3.695564e+06
3.910752e+15	3.722910e+06
3.935856e+15	3.750458e+06
3.961107e+15	3.778210e+06
3.986505e+15	3.806168e+06
4.012051e+15	3.834332e+06
4.037745e+15	3.862705e+06
4.063590e+15	3.891287e+06
4.089584e+15	3.920081e+06
4.115730e+15	3.949089e+06
4.142028e+15	3.978310e+06
4.168479e+15	4.007748e+06
4.195084e+15	4.037404e+06
4.221843e+15	4.067280e+06
4.248757e+15	4.097376e+06
4.275827e+15	4.127695e+06
4.303055e+15	4.158239e+06
4.330440e+15	4.189008e+06
4.357984e+15	4.220005e+06
4.385688e+15	4.251232e+06
4.413552e+15	4.282689e+06
4.441577e+15	4.314380e+06
4.469764e+15	4.346304e+06
4.498114e+15	4.378465e+06
4.526629e+15	4.410865e+06
4.555307e+15	4.443503e+06
4.584152e+15	4.476384e+06
4.613163e+15	4.509507e+06
4.642341e+15	4.542876e+06
4.671688e+15	4.576492e+06
4.701204e+15	4.610356e+06
4.730890e+15	4.644471e+06
4.760747e+15	4.678838e+06
4.790776e+15	4.713460e+06
4.820978e+15	4.748338e+06
4.851353e+15	4.783474e+06
4.881904e+15	4.818870e+06
4.912630e+15	4.854528e+06
4.943532e+15	4.890450e+06
4.974612e+15	4.926637e+06
5.005871e+15	4.963092e+06
5.037309e+15	4.999818e+06
5.068927e+15	5.036814e+06
5.100726e+15	5.074085e+06
5.132708e+15	5.111631e+06
5.164874e+15	5.149456e+06
5.197223e+15	5.187560e+06
5.229758e+15	5.225946e+06
5.262479e+15	5.264616e+06
5.295387e+15	5.303572e+06
5.328483e+15	5.342817e+06
5.361769e+15	5.382352e+06
5.395244e+15	5.422179e+06
5.428911e+15	5.462301e+06
5.462771e+15	5.502720e+06
5.496823e+15	5.543438e+06
5.531070e+15	5.584458e+06
5.565512e+15	5.625781e+06
5.600151e+15	5.667409e+06
5.634987e+15	5.709346e+06
5.670022e+15	5.751593e+06
5.705256e+15	5.794153e+06
5.740690e+15	5.837028e+06
5.776326e+15	5.880220e+06
5.812165e+15	5.923731e+06
5.848208e+15	5.967565e+06
5.884456e+15	6.011722e+06
5.920910e+15	6.056207e+06
5.957570e+15	6.101021e+06
5.994439e+15	6.146166e+06
6.031517e+15	6.191645e+06
6.068806e+15	6.237461e+06
6.106306e+15	6.283616e+06
6.144019e+15	6.330113e+06
6.181945e+15	6.376953e+06
6.220086e+15	6.424140e+06
6.258443e+15	6.471677e+06
6.297018e+15	6.519565e+06
6.335810e+15	6.567807e+06
6.374823e+15	6.616407e+06
6.414055e+15	6.665366e+06
6.453510e+15	6.714687e+06
6.493188e+15	6.764373e+06
6.533089e+15	6.814427e+06
6.573216e+15	6.864851e+06
6.613570e+15	6.915649e+06
6.654151e+15	6.966822e+06
6.694961e+15	7.018374e+06
6.736002e+15	7.070308e+06
6.777273e+15	7.122625e+06
6.818777e+15	7.175330e+06
6.860515e+15	7.228425e+06
6.902488e+15	7.281913e+06
6.944698e+15	7.335796e+06
6.987145e+15	7.390078e+06
7.029830e+15	7.444762e+06
7.072756e+15	7.499851e+06
7.115923e+15	7.555347e+06
7.159332e+15	7.611254e+06
7.202986e+15	7.667574e+06
7.246884e+15	7.724312e+06
7.291029e+15	7.781469e+06
7.335422e+15	7.839049e+06
7.380063e+15	7.897055e+06
7.424955e+15	7.955490e+06
7.470099e+15	8.014358e+06
7.515496e+15	8.073661e+06
7.561147e+15	8.133404e+06
7.607053e+15	8.193588e+06
7.653217e+15	8.254217e+06
7.699639e+15	8.315296e+06
7.746321e+15	8.376826e+06
7.793263e+15	8.438811e+06
7.840469e+15	8.501255e+06
7.887938e+15	8.564162e+06
7.935672e+15	8.627533e+06
7.983673e+15	8.691374e+06
8.031942e+15	8.755687e+06
8.080480e+15	8.820476e+06
8.129289e+15	8.885744e+06
8.178371e+15	8.951495e+06
8.227726e+15	9.017733e+06
8.277356e+15	9.084461e+06
8.327263e+15	9.151683e+06
8.377448e+15	9.219402e+06
8.427912e+15	9.287622e+06
8.478658e+15	9.356347e+06
8.529685e+15	9.425581e+06
8.580997e+15	9.495327e+06
8.632594e+15	9.565589e+06
8.684478e+15	9.636371e+06
8.736650e+15	9.707676e+06
8.789112e+15	9.779510e+06
8.841866e+15	9.851874e+06
8.894912e+15	9.924775e+06
8.948253e+15	9.998215e+06
9.001890e+15	1.007220e+07
9.055825e+15	1.014673e+07
9.110059e+15	1.022181e+07
9.164593e+15	1.029745e+07
9.219430e+15	1.037365e+07
9.274571e+15	1.045041e+07
9.330017e+15	1.052774e+07
9.385770e+15	1.060564e+07
9.441832e+15	1.068412e+07
9.498204e+15	1.076317e+07
9.554887e+15	1.084282e+07
9.611885e+15	1.092305e+07
9.669197e+15	1.100388e+07
9.726827e+15	1.108530e+07
9.784775e+15	1.116733e+07
9.843043e+15	1.124996e+07
9.901632e+15	1.133321e+07
9.960545e+15	1.141707e+07
1.001978e+16	1.150155e+07
1.007935e+16	1.158666e+07
1.013924e+16	1.167240e+07
1.019947e+16	1.175877e+07
1.026002e+16	1.184578e+07
1.032091e+16	1.193343e+07
1.038214e+16	1.202174e+07
1.044370e+16	1.211069e+07
1.050560e+16	1.220031e+07
1.056784e+16	1.229059e+07
1.063043e+16	1.238153e+07
1.069336e+16	1.247315e+07
1.075663e+16	1.256545e+07
1.082026e+16	1.265843e+07
1.088423e+16	1.275209e+07
1.094855e+16	1.284646e+07
1.101323e+16	1.294151e+07
1.107826e+16	1.303728e+07
1.114365e+16	1.313375e+07
1.120940e+16	1.323093e+07
1.127551e+16	1.332884e+07
1.134198e+16	1.342747e+07
1.140882e+16	1.352682e+07
1.147602e+16	1.362692e+07
1.154360e+16	1.372775e+07
1.161154e+16	1.382933e+07
1.167985e+16	1.393166e+07
1.174854e+16	1.403475e+07
1.181761e+16	1.413861e+07
1.188705e+16	1.424323e+07
1.195687e+16	1.434862e+07
1.202707e+16	1.445480e+07
1.209766e+16	1.456176e+07
1.216864e+16	1.466951e+07
1.224000e+16	1.477806e+07
1.231175e+16	1.488741e+07
1.238390e+16	1.499757e+07
1.245643e+16	1.510855e+07
1.252937e+16	1.522035e+07
1.260270e+16	1.533297e+07
1.267643e+16	1.544643e+07
1.275057e+16	1.556073e+07
1.282511e+16	1.567587e+07
1.290005e+16	1.579187e+07
1.297541e+16	1.590872e+07
1.305117e+16	1.602644e+07
1.312735e+16	1.614503e+07
1.320394e+16	1.626450e+07
1.328095e+16	1.638485e+07
1.335838e+16	1.650609e+07
1.343623e+16	1.662823e+07
1.351451e+16	1.675127e+07
1.359321e+16	1.687522e+07
1.367234e+16	1.700010e+07
1.375189e+16	1.712589e+07
1.383189e+16	1.725262e+07
1.391231e+16	1.738028e+07
1.399317e+16	1.750889e+07
1.407447e+16	1.763845e+07
1.415622e+16	1.776896e+07
1.423840e+16	1.790045e+07
1.432104e+16	1.803290e+07
1.440412e+16	1.816634e+07
1.448765e+16	1.830077e+07
1.457164e+16	1.843618e+07
1.465608e+16	1.857261e+07
1.474098e+16	1.871004e+07
1.482633e+16	1.884848e+07
1.491215e+16	1.898796e+07
1.499844e+16	1.912846e+07
1.508519e+16	1.927000e+07
1.517242e+16	1.941259e+07
1.526011e+16	1.955624e+07
1.534828e+16	1.970095e+07
1.543693e+16	1.984673e+07
1.552605e+16	1.999359e+07
1.561566e+16	2.014153e+07
1.570575e+16	2.029057e+07
1.579633e+16	2.044072e+07
1.588740e+16	2.059197e+07
1.597896e+16	2.074434e+07
1.607101e+16	2.089784e+07
1.616357e+16	2.105248e+07
1.625662e+16	2.120826e+07
1.635017e+16	2.136519e+07
1.644423e+16	2.152329e+07
1.653880e+16	2.168255e+07
1.663387e+16	2.184300e+07
1.672946e+16	2.200463e+07
1.682556e+16	2.216745e+07
1.692219e+16	2.233148e+07
1.701933e+16	2.249673e+07
1.711699e+16	2.266320e+07
1.721519e+16	2.283090e+07
1.731391e+16	2.299984e+07
1.741316e+16	2.317003e+07
1.751294e+16	2.334148e+07
1.761327e+16	2.351420e+07
1.771413e+16	2.368819e+07
1.781553e+16	2.386348e+07
1.791748e+16	2.404006e+07
1.801998e+16	2.421795e+07
1.812303e+16	2.439715e+07
1.822664e+16	2.457768e+07
1.833079e+16	2.475955e+07
1.843551e+16	2.494276e+07
1.854079e+16	2.512732e+07
1.864664e+16	2.531326e+07
1.875306e+16	2.550057e+07
1.886004e+16	2.568926e+07
1.896760e+16	2.587935e+07
1.907574e+16	2.607085e+07
1.918445e+16	2.626377e+07
1.929375e+16	2.645811e+07
1.940364e+16	2.665389e+07
1.951411e+16	2.685112e+07
1.962518e+16	2.704981e+07
1.973684e+16	2.724996e+07
1.984909e+16	2.745160e+07
1.996195e+16	2.765474e+07
2.007542e+16	2.785937e+07
2.018949e+16	2.806552e+07
2.030417e+16	2.827319e+07
2.041947e+16	2.848241e+07
2.053538e+16	2.869317e+07
2.065191e+16	2.890548e+07
2.076906e+16	2.911938e+07
2.088684e+16	2.933485e+07
2.100525e+16	2.955192e+07
2.112430e+16	2.977059e+07
2.124397e+16	2.999088e+07
2.136429e+16	3.021280e+07
2.148525e+16	3.043637e+07
2.160686e+16	3.066158e+07
2.172911e+16	3.088847e+07
2.185202e+16	3.111703e+07
2.197558e+16	3.134729e+07
2.209980e+16	3.157925e+07
2.222469e+16	3.181292e+07
2.235024e+16	3.204832e+07
2.247646e+16	3.228547e+07
2.260335e+16	3.252437e+07
2.273092e+16	3.276504e+07
2.285916e+16	3.300749e+07
2.298810e+16	3.325173e+07
2.311771e+16	3.349778e+07
2.324802e+16	3.374565e+07
2.337902e+16	3.399536e+07
2.351072e+16	3.424691e+07
2.364312e+16	3.450033e+07
2.377622e+16	3.475562e+07
2.391003e+16	3.501280e+07
2.404456e+16	3.527188e+07
2.417979e+16	3.553288e+07
2.431575e+16	3.579581e+07
2.445243e+16	3.606068e+07
2.458984e+16	3.632752e+07
2.472797e+16	3.659633e+07
2.486684e+16	3.686713e+07
2.500645e+16	3.713993e+07
2.514679e+16	3.741476e+07
2.528789e+16	3.769161e+07
2.542973e+16	3.797052e+07
2.557232e+16	3.825148e+07
2.571567e+16	3.853453e+07
2.585979e+16	3.881967e+07
2.600466e+16	3.910692e+07
2.615030e+16	3.939630e+07
2.629672e+16	3.968782e+07
2.644391e+16	3.998150e+07
2.659188e+16	4.027734e+07
2.674064e+16	4.057538e+07
2.689018e+16	4.087562e+07
2.704052e+16	4.117809e+07
2.719165e+16	4.148279e+07
2.734358e+16	4.178975e+07
2.749632e+16	4.209898e+07
2.764986e+16	4.241050e+07
2.780422e+16	4.272432e+07
2.795939e+16	4.304046e+07
2.811539e+16	4.335895e+07
2.827221e+16	4.367979e+07
2.842985e+16	4.400300e+07
2.858833e+16	4.432861e+07
2.874765e+16	4.465662e+07
2.890781e+16	4.498707e+07
2.906882e+16	4.531995e+07
2.923068e+16	4.565531e+07
2.939339e+16	4.599314e+07
2.955696e+16	4.633347e+07
2.972140e+16	4.667632e+07
2.988670e+16	4.702171e+07
3.005288e+16	4.736965e+07
3.021993e+16	4.772017e+07
3.038786e+16	4.807328e+07
3.055668e+16	4.842901e+07
3.072639e+16	4.878737e+07
3.089700e+16	4.914838e+07
3.106850e+16	4.951206e+07
3.124091e+16	4.987843e+07
3.141423e+16	5.024751e+07
3.158846e+16	5.061932e+07
3.176361e+16	5.099389e+07
3.193968e+16	5.137122e+07
3.211668e+16	5.175135e+07
3.229461e+16	5.213429e+07
3.247347e+16	5.252007e+07
3.265328e+16	5.290870e+07
3.283404e+16	5.330020e+07
3.301574e+16	5.369460e+07
3.319840e+16	5.409193e+07
3.338203e+16	5.449219e+07
3.356662e+16	5.489541e+07
3.375217e+16	5.530161e+07
3.393871e+16	5.571083e+07
3.412622e+16	5.612307e+07
3.431473e+16	5.653836e+07
3.450422e+16	5.695672e+07
3.469470e+16	5.737818e+07
3.488619e+16	5.780276e+07
3.507868e+16	5.823048e+07
3.527219e+16	5.866136e+07
3.546671e+16	5.909543e+07
3.566225e+16	5.953272e+07
3.585882e+16	5.997324e+07
3.605642e+16	6.041702e+07
3.625505e+16	6.086408e+07
3.645473e+16	6.131446e+07
3.665546e+16	6.176816e+07
3.685724e+16	6.222522e+07
3.706007e+16	6.268567e+07
3.726397e+16	6.314952e+07
3.746894e+16	6.361680e+07
3.767498e+16	6.408754e+07
3.788211e+16	6.456177e+07
3.809032e+16	6.503950e+07
3.829961e+16	6.552077e+07
3.851001e+16	6.600560e+07
3.872151e+16	6.649402e+07
3.893411e+16	6.698605e+07
3.914783e+16	6.748172e+07
3.936266e+16	6.798106e+07
3.957862e+16	6.848410e+07
3.979572e+16	6.899085e+07
4.001394e+16	6.950136e+07
4.023331e+16	7.001565e+07
4.045383e+16	7.053374e+07
4.067549e+16	7.105566e+07
4.089832e+16	7.158145e+07
4.112231e+16	7.211112e+07
4.134748e+16	7.264472e+07
4.157382e+16	7.318226e+07
4.180134e+16	7.372379e+07
4.203005e+16	7.426932e+07
4.225996e+16	7.481888e+07
4.249107e+16	7.537251e+07
4.272338e+16	7.593024e+07
4.295691e+16	7.649210e+07
4.319166e+16	7.705811e+07
4.342763e+16	7.762832e+07
4.366483e+16	7.820274e+07
4.390328e+16	7.878141e+07
4.414296e+16	7.936436e+07
4.438390e+16	7.995163e+07
4.462609e+16	8.054324e+07
4.486955e+16	8.113923e+07
4.511427e+16	8.173964e+07
4.536028e+16	8.234448e+07
4.560756e+16	8.295380e+07
4.585613e+16	8.356763e+07
4.610600e+16	8.418600e+07
4.635717e+16	8.480894e+07
4.660965e+16	8.543650e+07
4.686345e+16	8.606870e+07
4.711857e+16	8.670557e+07
4.737501e+16	8.734716e+07
4.763279e+16	8.799350e+07
4.789192e+16	8.864462e+07
4.815239e+16	8.930056e+07
4.841421e+16	8.996135e+07
4.867741e+16	9.062703e+07
4.894196e+16	9.129764e+07
4.920790e+16	9.197321e+07
4.947522e+16	9.265378e+07
4.974393e+16	9.333938e+07
5.001404e+16	9.403006e+07
5.028555e+16	9.472585e+07
5.055847e+16	9.542679e+07
5.083282e+16	9.613291e+07
5.110858e+16	9.684426e+07
5.138579e+16	9.756087e+07
5.166443e+16	9.828279e+07
5.194452e+16	9.901004e+07
5.222606e+16	9.974268e+07
5.250907e+16	1.004807e+08
5.279355e+16	1.012243e+08
5.307950e+16	1.019733e+08
5.336694e+16	1.027278e+08
5.365587e+16	1.034880e+08
5.394630e+16	1.042538e+08
5.423824e+16	1.050252e+08
5.453169e+16	1.058024e+08
5.482667e+16	1.065853e+08
5.512317e+16	1.073740e+08
5.542122e+16	1.081685e+08
5.572081e+16	1.089689e+08
5.602195e+16	1.097752e+08
5.632465e+16	1.105875e+08
5.662893e+16	1.114058e+08
5.693478e+16	1.122302e+08
5.724222e+16	1.130606e+08
5.755125e+16	1.138973e+08
5.786188e+16	1.147401e+08
5.817412e+16	1.155891e+08
5.848798e+16	1.164444e+08
5.880346e+16	1.173061e+08
5.912058e+16	1.181741e+08
5.943934e+16	1.190485e+08
5.975975e+16	1.199294e+08
6.008182e+16	1.208169e+08
6.040555e+16	1.217109e+08
6.073097e+16	1.226115e+08
6.105806e+16	1.235188e+08
6.138685e+16	1.244328e+08
6.171734e+16	1.253535e+08
6.204954e+16	1.262811e+08
6.238346e+16	1.272155e+08
6.271910e+16	1.281569e+08
6.305648e+16	1.291052e+08
6.339560e+16	1.300605e+08
6.373648e+16	1.310229e+08
6.407912e+16	1.319924e+08
6.442353e+16	1.329691e+08
6.476972e+16	1.339531e+08
6.511770e+16	1.349443e+08
6.546748e+16	1.359428e+08
6.581907e+16	1.369487e+08
6.617247e+16	1.379621e+08
6.652769e+16	1.389830e+08
6.688475e+16	1.400114e+08
6.724366e+16	1.410474e+08
6.760441e+16	1.420911e+08
6.796703e+16	1.431426e+08
6.833152e+16	1.442018e+08
6.869790e+16	1.452688e+08
6.906616e+16	1.463437e+08
6.943632e+16	1.474266e+08
6.980840e+16	1.485175e+08
7.018239e+16	1.496165e+08
7.055831e+16	1.507236e+08
7.093617e+16	1.518389e+08
7.131598e+16	1.529625e+08
7.169775e+16	1.540943e+08
7.208148e+16	1.552346e+08
7.246720e+16	1.563833e+08
7.285490e+16	1.575404e+08
7.324460e+16	1.587062e+08
7.363631e+16	1.598805e+08
7.403003e+16	1.610636e+08
7.442579e+16	1.622554e+08
7.482358e+16	1.634560e+08
7.522342e+16	1.646656e+08
7.562533e+16	1.658840e+08
7.602930e+16	1.671115e+08
7.643535e+16	1.683481e+08
7.684349e+16	1.695938e+08
7.725374e+16	1.708487e+08
7.766609e+16	1.721129e+08
7.808057e+16	1.733865e+08
7.849718e+16	1.746695e+08
7.891593e+16	1.759620e+08
7.933684e+16	1.772641e+08
7.975992e+16	1.785757e+08
8.018517e+16	1.798971e+08
8.061260e+16	1.812283e+08
8.104224e+16	1.825693e+08
8.147409e+16	1.839203e+08
8.190815e+16	1.852812e+08
8.234445e+16	1.866522e+08
8.278299e+16	1.880334e+08
8.322378e+16	1.894248e+08
8.366684e+16	1.908265e+08
8.411218e+16	1.922385e+08
8.455980e+16	1.936610e+08
8.500973e+16	1.950940e+08
8.546196e+16	1.965376e+08
8.591652e+16	1.979920e+08
8.637342e+16	1.994570e+08
8.683266e+16	2.009329e+08
8.729425e+16	2.024198e+08
8.775822e+16	2.039176e+08
8.822457e+16	2.054265e+08
8.869332e+16	2.069466e+08
8.916447e+16	2.084779e+08
8.963804e+16	2.100206e+08
9.011403e+16	2.115747e+08
9.059248e+16	2.131402e+08
9.107337e+16	2.147174e+08
9.155673e+16	2.163062e+08
9.204258e+16	2.179068e+08
9.253091e+16	2.195192e+08
9.302175e+16	2.211436e+08
9.351511e+16	2.227800e+08
9.401099e+16	2.244285e+08
9.450942e+16	2.260892e+08
9.501040e+16	2.277622e+08
9.551396e+16	2.294475e+08
9.602009e+16	2.311453e+08
9.652881e+16	2.328557e+08
9.704015e+16	2.345788e+08
9.755410e+16	2.363146e+08
9.807069e+16	2.380632e+08
9.858992e+16	2.398248e+08
9.911181e+16	2.415994e+08
9.963638e+16	2.433872e+08
1.001636e+17	2.451881e+08
1.006936e+17	2.470024e+08
1.012262e+17	2.488302e+08
1.017616e+17	2.506714e+08
1.022998e+17	2.525263e+08
1.028407e+17	2.543949e+08
1.033843e+17	2.562773e+08
1.039308e+17	2.581737e+08
1.044800e+17	2.600841e+08
1.050320e+17	2.620086e+08
1.055869e+17	2.639474e+08
1.061446e+17	2.659005e+08
1.067052e+17	2.678681e+08
1.072686e+17	2.698502e+08
1.078349e+17	2.718470e+08
1.084041e+17	2.738586e+08
1.089762e+17	2.758850e+08
1.095513e+17	2.779265e+08
1.101293e+17	2.799830e+08
1.107102e+17	2.820548e+08
1.112941e+17	2.841419e+08
1.118810e+17	2.862444e+08
1.124709e+17	2.883625e+08
1.130638e+17	2.904963e+08
1.136597e+17	2.926459e+08
1.142587e+17	2.948114e+08
1.148608e+17	2.969929e+08
1.154659e+17	2.991905e+08
1.160741e+17	3.014044e+08
1.166854e+17	3.036347e+08
1.172998e+17	3.058815e+08
1.179174e+17	3.081449e+08
1.185381e+17	3.104250e+08
1.191620e+17	3.127221e+08
1.197891e+17	3.150361e+08
1.204194e+17	3.173673e+08
1.210529e+17	3.197157e+08
1.216896e+17	3.220814e+08
1.223296e+17	3.244647e+08
1.229728e+17	3.268656e+08
1.236193e+17	3.292843e+08
1.242692e+17	3.317209e+08
1.249223e+17	3.341755e+08
1.255788e+17	3.366483e+08
1.262386e+17	3.391394e+08
1.269018e+17	3.416489e+08
1.275683e+17	3.441770e+08
1.282383e+17	3.467238e+08
1.289117e+17	3.492894e+08
1.295885e+17	3.518740e+08
1.302688e+17	3.544777e+08
1.309525e+17	3.571008e+08
1.316397e+17	3.597432e+08
1.323304e+17	3.624051e+08
1.330247e+17	3.650868e+08
1.337224e+17	3.677883e+08
1.344238e+17	3.705098e+08
1.351287e+17	3.732515e+08
1.358372e+17	3.760134e+08
1.365493e+17	3.787957e+08
1.372650e+17	3.815987e+08
1.379844e+17	3.844224e+08
1.387074e+17	3.872670e+08
1.394342e+17	3.901326e+08
1.401646e+17	3.930194e+08
1.408987e+17	3.959276e+08
1.416366e+17	3.988574e+08
1.423782e+17	4.018088e+08
1.431236e+17	4.047820e+08
1.438728e+17	4.077772e+08
1.446258e+17	4.107947e+08
1.453827e+17	4.138344e+08
1.461434e+17	4.168966e+08
1.469080e+17	4.199815e+08
1.476764e+17	4.230892e+08
1.484488e+17	4.262199e+08
1.492251e+17	4.293738e+08
1.500053e+17	4.325510e+08
1.507895e+17	4.357517e+08
1.515777e+17	4.389761e+08
1.523699e+17	4.422244e+08
1.531662e+17	4.454967e+08
1.539665e+17	4.487932e+08
1.547708e+17	4.521141e+08
1.555793e+17	4.554596e+08
1.563918e+17	4.588298e+08
1.572085e+17	4.622250e+08
1.580293e+17	4.656453e+08
1.588543e+17	4.690909e+08
1.596835e+17	4.725620e+08
1.605169e+17	4.760588e+08
1.613546e+17	4.795815e+08
1.621965e+17	4.831302e+08
1.630426e+17	4.867052e+08
1.638931e+17	4.903066e+08
1.647479e+17	4.939347e+08
1.656070e+17	4.975896e+08
1.664705e+17	5.012716e+08
1.673384e+17	5.049809e+08
1.682107e+17	5.087175e+08
1.690874e+17	5.124819e+08
1.699686e+17	5.162740e+08
1.708542e+17	5.200943e+08
1.717443e+17	5.239428e+08
1.726390e+17	5.278198e+08
1.735382e+17	5.317254e+08
1.744419e+17	5.356600e+08
1.753503e+17	5.396237e+08
1.762632e+17	5.436167e+08
1.771808e+17	5.476393e+08
1.781030e+17	5.516916e+08
1.790300e+17	5.557739e+08
1.799616e+17	5.598865e+08
1.808979e+17	5.640294e+08
1.818390e+17	5.682030e+08
1.827849e+17	5.724075e+08
1.837355e+17	5.766432e+08
1.846910e+17	5.809101e+08
1.856513e+17	5.852086e+08
1.866165e+17	5.895390e+08
1.875866e+17	5.939013e+08
1.885616e+17	5.982960e+08
1.895416e+17	6.027232e+08
1.905265e+17	6.071831e+08
1.915164e+17	6.116760e+08
1.925113e+17	6.162022e+08
1.935113e+17	6.207619e+08
1.945163e+17	6.253553e+08
1.955264e+17	6.299827e+08
1.965416e+17	6.346443e+08
1.975620e+17	6.393405e+08
1.985876e+17	6.440714e+08
1.996183e+17	6.488373e+08
2.006543e+17	6.536384e+08
2.016955e+17	6.584751e+08
2.027420e+17	6.633476e+08
2.037938e+17	6.682561e+08
2.048509e+17	6.732010e+08
2.059133e+17	6.781824e+08
2.069812e+17	6.832007e+08
2.080544e+17	6.882562e+08
2.091331e+17	6.933490e+08
2.102172e+17	6.984795e+08
2.113069e+17	7.036480e+08
2.124020e+17	7.088548e+08
2.135027e+17	7.141000e+08
2.146089e+17	7.193841e+08
2.157208e+17	7.247073e+08
2.168383e+17	7.300699e+08
2.179614e+17	7.354721e+08
2.190902e+17	7.409144e+08
2.202247e+17	7.463969e+08
2.213650e+17	7.519199e+08
2.225110e+17	7.574839e+08
2.236628e+17	7.630890e+08
2.248205e+17	7.687355e+08
2.259840e+17	7.744239e+08
2.271534e+17	7.801544e+08
2.283287e+17	7.859272e+08
2.295099e+17	7.917428e+08
2.306971e+17	7.976014e+08
2.318903e+17	8.035034e+08
2.330896e+17	8.094490e+08
2.342949e+17	8.154386e+08
2.355063e+17	8.214726e+08
2.367238e+17	8.275512e+08
2.379475e+17	8.336748e+08
2.391773e+17	8.398437e+08
2.404134e+17	8.460582e+08
2.416557e+17	8.523187e+08
2.429043e+17	8.586256e+08
2.441592e+17	8.649791e+08
2.454204e+17	8.713796e+08
2.466880e+17	8.778275e+08
2.479621e+17	8.843231e+08
2.492425e+17	8.908668e+08
2.505294e+17	8.974589e+08
2.518228e+17	9.040997e+08
2.531228e+17	9.107898e+08
2.544293e+17	9.175293e+08
2.557424e+17	9.243187e+08
2.570621e+17	9.311583e+08
2.583885e+17	9.380485e+08
2.597216e+17	9.449897e+08
2.610614e+17	9.519823e+08
2.624080e+17	9.590266e+08
2.637614e+17	9.661231e+08
2.651216e+17	9.732721e+08
2.664887e+17	9.804739e+08
2.678627e+17	9.877291e+08
2.692436e+17	9.950379e+08
2.706315e+17	1.002401e+09
2.720263e+17	1.009818e+09
2.734283e+17	1.017291e+09
2.748373e+17	1.024818e+09
2.762534e+17	1.032401e+09
2.776766e+17	1.040041e+09
2.791070e+17	1.047737e+09
2.805446e+17	1.055490e+09
2.819895e+17	1.063300e+09
2.834417e+17	1.071168e+09
2.849012e+17	1.079094e+09
2.863680e+17	1.087079e+09
2.878423e+17	1.095123e+09
2.893240e+17	1.103227e+09
2.908131e+17	1.111390e+09
2.923098e+17	1.119614e+09
2.938140e+17	1.127899e+09
2.953258e+17	1.136245e+09
2.968452e+17	1.144652e+09
2.983723e+17	1.153122e+09
2.999070e+17	1.161655e+09
3.014495e+17	1.170251e+09
3.029998e+17	1.178910e+09
3.045579e+17	1.187634e+09
3.061238e+17	1.196422e+09
3.076976e+17	1.205275e+09
3.092794e+17	1.214194e+09
3.108691e+17	1.223178e+09
3.124668e+17	1.232229e+09
3.140726e+17	1.241347e+09
3.156864e+17	1.250533e+09
3.173084e+17	1.259786e+09
3.189386e+17	1.269108e+09
3.205770e+17	1.278499e+09
3.222236e+17	1.287960e+09
3.238785e+17	1.297490e+09
3.255417e+17	1.307091e+09
3.272134e+17	1.316763e+09
3.288934e+17	1.326507e+09
3.305819e+17	1.336322e+09
3.322789e+17	1.346211e+09
3.339844e+17	1.356172e+09
3.356985e+17	1.366207e+09
3.374213e+17	1.376317e+09
3.391527e+17	1.386501e+09
3.408928e+17	1.396761e+09
3.426417e+17	1.407096e+09
3.443994e+17	1.417508e+09
3.461660e+17	1.427997e+09
3.479414e+17	1.438564e+09
3.497257e+17	1.449209e+09
3.515191e+17	1.459932e+09
3.533214e+17	1.470735e+09
3.551329e+17	1.481618e+09
3.569534e+17	1.492582e+09
3.587831e+17	1.503626e+09
3.606220e+17	1.514752e+09
3.624701e+17	1.525961e+09
3.643276e+17	1.537253e+09
3.661944e+17	1.548628e+09
3.680705e+17	1.560087e+09
3.699562e+17	1.571631e+09
3.718512e+17	1.583261e+09
3.737559e+17	1.594976e+09
3.756701e+17	1.606778e+09
3.775939e+17	1.618668e+09
3.795274e+17	1.630646e+09
3.814706e+17	1.642712e+09
3.834235e+17	1.654867e+09
3.853863e+17	1.667113e+09
3.873590e+17	1.679449e+09
3.893416e+17	1.691876e+09
3.913341e+17	1.704395e+09
3.933367e+17	1.717007e+09
3.953493e+17	1.729712e+09
3.973720e+17	1.742512e+09
3.994049e+17	1.755406e+09
4.014480e+17	1.768395e+09
4.035014e+17	1.781480e+09
4.055651e+17	1.794663e+09
4.076391e+17	1.807943e+09
4.097236e+17	1.821321e+09
4.118185e+17	1.834798e+09
4.139240e+17	1.848375e+09
4.160401e+17	1.862052e+09
4.181667e+17	1.875830e+09
4.203041e+17	1.889711e+09
4.224522e+17	1.903694e+09
4.246110e+17	1.917781e+09
4.267808e+17	1.931972e+09
4.289614e+17	1.946268e+09
4.311529e+17	1.960669e+09
4.333555e+17	1.975177e+09
4.355691e+17	1.989793e+09
4.377939e+17	2.004517e+09
4.400298e+17	2.019350e+09
4.422769e+17	2.034292e+09
4.445353e+17	2.049345e+09
4.468050e+17	2.064509e+09
4.490862e+17	2.079786e+09
4.513788e+17	2.095176e+09
4.536829e+17	2.110679e+09
4.559985e+17	2.126297e+09
4.583258e+17	2.142031e+09
4.606648e+17	2.157882e+09
4.630154e+17	2.173849e+09
4.653779e+17	2.189935e+09
4.677523e+17	2.206140e+09
4.701385e+17	2.222464e+09
4.725367e+17	2.238910e+09
4.749470e+17	2.255477e+09
4.773694e+17	2.272166e+09
4.798038e+17	2.288980e+09
4.822506e+17	2.305917e+09
4.847095e+17	2.322980e+09
4.871809e+17	2.340169e+09
4.896646e+17	2.357486e+09
4.921607e+17	2.374930e+09
4.946694e+17	2.392504e+09
4.971907e+17	2.410208e+09
4.997246e+17	2.428042e+09
5.022712e+17	2.446009e+09
5.048306e+17	2.464109e+09
5.074028e+17	2.482342e+09
5.099879e+17	2.500710e+09
5.125860e+17	2.519215e+09
5.151971e+17	2.537856e+09
5.178213e+17	2.556635e+09
5.204586e+17	2.575554e+09
5.231091e+17	2.594612e+09
5.257730e+17	2.613811e+09
5.284502e+17	2.633152e+09
5.311408e+17	2.652636e+09
5.338449e+17	2.672265e+09
5.365625e+17	2.692039e+09
5.392938e+17	2.711959e+09
5.420388e+17	2.732026e+09
5.447975e+17	2.752242e+09
5.475700e+17	2.772608e+09
5.503564e+17	2.793124e+09
5.531568e+17	2.813792e+09
5.559712e+17	2.834614e+09
5.587997e+17	2.855589e+09
5.616424e+17	2.876719e+09
5.644993e+17	2.898006e+09
5.673706e+17	2.919450e+09
5.702562e+17	2.941053e+09
5.731562e+17	2.962815e+09
5.760708e+17	2.984739e+09
5.790000e+17	3.006825e+09
5.819439e+17	3.029075e+09
5.849025e+17	3.051489e+09
5.878759e+17	3.074069e+09
5.908642e+17	3.096816e+09
5.938675e+17	3.119731e+09
5.968858e+17	3.142816e+09
5.999192e+17	3.166071e+09
6.029678e+17	3.189499e+09
6.060317e+17	3.213100e+09
6.091109e+17	3.236876e+09
6.122055e+17	3.260828e+09
6.153156e+17	3.284957e+09
6.184413e+17	3.309264e+09
6.215826e+17	3.333752e+09
6.247397e+17	3.358420e+09
6.279125e+17	3.383271e+09
6.311013e+17	3.408306e+09
6.343060e+17	3.433526e+09
6.375267e+17	3.458933e+09
6.407635e+17	3.484528e+09
6.440166e+17	3.510312e+09
6.472859e+17	3.536287e+09
6.505716e+17	3.562455e+09
6.538737e+17	3.588816e+09
6.571923e+17	3.615372e+09
6.605276e+17	3.642124e+09
6.638795e+17	3.669074e+09
6.672482e+17	3.696224e+09
6.706338e+17	3.723575e+09
6.740362e+17	3.751128e+09
6.774558e+17	3.778885e+09
6.808924e+17	3.806847e+09
6.843462e+17	3.835017e+09
6.878172e+17	3.863394e+09
6.913057e+17	3.891982e+09
6.948116e+17	3.920781e+09
6.983350e+17	3.949794e+09
7.018760e+17	3.979021e+09
7.054348e+17	4.008464e+09
7.090113e+17	4.038125e+09
7.126057e+17	4.068006e+09
7.162181e+17	4.098108e+09
7.198486e+17	4.128432e+09
7.234972e+17	4.158981e+09
7.271640e+17	4.189756e+09
7.308492e+17	4.220759e+09
7.345528e+17	4.251991e+09
7.382749e+17	4.283454e+09
7.420156e+17	4.315150e+09
7.457751e+17	4.347081e+09
7.495533e+17	4.379247e+09
7.533504e+17	4.411652e+09
7.571665e+17	4.444297e+09
7.610016e+17	4.477183e+09
7.648559e+17	4.510313e+09
7.687295e+17	4.543687e+09
7.726224e+17	4.577309e+09
7.765348e+17	4.611179e+09
7.804668e+17	4.645300e+09
7.844184e+17	4.679674e+09
7.883897e+17	4.714302e+09
7.923809e+17	4.749186e+09
7.963920e+17	4.784328e+09
8.004231e+17	4.819731e+09
8.044744e+17	4.855395e+09
8.085460e+17	4.891323e+09
8.126379e+17	4.927517e+09
8.167502e+17	4.963979e+09
8.208830e+17	5.000710e+09
8.250365e+17	5.037714e+09
8.292108e+17	5.074991e+09
8.334059e+17	5.112544e+09
8.376219e+17	5.150375e+09
8.418590e+17	5.188486e+09
8.461173e+17	5.226879e+09
8.503969e+17	5.265556e+09
8.546978e+17	5.304519e+09
8.590202e+17	5.343771e+09
8.633641e+17	5.383313e+09
8.677298e+17	5.423147e+09
8.721172e+17	5.463277e+09
8.765266e+17	5.503703e+09
8.809580e+17	5.544428e+09
8.854115e+17	5.585455e+09
8.898873e+17	5.626785e+09
8.943853e+17	5.668422e+09
8.989059e+17	5.710366e+09
9.034490e+17	5.752620e+09
9.080148e+17	5.795188e+09
9.126034e+17	5.838070e+09
9.172149e+17	5.881270e+09
9.218494e+17	5.924789e+09
9.265070e+17	5.968630e+09
9.311879e+17	6.012796e+09
9.358921e+17	6.057288e+09
9.406198e+17	6.102110e+09
9.453712e+17	6.147264e+09
9.501462e+17	6.192751e+09
9.549451e+17	6.238575e+09
9.597679e+17	6.284738e+09
9.646147e+17	6.331243e+09
9.694858e+17	6.378092e+09
9.743812e+17	6.425288e+09
9.793009e+17	6.472833e+09
9.842453e+17	6.520729e+09
9.892143e+17	6.568980e+09
9.942081e+17	6.617588e+09
9.992268e+17	6.666556e+09
1.004271e+18	6.715886e+09
1.009339e+18	6.765581e+09
1.014434e+18	6.815644e+09
1.019553e+18	6.866077e+09
1.024698e+18	6.916884e+09
1.029869e+18	6.968066e+09
1.035066e+18	7.019627e+09
1.040288e+18	7.071570e+09
1.045537e+18	7.123897e+09
1.050812e+18	7.176611e+09
1.056113e+18	7.229716e+09
1.061440e+18	7.283213e+09
1.066794e+18	7.337106e+09
1.072175e+18	7.391398e+09
1.077582e+18	7.446092e+09
1.083017e+18	7.501190e+09
1.088479e+18	7.556696e+09
1.093968e+18	7.612613e+09
1.099484e+18	7.668944e+09
1.105028e+18	7.725691e+09
1.110599e+18	7.782858e+09
1.116198e+18	7.840449e+09
1.121825e+18	7.898465e+09
1.127480e+18	7.956911e+09
1.133164e+18	8.015789e+09
1.138875e+18	8.075103e+09
1.144615e+18	8.134856e+09
1.150384e+18	8.195051e+09
1.156182e+18	8.255691e+09
1.162008e+18	8.316781e+09
1.167863e+18	8.378322e+09
1.173748e+18	8.440318e+09
1.179662e+18	8.502774e+09
1.185605e+18	8.565691e+09
1.191578e+18	8.629074e+09
1.197581e+18	8.692926e+09
1.203614e+18	8.757251e+09
1.209677e+18	8.822051e+09
1.215770e+18	8.887331e+09
1.221893e+18	8.953094e+09
1.228047e+18	9.019344e+09
1.234232e+18	9.086084e+09
1.240447e+18	9.153317e+09
1.246693e+18	9.221048e+09
1.252971e+18	9.289281e+09
1.259279e+18	9.358018e+09
1.265619e+18	9.427264e+09
1.271991e+18	9.497023e+09
1.278395e+18	9.567297e+09
1.284830e+18	9.638092e+09
1.291297e+18	9.709410e+09
1.297797e+18	9.781256e+09
1.304329e+18	9.853634e+09
1.310894e+18	9.926547e+09
1.317491e+18	1.000000e+10
