# Graphite EOS from Seager et al. (2007)
# Fitted to 3rd order BME EOS, rho0=2.25 g/cm3, K0 = 33.8 GPa, K'0 = 8.9
# Pressure (Pa)	Density (kg/m^3)
1.0000000000e+00	2.2500000000e+03
1.3171238692e+07	2.2508754377e+03
2.6382943680e+07	2.2517508754e+03
3.9635158197e+07	2.2526263132e+03
5.2927925485e+07	2.2535017509e+03
6.6261288790e+07	2.2543771886e+03
7.9635291367e+07	2.2552526263e+03
9.3049976476e+07	2.2561280640e+03
1.0650538738e+08	2.2570035018e+03
1.2000156737e+08	2.2578789395e+03
1.3353855970e+08	2.2587543772e+03
1.4711640768e+08	2.2596298149e+03
1.6073515459e+08	2.2605052526e+03
1.7439484374e+08	2.2613806903e+03
1.8809551842e+08	2.2622561281e+03
2.0183722197e+08	2.2631315658e+03
2.1561999768e+08	2.2640070035e+03
2.2944388890e+08	2.2648824412e+03
2.4330893895e+08	2.2657578789e+03
2.5721519118e+08	2.2666333167e+03
2.7116268893e+08	2.2675087544e+03
2.8515147554e+08	2.2683841921e+03
2.9918159440e+08	2.2692596298e+03
3.1325308884e+08	2.2701350675e+03
3.2736600226e+08	2.2710105053e+03
3.4152037803e+08	2.2718859430e+03
3.5571625953e+08	2.2727613807e+03
3.6995369016e+08	2.2736368184e+03
3.8423271332e+08	2.2745122561e+03
3.9855337240e+08	2.2753876938e+03
4.1291571082e+08	2.2762631316e+03
4.2731977201e+08	2.2771385693e+03
4.4176559937e+08	2.2780140070e+03
4.5625323635e+08	2.2788894447e+03
4.7078272639e+08	2.2797648824e+03
4.8535411291e+08	2.2806403202e+03
4.9996743939e+08	2.2815157579e+03
5.1462274926e+08	2.2823911956e+03
5.2932008601e+08	2.2832666333e+03
5.4405949309e+08	2.2841420710e+03
5.5884101398e+08	2.2850175088e+03
5.7366469216e+08	2.2858929465e+03
5.8853057113e+08	2.2867683842e+03
6.0343869438e+08	2.2876438219e+03
6.1838910542e+08	2.2885192596e+03
6.3338184774e+08	2.2893946973e+03
6.4841696487e+08	2.2902701351e+03
6.6349450032e+08	2.2911455728e+03
6.7861449763e+08	2.2920210105e+03
6.9377700032e+08	2.2928964482e+03
7.0898205195e+08	2.2937718859e+03
7.2422969605e+08	2.2946473237e+03
7.3951997618e+08	2.2955227614e+03
7.5485293590e+08	2.2963981991e+03
7.7022861878e+08	2.2972736368e+03
7.8564706838e+08	2.2981490745e+03
8.0110832829e+08	2.2990245123e+03
8.1661244210e+08	2.2998999500e+03
8.3215945338e+08	2.3007753877e+03
8.4774940575e+08	2.3016508254e+03
8.6338234281e+08	2.3025262631e+03
8.7905830817e+08	2.3034017009e+03
8.9477734544e+08	2.3042771386e+03
9.1053949825e+08	2.3051525763e+03
9.2634481023e+08	2.3060280140e+03
9.4219332501e+08	2.3069034517e+03
9.5808508624e+08	2.3077788894e+03
9.7402013757e+08	2.3086543272e+03
9.8999852265e+08	2.3095297649e+03
1.0060202851e+09	2.3104052026e+03
1.0220854687e+09	2.3112806403e+03
1.0381941170e+09	2.3121560780e+03
1.0543462738e+09	2.3130315158e+03
1.0705419827e+09	2.3139069535e+03
1.0867812874e+09	2.3147823912e+03
1.1030642316e+09	2.3156578289e+03
1.1193908591e+09	2.3165332666e+03
1.1357612135e+09	2.3174087044e+03
1.1521753385e+09	2.3182841421e+03
1.1686332779e+09	2.3191595798e+03
1.1851350754e+09	2.3200350175e+03
1.2016807748e+09	2.3209104552e+03
1.2182704198e+09	2.3217858929e+03
1.2349040541e+09	2.3226613307e+03
1.2515817215e+09	2.3235367684e+03
1.2683034657e+09	2.3244122061e+03
1.2850693306e+09	2.3252876438e+03
1.3018793599e+09	2.3261630815e+03
1.3187335973e+09	2.3270385193e+03
1.3356320868e+09	2.3279139570e+03
1.3525748720e+09	2.3287893947e+03
1.3695619967e+09	2.3296648324e+03
1.3865935049e+09	2.3305402701e+03
1.4036694402e+09	2.3314157079e+03
1.4207898465e+09	2.3322911456e+03
1.4379547676e+09	2.3331665833e+03
1.4551642474e+09	2.3340420210e+03
1.4724183297e+09	2.3349174587e+03
1.4897170583e+09	2.3357928964e+03
1.5070604772e+09	2.3366683342e+03
1.5244486300e+09	2.3375437719e+03
1.5418815608e+09	2.3384192096e+03
1.5593593133e+09	2.3392946473e+03
1.5768819315e+09	2.3401700850e+03
1.5944494592e+09	2.3410455228e+03
1.6120619403e+09	2.3419209605e+03
1.6297194188e+09	2.3427963982e+03
1.6474219384e+09	2.3436718359e+03
1.6651695432e+09	2.3445472736e+03
1.6829622770e+09	2.3454227114e+03
1.7008001837e+09	2.3462981491e+03
1.7186833073e+09	2.3471735868e+03
1.7366116916e+09	2.3480490245e+03
1.7545853807e+09	2.3489244622e+03
1.7726044185e+09	2.3497998999e+03
1.7906688489e+09	2.3506753377e+03
1.8087787159e+09	2.3515507754e+03
1.8269340634e+09	2.3524262131e+03
1.8451349354e+09	2.3533016508e+03
1.8633813759e+09	2.3541770885e+03
1.8816734289e+09	2.3550525263e+03
1.9000111383e+09	2.3559279640e+03
1.9183945481e+09	2.3568034017e+03
1.9368237023e+09	2.3576788394e+03
1.9552986450e+09	2.3585542771e+03
1.9738194201e+09	2.3594297149e+03
1.9923860717e+09	2.3603051526e+03
2.0109986438e+09	2.3611805903e+03
2.0296571803e+09	2.3620560280e+03
2.0483617254e+09	2.3629314657e+03
2.0671123231e+09	2.3638069035e+03
2.0859090174e+09	2.3646823412e+03
2.1047518524e+09	2.3655577789e+03
2.1236408721e+09	2.3664332166e+03
2.1425761207e+09	2.3673086543e+03
2.1615576420e+09	2.3681840920e+03
2.1805854804e+09	2.3690595298e+03
2.1996596797e+09	2.3699349675e+03
2.2187802842e+09	2.3708104052e+03
2.2379473379e+09	2.3716858429e+03
2.2571608849e+09	2.3725612806e+03
2.2764209693e+09	2.3734367184e+03
2.2957276353e+09	2.3743121561e+03
2.3150809269e+09	2.3751875938e+03
2.3344808883e+09	2.3760630315e+03
2.3539275636e+09	2.3769384692e+03
2.3734209969e+09	2.3778139070e+03
2.3929612324e+09	2.3786893447e+03
2.4125483142e+09	2.3795647824e+03
2.4321822865e+09	2.3804402201e+03
2.4518631935e+09	2.3813156578e+03
2.4715910793e+09	2.3821910955e+03
2.4913659880e+09	2.3830665333e+03
2.5111879639e+09	2.3839419710e+03
2.5310570512e+09	2.3848174087e+03
2.5509732940e+09	2.3856928464e+03
2.5709367366e+09	2.3865682841e+03
2.5909474231e+09	2.3874437219e+03
2.6110053977e+09	2.3883191596e+03
2.6311107047e+09	2.3891945973e+03
2.6512633883e+09	2.3900700350e+03
2.6714634926e+09	2.3909454727e+03
2.6917110620e+09	2.3918209105e+03
2.7120061407e+09	2.3926963482e+03
2.7323487730e+09	2.3935717859e+03
2.7527390029e+09	2.3944472236e+03
2.7731768749e+09	2.3953226613e+03
2.7936624332e+09	2.3961980990e+03
2.8141957221e+09	2.3970735368e+03
2.8347767858e+09	2.3979489745e+03
2.8554056686e+09	2.3988244122e+03
2.8760824147e+09	2.3996998499e+03
2.8968070686e+09	2.4005752876e+03
2.9175796745e+09	2.4014507254e+03
2.9384002766e+09	2.4023261631e+03
2.9592689193e+09	2.4032016008e+03
2.9801856470e+09	2.4040770385e+03
3.0011505038e+09	2.4049524762e+03
3.0221635343e+09	2.4058279140e+03
3.0432247826e+09	2.4067033517e+03
3.0643342931e+09	2.4075787894e+03
3.0854921103e+09	2.4084542271e+03
3.1066982783e+09	2.4093296648e+03
3.1279528416e+09	2.4102051026e+03
3.1492558446e+09	2.4110805403e+03
3.1706073316e+09	2.4119559780e+03
3.1920073469e+09	2.4128314157e+03
3.2134559351e+09	2.4137068534e+03
3.2349531403e+09	2.4145822911e+03
3.2564990071e+09	2.4154577289e+03
3.2780935799e+09	2.4163331666e+03
3.2997369029e+09	2.4172086043e+03
3.3214290208e+09	2.4180840420e+03
3.3431699778e+09	2.4189594797e+03
3.3649598183e+09	2.4198349175e+03
3.3867985869e+09	2.4207103552e+03
3.4086863279e+09	2.4215857929e+03
3.4306230858e+09	2.4224612306e+03
3.4526089050e+09	2.4233366683e+03
3.4746438300e+09	2.4242121061e+03
3.4967279052e+09	2.4250875438e+03
3.5188611751e+09	2.4259629815e+03
3.5410436842e+09	2.4268384192e+03
3.5632754768e+09	2.4277138569e+03
3.5855565976e+09	2.4285892946e+03
3.6078870910e+09	2.4294647324e+03
3.6302670014e+09	2.4303401701e+03
3.6526963734e+09	2.4312156078e+03
3.6751752515e+09	2.4320910455e+03
3.6977036802e+09	2.4329664832e+03
3.7202817040e+09	2.4338419210e+03
3.7429093674e+09	2.4347173587e+03
3.7655867149e+09	2.4355927964e+03
3.7883137911e+09	2.4364682341e+03
3.8110906405e+09	2.4373436718e+03
3.8339173076e+09	2.4382191096e+03
3.8567938371e+09	2.4390945473e+03
3.8797202733e+09	2.4399699850e+03
3.9026966610e+09	2.4408454227e+03
3.9257230447e+09	2.4417208604e+03
3.9487994689e+09	2.4425962981e+03
3.9719259782e+09	2.4434717359e+03
3.9951026172e+09	2.4443471736e+03
4.0183294305e+09	2.4452226113e+03
4.0416064627e+09	2.4460980490e+03
4.0649337584e+09	2.4469734867e+03
4.0883113621e+09	2.4478489245e+03
4.1117393185e+09	2.4487243622e+03
4.1352176723e+09	2.4495997999e+03
4.1587464679e+09	2.4504752376e+03
4.1823257502e+09	2.4513506753e+03
4.2059555636e+09	2.4522261131e+03
4.2296359528e+09	2.4531015508e+03
4.2533669626e+09	2.4539769885e+03
4.2771486374e+09	2.4548524262e+03
4.3009810220e+09	2.4557278639e+03
4.3248641611e+09	2.4566033017e+03
4.3487980993e+09	2.4574787394e+03
4.3727828812e+09	2.4583541771e+03
4.3968185517e+09	2.4592296148e+03
4.4209051552e+09	2.4601050525e+03
4.4450427366e+09	2.4609804902e+03
4.4692313405e+09	2.4618559280e+03
4.4934710117e+09	2.4627313657e+03
4.5177617948e+09	2.4636068034e+03
4.5421037345e+09	2.4644822411e+03
4.5664968756e+09	2.4653576788e+03
4.5909412628e+09	2.4662331166e+03
4.6154369408e+09	2.4671085543e+03
4.6399839544e+09	2.4679839920e+03
4.6645823482e+09	2.4688594297e+03
4.6892321671e+09	2.4697348674e+03
4.7139334558e+09	2.4706103052e+03
4.7386862590e+09	2.4714857429e+03
4.7634906216e+09	2.4723611806e+03
4.7883465882e+09	2.4732366183e+03
4.8132542036e+09	2.4741120560e+03
4.8382135127e+09	2.4749874937e+03
4.8632245603e+09	2.4758629315e+03
4.8882873910e+09	2.4767383692e+03
4.9134020497e+09	2.4776138069e+03
4.9385685813e+09	2.4784892446e+03
4.9637870304e+09	2.4793646823e+03
4.9890574420e+09	2.4802401201e+03
5.0143798608e+09	2.4811155578e+03
5.0397543317e+09	2.4819909955e+03
5.0651808995e+09	2.4828664332e+03
5.0906596091e+09	2.4837418709e+03
5.1161905052e+09	2.4846173087e+03
5.1417736327e+09	2.4854927464e+03
5.1674090365e+09	2.4863681841e+03
5.1930967614e+09	2.4872436218e+03
5.2188368523e+09	2.4881190595e+03
5.2446293541e+09	2.4889944972e+03
5.2704743116e+09	2.4898699350e+03
5.2963717697e+09	2.4907453727e+03
5.3223217734e+09	2.4916208104e+03
5.3483243674e+09	2.4924962481e+03
5.3743795967e+09	2.4933716858e+03
5.4004875062e+09	2.4942471236e+03
5.4266481408e+09	2.4951225613e+03
5.4528615454e+09	2.4959979990e+03
5.4791277649e+09	2.4968734367e+03
5.5054468443e+09	2.4977488744e+03
5.5318188284e+09	2.4986243122e+03
5.5582437623e+09	2.4994997499e+03
5.5847216908e+09	2.5003751876e+03
5.6112526589e+09	2.5012506253e+03
5.6378367116e+09	2.5021260630e+03
5.6644738937e+09	2.5030015008e+03
5.6911642503e+09	2.5038769385e+03
5.7179078264e+09	2.5047523762e+03
5.7447046669e+09	2.5056278139e+03
5.7715548167e+09	2.5065032516e+03
5.7984583210e+09	2.5073786893e+03
5.8254152246e+09	2.5082541271e+03
5.8524255725e+09	2.5091295648e+03
5.8794894098e+09	2.5100050025e+03
5.9066067815e+09	2.5108804402e+03
5.9337777325e+09	2.5117558779e+03
5.9610023079e+09	2.5126313157e+03
5.9882805527e+09	2.5135067534e+03
6.0156125120e+09	2.5143821911e+03
6.0429982307e+09	2.5152576288e+03
6.0704377539e+09	2.5161330665e+03
6.0979311267e+09	2.5170085043e+03
6.1254783941e+09	2.5178839420e+03
6.1530796011e+09	2.5187593797e+03
6.1807347929e+09	2.5196348174e+03
6.2084440144e+09	2.5205102551e+03
6.2362073107e+09	2.5213856928e+03
6.2640247270e+09	2.5222611306e+03
6.2918963083e+09	2.5231365683e+03
6.3198220997e+09	2.5240120060e+03
6.3478021463e+09	2.5248874437e+03
6.3758364932e+09	2.5257628814e+03
6.4039251854e+09	2.5266383192e+03
6.4320682682e+09	2.5275137569e+03
6.4602657865e+09	2.5283891946e+03
6.4885177856e+09	2.5292646323e+03
6.5168243106e+09	2.5301400700e+03
6.5451854065e+09	2.5310155078e+03
6.5736011185e+09	2.5318909455e+03
6.6020714918e+09	2.5327663832e+03
6.6305965715e+09	2.5336418209e+03
6.6591764027e+09	2.5345172586e+03
6.6878110307e+09	2.5353926963e+03
6.7165005005e+09	2.5362681341e+03
6.7452448574e+09	2.5371435718e+03
6.7740441465e+09	2.5380190095e+03
6.8028984129e+09	2.5388944472e+03
6.8318077020e+09	2.5397698849e+03
6.8607720588e+09	2.5406453227e+03
6.8897915286e+09	2.5415207604e+03
6.9188661565e+09	2.5423961981e+03
6.9479959878e+09	2.5432716358e+03
6.9771810676e+09	2.5441470735e+03
7.0064214413e+09	2.5450225113e+03
7.0357171539e+09	2.5458979490e+03
7.0650682508e+09	2.5467733867e+03
7.0944747771e+09	2.5476488244e+03
7.1239367782e+09	2.5485242621e+03
7.1534542991e+09	2.5493996998e+03
7.1830273853e+09	2.5502751376e+03
7.2126560819e+09	2.5511505753e+03
7.2423404342e+09	2.5520260130e+03
7.2720804875e+09	2.5529014507e+03
7.3018762870e+09	2.5537768884e+03
7.3317278780e+09	2.5546523262e+03
7.3616353058e+09	2.5555277639e+03
7.3915986156e+09	2.5564032016e+03
7.4216178528e+09	2.5572786393e+03
7.4516930626e+09	2.5581540770e+03
7.4818242904e+09	2.5590295148e+03
7.5120115815e+09	2.5599049525e+03
7.5422549811e+09	2.5607803902e+03
7.5725545346e+09	2.5616558279e+03
7.6029102873e+09	2.5625312656e+03
7.6333222845e+09	2.5634067034e+03
7.6637905716e+09	2.5642821411e+03
7.6943151938e+09	2.5651575788e+03
7.7248961967e+09	2.5660330165e+03
7.7555336253e+09	2.5669084542e+03
7.7862275253e+09	2.5677838919e+03
7.8169779418e+09	2.5686593297e+03
7.8477849203e+09	2.5695347674e+03
7.8786485060e+09	2.5704102051e+03
7.9095687445e+09	2.5712856428e+03
7.9405456811e+09	2.5721610805e+03
7.9715793611e+09	2.5730365183e+03
8.0026698300e+09	2.5739119560e+03
8.0338171331e+09	2.5747873937e+03
8.0650213158e+09	2.5756628314e+03
8.0962824236e+09	2.5765382691e+03
8.1276005019e+09	2.5774137069e+03
8.1589755960e+09	2.5782891446e+03
8.1904077514e+09	2.5791645823e+03
8.2218970135e+09	2.5800400200e+03
8.2534434277e+09	2.5809154577e+03
8.2850470395e+09	2.5817908954e+03
8.3167078944e+09	2.5826663332e+03
8.3484260377e+09	2.5835417709e+03
8.3802015149e+09	2.5844172086e+03
8.4120343715e+09	2.5852926463e+03
8.4439246529e+09	2.5861680840e+03
8.4758724047e+09	2.5870435218e+03
8.5078776722e+09	2.5879189595e+03
8.5399405009e+09	2.5887943972e+03
8.5720609364e+09	2.5896698349e+03
8.6042390241e+09	2.5905452726e+03
8.6364748094e+09	2.5914207104e+03
8.6687683380e+09	2.5922961481e+03
8.7011196553e+09	2.5931715858e+03
8.7335288069e+09	2.5940470235e+03
8.7659958381e+09	2.5949224612e+03
8.7985207946e+09	2.5957978989e+03
8.8311037219e+09	2.5966733367e+03
8.8637446654e+09	2.5975487744e+03
8.8964436708e+09	2.5984242121e+03
8.9292007836e+09	2.5992996498e+03
8.9620160492e+09	2.6001750875e+03
8.9948895133e+09	2.6010505253e+03
9.0278212215e+09	2.6019259630e+03
9.0608112192e+09	2.6028014007e+03
9.0938595520e+09	2.6036768384e+03
9.1269662656e+09	2.6045522761e+03
9.1601314054e+09	2.6054277139e+03
9.1933550171e+09	2.6063031516e+03
9.2266371462e+09	2.6071785893e+03
9.2599778383e+09	2.6080540270e+03
9.2933771391e+09	2.6089294647e+03
9.3268350941e+09	2.6098049025e+03
9.3603517489e+09	2.6106803402e+03
9.3939271492e+09	2.6115557779e+03
9.4275613405e+09	2.6124312156e+03
9.4612543685e+09	2.6133066533e+03
9.4950062787e+09	2.6141820910e+03
9.5288171169e+09	2.6150575288e+03
9.5626869287e+09	2.6159329665e+03
9.5966157597e+09	2.6168084042e+03
9.6306036555e+09	2.6176838419e+03
9.6646506618e+09	2.6185592796e+03
9.6987568243e+09	2.6194347174e+03
9.7329221885e+09	2.6203101551e+03
9.7671468003e+09	2.6211855928e+03
9.8014307051e+09	2.6220610305e+03
9.8357739489e+09	2.6229364682e+03
9.8701765771e+09	2.6238119060e+03
9.9046386355e+09	2.6246873437e+03
9.9391601697e+09	2.6255627814e+03
9.9737412256e+09	2.6264382191e+03
1.0008381849e+10	2.6273136568e+03
1.0043082085e+10	2.6281890945e+03
1.0077841980e+10	2.6290645323e+03
1.0112661579e+10	2.6299399700e+03
1.0147540928e+10	2.6308154077e+03
1.0182480073e+10	2.6316908454e+03
1.0217479060e+10	2.6325662831e+03
1.0252537934e+10	2.6334417209e+03
1.0287656741e+10	2.6343171586e+03
1.0322835527e+10	2.6351925963e+03
1.0358074337e+10	2.6360680340e+03
1.0393373218e+10	2.6369434717e+03
1.0428732215e+10	2.6378189095e+03
1.0464151374e+10	2.6386943472e+03
1.0499630740e+10	2.6395697849e+03
1.0535170359e+10	2.6404452226e+03
1.0570770278e+10	2.6413206603e+03
1.0606430542e+10	2.6421960980e+03
1.0642151196e+10	2.6430715358e+03
1.0677932287e+10	2.6439469735e+03
1.0713773860e+10	2.6448224112e+03
1.0749675962e+10	2.6456978489e+03
1.0785638637e+10	2.6465732866e+03
1.0821661932e+10	2.6474487244e+03
1.0857745893e+10	2.6483241621e+03
1.0893890565e+10	2.6491995998e+03
1.0930095994e+10	2.6500750375e+03
1.0966362227e+10	2.6509504752e+03
1.1002689308e+10	2.6518259130e+03
1.1039077284e+10	2.6527013507e+03
1.1075526201e+10	2.6535767884e+03
1.1112036104e+10	2.6544522261e+03
1.1148607039e+10	2.6553276638e+03
1.1185239052e+10	2.6562031016e+03
1.1221932190e+10	2.6570785393e+03
1.1258686497e+10	2.6579539770e+03
1.1295502021e+10	2.6588294147e+03
1.1332378806e+10	2.6597048524e+03
1.1369316898e+10	2.6605802901e+03
1.1406316344e+10	2.6614557279e+03
1.1443377190e+10	2.6623311656e+03
1.1480499480e+10	2.6632066033e+03
1.1517683262e+10	2.6640820410e+03
1.1554928581e+10	2.6649574787e+03
1.1592235483e+10	2.6658329165e+03
1.1629604013e+10	2.6667083542e+03
1.1667034219e+10	2.6675837919e+03
1.1704526145e+10	2.6684592296e+03
1.1742079838e+10	2.6693346673e+03
1.1779695344e+10	2.6702101051e+03
1.1817372708e+10	2.6710855428e+03
1.1855111977e+10	2.6719609805e+03
1.1892913197e+10	2.6728364182e+03
1.1930776413e+10	2.6737118559e+03
1.1968701671e+10	2.6745872936e+03
1.2006689018e+10	2.6754627314e+03
1.2044738499e+10	2.6763381691e+03
1.2082850161e+10	2.6772136068e+03
1.2121024049e+10	2.6780890445e+03
1.2159260209e+10	2.6789644822e+03
1.2197558688e+10	2.6798399200e+03
1.2235919531e+10	2.6807153577e+03
1.2274342784e+10	2.6815907954e+03
1.2312828494e+10	2.6824662331e+03
1.2351376706e+10	2.6833416708e+03
1.2389987466e+10	2.6842171086e+03
1.2428660821e+10	2.6850925463e+03
1.2467396816e+10	2.6859679840e+03
1.2506195498e+10	2.6868434217e+03
1.2545056912e+10	2.6877188594e+03
1.2583981105e+10	2.6885942971e+03
1.2622968123e+10	2.6894697349e+03
1.2662018011e+10	2.6903451726e+03
1.2701130816e+10	2.6912206103e+03
1.2740306584e+10	2.6920960480e+03
1.2779545360e+10	2.6929714857e+03
1.2818847192e+10	2.6938469235e+03
1.2858212124e+10	2.6947223612e+03
1.2897640204e+10	2.6955977989e+03
1.2937131477e+10	2.6964732366e+03
1.2976685989e+10	2.6973486743e+03
1.3016303786e+10	2.6982241121e+03
1.3055984915e+10	2.6990995498e+03
1.3095729422e+10	2.6999749875e+03
1.3135537352e+10	2.7008504252e+03
1.3175408752e+10	2.7017258629e+03
1.3215343668e+10	2.7026013007e+03
1.3255342146e+10	2.7034767384e+03
1.3295404232e+10	2.7043521761e+03
1.3335529972e+10	2.7052276138e+03
1.3375719413e+10	2.7061030515e+03
1.3415972601e+10	2.7069784892e+03
1.3456289581e+10	2.7078539270e+03
1.3496670400e+10	2.7087293647e+03
1.3537115104e+10	2.7096048024e+03
1.3577623740e+10	2.7104802401e+03
1.3618196353e+10	2.7113556778e+03
1.3658832989e+10	2.7122311156e+03
1.3699533695e+10	2.7131065533e+03
1.3740298517e+10	2.7139819910e+03
1.3781127501e+10	2.7148574287e+03
1.3822020694e+10	2.7157328664e+03
1.3862978140e+10	2.7166083042e+03
1.3903999888e+10	2.7174837419e+03
1.3945085983e+10	2.7183591796e+03
1.3986236470e+10	2.7192346173e+03
1.4027451397e+10	2.7201100550e+03
1.4068730810e+10	2.7209854927e+03
1.4110074754e+10	2.7218609305e+03
1.4151483276e+10	2.7227363682e+03
1.4192956423e+10	2.7236118059e+03
1.4234494240e+10	2.7244872436e+03
1.4276096773e+10	2.7253626813e+03
1.4317764070e+10	2.7262381191e+03
1.4359496176e+10	2.7271135568e+03
1.4401293137e+10	2.7279889945e+03
1.4443155001e+10	2.7288644322e+03
1.4485081812e+10	2.7297398699e+03
1.4527073617e+10	2.7306153077e+03
1.4569130463e+10	2.7314907454e+03
1.4611252396e+10	2.7323661831e+03
1.4653439462e+10	2.7332416208e+03
1.4695691707e+10	2.7341170585e+03
1.4738009178e+10	2.7349924962e+03
1.4780391921e+10	2.7358679340e+03
1.4822839982e+10	2.7367433717e+03
1.4865353408e+10	2.7376188094e+03
1.4907932245e+10	2.7384942471e+03
1.4950576539e+10	2.7393696848e+03
1.4993286337e+10	2.7402451226e+03
1.5036061684e+10	2.7411205603e+03
1.5078902628e+10	2.7419959980e+03
1.5121809214e+10	2.7428714357e+03
1.5164781490e+10	2.7437468734e+03
1.5207819500e+10	2.7446223112e+03
1.5250923292e+10	2.7454977489e+03
1.5294092912e+10	2.7463731866e+03
1.5337328407e+10	2.7472486243e+03
1.5380629822e+10	2.7481240620e+03
1.5423997204e+10	2.7489994997e+03
1.5467430600e+10	2.7498749375e+03
1.5510930055e+10	2.7507503752e+03
1.5554495617e+10	2.7516258129e+03
1.5598127331e+10	2.7525012506e+03
1.5641825244e+10	2.7533766883e+03
1.5685589402e+10	2.7542521261e+03
1.5729419852e+10	2.7551275638e+03
1.5773316641e+10	2.7560030015e+03
1.5817279814e+10	2.7568784392e+03
1.5861309418e+10	2.7577538769e+03
1.5905405499e+10	2.7586293147e+03
1.5949568104e+10	2.7595047524e+03
1.5993797280e+10	2.7603801901e+03
1.6038093072e+10	2.7612556278e+03
1.6082455527e+10	2.7621310655e+03
1.6126884692e+10	2.7630065033e+03
1.6171380613e+10	2.7638819410e+03
1.6215943337e+10	2.7647573787e+03
1.6260572909e+10	2.7656328164e+03
1.6305269377e+10	2.7665082541e+03
1.6350032786e+10	2.7673836918e+03
1.6394863184e+10	2.7682591296e+03
1.6439760617e+10	2.7691345673e+03
1.6484725131e+10	2.7700100050e+03
1.6529756773e+10	2.7708854427e+03
1.6574855589e+10	2.7717608804e+03
1.6620021626e+10	2.7726363182e+03
1.6665254930e+10	2.7735117559e+03
1.6710555548e+10	2.7743871936e+03
1.6755923526e+10	2.7752626313e+03
1.6801358911e+10	2.7761380690e+03
1.6846861749e+10	2.7770135068e+03
1.6892432087e+10	2.7778889445e+03
1.6938069971e+10	2.7787643822e+03
1.6983775448e+10	2.7796398199e+03
1.7029548565e+10	2.7805152576e+03
1.7075389367e+10	2.7813906953e+03
1.7121297902e+10	2.7822661331e+03
1.7167274216e+10	2.7831415708e+03
1.7213318356e+10	2.7840170085e+03
1.7259430367e+10	2.7848924462e+03
1.7305610298e+10	2.7857678839e+03
1.7351858193e+10	2.7866433217e+03
1.7398174101e+10	2.7875187594e+03
1.7444558067e+10	2.7883941971e+03
1.7491010137e+10	2.7892696348e+03
1.7537530360e+10	2.7901450725e+03
1.7584118780e+10	2.7910205103e+03
1.7630775446e+10	2.7918959480e+03
1.7677500402e+10	2.7927713857e+03
1.7724293697e+10	2.7936468234e+03
1.7771155376e+10	2.7945222611e+03
1.7818085486e+10	2.7953976988e+03
1.7865084074e+10	2.7962731366e+03
1.7912151186e+10	2.7971485743e+03
1.7959286870e+10	2.7980240120e+03
1.8006491171e+10	2.7988994497e+03
1.8053764136e+10	2.7997748874e+03
1.8101105812e+10	2.8006503252e+03
1.8148516246e+10	2.8015257629e+03
1.8195995484e+10	2.8024012006e+03
1.8243543573e+10	2.8032766383e+03
1.8291160559e+10	2.8041520760e+03
1.8338846489e+10	2.8050275138e+03
1.8386601411e+10	2.8059029515e+03
1.8434425369e+10	2.8067783892e+03
1.8482318412e+10	2.8076538269e+03
1.8530280586e+10	2.8085292646e+03
1.8578311937e+10	2.8094047024e+03
1.8626412513e+10	2.8102801401e+03
1.8674582359e+10	2.8111555778e+03
1.8722821523e+10	2.8120310155e+03
1.8771130052e+10	2.8129064532e+03
1.8819507991e+10	2.8137818909e+03
1.8867955388e+10	2.8146573287e+03
1.8916472289e+10	2.8155327664e+03
1.8965058742e+10	2.8164082041e+03
1.9013714792e+10	2.8172836418e+03
1.9062440487e+10	2.8181590795e+03
1.9111235874e+10	2.8190345173e+03
1.9160100998e+10	2.8199099550e+03
1.9209035907e+10	2.8207853927e+03
1.9258040648e+10	2.8216608304e+03
1.9307115267e+10	2.8225362681e+03
1.9356259811e+10	2.8234117059e+03
1.9405474326e+10	2.8242871436e+03
1.9454758861e+10	2.8251625813e+03
1.9504113460e+10	2.8260380190e+03
1.9553538172e+10	2.8269134567e+03
1.9603033043e+10	2.8277888944e+03
1.9652598119e+10	2.8286643322e+03
1.9702233448e+10	2.8295397699e+03
1.9751939075e+10	2.8304152076e+03
1.9801715049e+10	2.8312906453e+03
1.9851561416e+10	2.8321660830e+03
1.9901478222e+10	2.8330415208e+03
1.9951465515e+10	2.8339169585e+03
2.0001523341e+10	2.8347923962e+03
2.0051651746e+10	2.8356678339e+03
2.0101850779e+10	2.8365432716e+03
2.0152120485e+10	2.8374187094e+03
2.0202460912e+10	2.8382941471e+03
2.0252872107e+10	2.8391695848e+03
2.0303354115e+10	2.8400450225e+03
2.0353906984e+10	2.8409204602e+03
2.0404530761e+10	2.8417958979e+03
2.0455225493e+10	2.8426713357e+03
2.0505991227e+10	2.8435467734e+03
2.0556828008e+10	2.8444222111e+03
2.0607735885e+10	2.8452976488e+03
2.0658714905e+10	2.8461730865e+03
2.0709765113e+10	2.8470485243e+03
2.0760886557e+10	2.8479239620e+03
2.0812079284e+10	2.8487993997e+03
2.0863343340e+10	2.8496748374e+03
2.0914678773e+10	2.8505502751e+03
2.0966085630e+10	2.8514257129e+03
2.1017563956e+10	2.8523011506e+03
2.1069113800e+10	2.8531765883e+03
2.1120735208e+10	2.8540520260e+03
2.1172428227e+10	2.8549274637e+03
2.1224192904e+10	2.8558029015e+03
2.1276029286e+10	2.8566783392e+03
2.1327937420e+10	2.8575537769e+03
2.1379917352e+10	2.8584292146e+03
2.1431969130e+10	2.8593046523e+03
2.1484092800e+10	2.8601800900e+03
2.1536288411e+10	2.8610555278e+03
2.1588556007e+10	2.8619309655e+03
2.1640895637e+10	2.8628064032e+03
2.1693307347e+10	2.8636818409e+03
2.1745791185e+10	2.8645572786e+03
2.1798347197e+10	2.8654327164e+03
2.1850975430e+10	2.8663081541e+03
2.1903675931e+10	2.8671835918e+03
2.1956448747e+10	2.8680590295e+03
2.2009293926e+10	2.8689344672e+03
2.2062211514e+10	2.8698099050e+03
2.2115201557e+10	2.8706853427e+03
2.2168264104e+10	2.8715607804e+03
2.2221399202e+10	2.8724362181e+03
2.2274606896e+10	2.8733116558e+03
2.2327887234e+10	2.8741870935e+03
2.2381240263e+10	2.8750625313e+03
2.2434666031e+10	2.8759379690e+03
2.2488164584e+10	2.8768134067e+03
2.2541735969e+10	2.8776888444e+03
2.2595380233e+10	2.8785642821e+03
2.2649097423e+10	2.8794397199e+03
2.2702887587e+10	2.8803151576e+03
2.2756750770e+10	2.8811905953e+03
2.2810687022e+10	2.8820660330e+03
2.2864696387e+10	2.8829414707e+03
2.2918778914e+10	2.8838169085e+03
2.2972934650e+10	2.8846923462e+03
2.3027163641e+10	2.8855677839e+03
2.3081465934e+10	2.8864432216e+03
2.3135841578e+10	2.8873186593e+03
2.3190290618e+10	2.8881940970e+03
2.3244813102e+10	2.8890695348e+03
2.3299409076e+10	2.8899449725e+03
2.3354078589e+10	2.8908204102e+03
2.3408821687e+10	2.8916958479e+03
2.3463638417e+10	2.8925712856e+03
2.3518528826e+10	2.8934467234e+03
2.3573492962e+10	2.8943221611e+03
2.3628530871e+10	2.8951975988e+03
2.3683642601e+10	2.8960730365e+03
2.3738828198e+10	2.8969484742e+03
2.3794087710e+10	2.8978239120e+03
2.3849421184e+10	2.8986993497e+03
2.3904828668e+10	2.8995747874e+03
2.3960310207e+10	2.9004502251e+03
2.4015865850e+10	2.9013256628e+03
2.4071495643e+10	2.9022011006e+03
2.4127199634e+10	2.9030765383e+03
2.4182977869e+10	2.9039519760e+03
2.4238830397e+10	2.9048274137e+03
2.4294757263e+10	2.9057028514e+03
2.4350758516e+10	2.9065782891e+03
2.4406834202e+10	2.9074537269e+03
2.4462984369e+10	2.9083291646e+03
2.4519209063e+10	2.9092046023e+03
2.4575508332e+10	2.9100800400e+03
2.4631882224e+10	2.9109554777e+03
2.4688330784e+10	2.9118309155e+03
2.4744854061e+10	2.9127063532e+03
2.4801452102e+10	2.9135817909e+03
2.4858124953e+10	2.9144572286e+03
2.4914872663e+10	2.9153326663e+03
2.4971695278e+10	2.9162081041e+03
2.5028592845e+10	2.9170835418e+03
2.5085565412e+10	2.9179589795e+03
2.5142613026e+10	2.9188344172e+03
2.5199735734e+10	2.9197098549e+03
2.5256933583e+10	2.9205852926e+03
2.5314206621e+10	2.9214607304e+03
2.5371554895e+10	2.9223361681e+03
2.5428978452e+10	2.9232116058e+03
2.5486477339e+10	2.9240870435e+03
2.5544051603e+10	2.9249624812e+03
2.5601701293e+10	2.9258379190e+03
2.5659426454e+10	2.9267133567e+03
2.5717227135e+10	2.9275887944e+03
2.5775103382e+10	2.9284642321e+03
2.5833055243e+10	2.9293396698e+03
2.5891082765e+10	2.9302151076e+03
2.5949185996e+10	2.9310905453e+03
2.6007364982e+10	2.9319659830e+03
2.6065619771e+10	2.9328414207e+03
2.6123950410e+10	2.9337168584e+03
2.6182356947e+10	2.9345922961e+03
2.6240839429e+10	2.9354677339e+03
2.6299397903e+10	2.9363431716e+03
2.6358032416e+10	2.9372186093e+03
2.6416743016e+10	2.9380940470e+03
2.6475529750e+10	2.9389694847e+03
2.6534392665e+10	2.9398449225e+03
2.6593331809e+10	2.9407203602e+03
2.6652347229e+10	2.9415957979e+03
2.6711438972e+10	2.9424712356e+03
2.6770607086e+10	2.9433466733e+03
2.6829851619e+10	2.9442221111e+03
2.6889172616e+10	2.9450975488e+03
2.6948570126e+10	2.9459729865e+03
2.7008044196e+10	2.9468484242e+03
2.7067594874e+10	2.9477238619e+03
2.7127222206e+10	2.9485992996e+03
2.7186926240e+10	2.9494747374e+03
2.7246707024e+10	2.9503501751e+03
2.7306564605e+10	2.9512256128e+03
2.7366499030e+10	2.9521010505e+03
2.7426510346e+10	2.9529764882e+03
2.7486598602e+10	2.9538519260e+03
2.7546763843e+10	2.9547273637e+03
2.7607006119e+10	2.9556028014e+03
2.7667325476e+10	2.9564782391e+03
2.7727721961e+10	2.9573536768e+03
2.7788195622e+10	2.9582291146e+03
2.7848746507e+10	2.9591045523e+03
2.7909374662e+10	2.9599799900e+03
2.7970080136e+10	2.9608554277e+03
2.8030862975e+10	2.9617308654e+03
2.8091723227e+10	2.9626063032e+03
2.8152660940e+10	2.9634817409e+03
2.8213676160e+10	2.9643571786e+03
2.8274768936e+10	2.9652326163e+03
2.8335939315e+10	2.9661080540e+03
2.8397187344e+10	2.9669834917e+03
2.8458513070e+10	2.9678589295e+03
2.8519916542e+10	2.9687343672e+03
2.8581397806e+10	2.9696098049e+03
2.8642956910e+10	2.9704852426e+03
2.8704593901e+10	2.9713606803e+03
2.8766308828e+10	2.9722361181e+03
2.8828101737e+10	2.9731115558e+03
2.8889972675e+10	2.9739869935e+03
2.8951921691e+10	2.9748624312e+03
2.9013948832e+10	2.9757378689e+03
2.9076054146e+10	2.9766133067e+03
2.9138237679e+10	2.9774887444e+03
2.9200499479e+10	2.9783641821e+03
2.9262839594e+10	2.9792396198e+03
2.9325258072e+10	2.9801150575e+03
2.9387754959e+10	2.9809904952e+03
2.9450330304e+10	2.9818659330e+03
2.9512984153e+10	2.9827413707e+03
2.9575716555e+10	2.9836168084e+03
2.9638527557e+10	2.9844922461e+03
2.9701417206e+10	2.9853676838e+03
2.9764385551e+10	2.9862431216e+03
2.9827432637e+10	2.9871185593e+03
2.9890558514e+10	2.9879939970e+03
2.9953763228e+10	2.9888694347e+03
3.0017046827e+10	2.9897448724e+03
3.0080409359e+10	2.9906203102e+03
3.0143850871e+10	2.9914957479e+03
3.0207371411e+10	2.9923711856e+03
3.0270971027e+10	2.9932466233e+03
3.0334649765e+10	2.9941220610e+03
3.0398407674e+10	2.9949974987e+03
3.0462244800e+10	2.9958729365e+03
3.0526161193e+10	2.9967483742e+03
3.0590156898e+10	2.9976238119e+03
3.0654231964e+10	2.9984992496e+03
3.0718386439e+10	2.9993746873e+03
3.0782620370e+10	3.0002501251e+03
3.0846933804e+10	3.0011255628e+03
3.0911326789e+10	3.0020010005e+03
3.0975799374e+10	3.0028764382e+03
3.1040351604e+10	3.0037518759e+03
3.1104983529e+10	3.0046273137e+03
3.1169695195e+10	3.0055027514e+03
3.1234486650e+10	3.0063781891e+03
3.1299357943e+10	3.0072536268e+03
3.1364309120e+10	3.0081290645e+03
3.1429340229e+10	3.0090045023e+03
3.1494451317e+10	3.0098799400e+03
3.1559642433e+10	3.0107553777e+03
3.1624913625e+10	3.0116308154e+03
3.1690264938e+10	3.0125062531e+03
3.1755696423e+10	3.0133816908e+03
3.1821208125e+10	3.0142571286e+03
3.1886800093e+10	3.0151325663e+03
3.1952472374e+10	3.0160080040e+03
3.2018225016e+10	3.0168834417e+03
3.2084058067e+10	3.0177588794e+03
3.2149971575e+10	3.0186343172e+03
3.2215965586e+10	3.0195097549e+03
3.2282040149e+10	3.0203851926e+03
3.2348195311e+10	3.0212606303e+03
3.2414431121e+10	3.0221360680e+03
3.2480747625e+10	3.0230115058e+03
3.2547144872e+10	3.0238869435e+03
3.2613622909e+10	3.0247623812e+03
3.2680181784e+10	3.0256378189e+03
3.2746821545e+10	3.0265132566e+03
3.2813542239e+10	3.0273886943e+03
3.2880343914e+10	3.0282641321e+03
3.2947226617e+10	3.0291395698e+03
3.3014190398e+10	3.0300150075e+03
3.3081235302e+10	3.0308904452e+03
3.3148361378e+10	3.0317658829e+03
3.3215568675e+10	3.0326413207e+03
3.3282857238e+10	3.0335167584e+03
3.3350227117e+10	3.0343921961e+03
3.3417678359e+10	3.0352676338e+03
3.3485211011e+10	3.0361430715e+03
3.3552825122e+10	3.0370185093e+03
3.3620520739e+10	3.0378939470e+03
3.3688297910e+10	3.0387693847e+03
3.3756156683e+10	3.0396448224e+03
3.3824097105e+10	3.0405202601e+03
3.3892119225e+10	3.0413956978e+03
3.3960223090e+10	3.0422711356e+03
3.4028408747e+10	3.0431465733e+03
3.4096676246e+10	3.0440220110e+03
3.4165025632e+10	3.0448974487e+03
3.4233456955e+10	3.0457728864e+03
3.4301970262e+10	3.0466483242e+03
3.4370565601e+10	3.0475237619e+03
3.4439243020e+10	3.0483991996e+03
3.4508002566e+10	3.0492746373e+03
3.4576844287e+10	3.0501500750e+03
3.4645768231e+10	3.0510255128e+03
3.4714774447e+10	3.0519009505e+03
3.4783862981e+10	3.0527763882e+03
3.4853033881e+10	3.0536518259e+03
3.4922287196e+10	3.0545272636e+03
3.4991622974e+10	3.0554027014e+03
3.5061041261e+10	3.0562781391e+03
3.5130542107e+10	3.0571535768e+03
3.5200125558e+10	3.0580290145e+03
3.5269791663e+10	3.0589044522e+03
3.5339540469e+10	3.0597798899e+03
3.5409372025e+10	3.0606553277e+03
3.5479286378e+10	3.0615307654e+03
3.5549283576e+10	3.0624062031e+03
3.5619363667e+10	3.0632816408e+03
3.5689526699e+10	3.0641570785e+03
3.5759772719e+10	3.0650325163e+03
3.5830101776e+10	3.0659079540e+03
3.5900513918e+10	3.0667833917e+03
3.5971009192e+10	3.0676588294e+03
3.6041587647e+10	3.0685342671e+03
3.6112249329e+10	3.0694097049e+03
3.6182994288e+10	3.0702851426e+03
3.6253822571e+10	3.0711605803e+03
3.6324734225e+10	3.0720360180e+03
3.6395729300e+10	3.0729114557e+03
3.6466807842e+10	3.0737868934e+03
3.6537969900e+10	3.0746623312e+03
3.6609215522e+10	3.0755377689e+03
3.6680544755e+10	3.0764132066e+03
3.6751957647e+10	3.0772886443e+03
3.6823454247e+10	3.0781640820e+03
3.6895034602e+10	3.0790395198e+03
3.6966698760e+10	3.0799149575e+03
3.7038446770e+10	3.0807903952e+03
3.7110278679e+10	3.0816658329e+03
3.7182194535e+10	3.0825412706e+03
3.7254194386e+10	3.0834167084e+03
3.7326278280e+10	3.0842921461e+03
3.7398446265e+10	3.0851675838e+03
3.7470698390e+10	3.0860430215e+03
3.7543034701e+10	3.0869184592e+03
3.7615455247e+10	3.0877938969e+03
3.7687960076e+10	3.0886693347e+03
3.7760549236e+10	3.0895447724e+03
3.7833222775e+10	3.0904202101e+03
3.7905980740e+10	3.0912956478e+03
3.7978823181e+10	3.0921710855e+03
3.8051750145e+10	3.0930465233e+03
3.8124761679e+10	3.0939219610e+03
3.8197857832e+10	3.0947973987e+03
3.8271038653e+10	3.0956728364e+03
3.8344304188e+10	3.0965482741e+03
3.8417654486e+10	3.0974237119e+03
3.8491089595e+10	3.0982991496e+03
3.8564609563e+10	3.0991745873e+03
3.8638214439e+10	3.1000500250e+03
3.8711904269e+10	3.1009254627e+03
3.8785679102e+10	3.1018009005e+03
3.8859538987e+10	3.1026763382e+03
3.8933483971e+10	3.1035517759e+03
3.9007514102e+10	3.1044272136e+03
3.9081629428e+10	3.1053026513e+03
3.9155829998e+10	3.1061780890e+03
3.9230115859e+10	3.1070535268e+03
3.9304487059e+10	3.1079289645e+03
3.9378943647e+10	3.1088044022e+03
3.9453485671e+10	3.1096798399e+03
3.9528113178e+10	3.1105552776e+03
3.9602826218e+10	3.1114307154e+03
3.9677624837e+10	3.1123061531e+03
3.9752509084e+10	3.1131815908e+03
3.9827479007e+10	3.1140570285e+03
3.9902534654e+10	3.1149324662e+03
3.9977676073e+10	3.1158079040e+03
4.0052903313e+10	3.1166833417e+03
4.0128216421e+10	3.1175587794e+03
4.0203615446e+10	3.1184342171e+03
4.0279100435e+10	3.1193096548e+03
4.0354671437e+10	3.1201850925e+03
4.0430328500e+10	3.1210605303e+03
4.0506071672e+10	3.1219359680e+03
4.0581901001e+10	3.1228114057e+03
4.0657816536e+10	3.1236868434e+03
4.0733818323e+10	3.1245622811e+03
4.0809906413e+10	3.1254377189e+03
4.0886080852e+10	3.1263131566e+03
4.0962341688e+10	3.1271885943e+03
4.1038688971e+10	3.1280640320e+03
4.1115122748e+10	3.1289394697e+03
4.1191643067e+10	3.1298149075e+03
4.1268249977e+10	3.1306903452e+03
4.1344943525e+10	3.1315657829e+03
4.1421723760e+10	3.1324412206e+03
4.1498590730e+10	3.1333166583e+03
4.1575544483e+10	3.1341920960e+03
4.1652585068e+10	3.1350675338e+03
4.1729712532e+10	3.1359429715e+03
4.1806926923e+10	3.1368184092e+03
4.1884228290e+10	3.1376938469e+03
4.1961616682e+10	3.1385692846e+03
4.2039092145e+10	3.1394447224e+03
4.2116654729e+10	3.1403201601e+03
4.2194304482e+10	3.1411955978e+03
4.2272041452e+10	3.1420710355e+03
4.2349865686e+10	3.1429464732e+03
4.2427777234e+10	3.1438219110e+03
4.2505776144e+10	3.1446973487e+03
4.2583862463e+10	3.1455727864e+03
4.2662036240e+10	3.1464482241e+03
4.2740297523e+10	3.1473236618e+03
4.2818646361e+10	3.1481990995e+03
4.2897082801e+10	3.1490745373e+03
4.2975606892e+10	3.1499499750e+03
4.3054218682e+10	3.1508254127e+03
4.3132918220e+10	3.1517008504e+03
4.3211705553e+10	3.1525762881e+03
4.3290580730e+10	3.1534517259e+03
4.3369543799e+10	3.1543271636e+03
4.3448594809e+10	3.1552026013e+03
4.3527733807e+10	3.1560780390e+03
4.3606960842e+10	3.1569534767e+03
4.3686275963e+10	3.1578289145e+03
4.3765679216e+10	3.1587043522e+03
4.3845170652e+10	3.1595797899e+03
4.3924750318e+10	3.1604552276e+03
4.4004418262e+10	3.1613306653e+03
4.4084174532e+10	3.1622061031e+03
4.4164019178e+10	3.1630815408e+03
4.4243952246e+10	3.1639569785e+03
4.4323973786e+10	3.1648324162e+03
4.4404083846e+10	3.1657078539e+03
4.4484282474e+10	3.1665832916e+03
4.4564569719e+10	3.1674587294e+03
4.4644945628e+10	3.1683341671e+03
4.4725410250e+10	3.1692096048e+03
4.4805963634e+10	3.1700850425e+03
4.4886605827e+10	3.1709604802e+03
4.4967336879e+10	3.1718359180e+03
4.5048156837e+10	3.1727113557e+03
4.5129065749e+10	3.1735867934e+03
4.5210063665e+10	3.1744622311e+03
4.5291150631e+10	3.1753376688e+03
4.5372326698e+10	3.1762131066e+03
4.5453591913e+10	3.1770885443e+03
4.5534946324e+10	3.1779639820e+03
4.5616389980e+10	3.1788394197e+03
4.5697922929e+10	3.1797148574e+03
4.5779545220e+10	3.1805902951e+03
4.5861256900e+10	3.1814657329e+03
4.5943058019e+10	3.1823411706e+03
4.6024948625e+10	3.1832166083e+03
4.6106928765e+10	3.1840920460e+03
4.6188998489e+10	3.1849674837e+03
4.6271157845e+10	3.1858429215e+03
4.6353406880e+10	3.1867183592e+03
4.6435745645e+10	3.1875937969e+03
4.6518174186e+10	3.1884692346e+03
4.6600692553e+10	3.1893446723e+03
4.6683300794e+10	3.1902201101e+03
4.6765998956e+10	3.1910955478e+03
4.6848787090e+10	3.1919709855e+03
4.6931665242e+10	3.1928464232e+03
4.7014633462e+10	3.1937218609e+03
4.7097691797e+10	3.1945972986e+03
4.7180840297e+10	3.1954727364e+03
4.7264079010e+10	3.1963481741e+03
4.7347407983e+10	3.1972236118e+03
4.7430827267e+10	3.1980990495e+03
4.7514336908e+10	3.1989744872e+03
4.7597936956e+10	3.1998499250e+03
4.7681627458e+10	3.2007253627e+03
4.7765408464e+10	3.2016008004e+03
4.7849280022e+10	3.2024762381e+03
4.7933242180e+10	3.2033516758e+03
4.8017294987e+10	3.2042271136e+03
4.8101438491e+10	3.2051025513e+03
4.8185672740e+10	3.2059779890e+03
4.8269997784e+10	3.2068534267e+03
4.8354413670e+10	3.2077288644e+03
4.8438920448e+10	3.2086043022e+03
4.8523518165e+10	3.2094797399e+03
4.8608206870e+10	3.2103551776e+03
4.8692986611e+10	3.2112306153e+03
4.8777857438e+10	3.2121060530e+03
4.8862819398e+10	3.2129814907e+03
4.8947872540e+10	3.2138569285e+03
4.9033016912e+10	3.2147323662e+03
4.9118252564e+10	3.2156078039e+03
4.9203579543e+10	3.2164832416e+03
4.9288997898e+10	3.2173586793e+03
4.9374507678e+10	3.2182341171e+03
4.9460108931e+10	3.2191095548e+03
4.9545801705e+10	3.2199849925e+03
4.9631586050e+10	3.2208604302e+03
4.9717462013e+10	3.2217358679e+03
4.9803429643e+10	3.2226113057e+03
4.9889488989e+10	3.2234867434e+03
4.9975640100e+10	3.2243621811e+03
5.0061883023e+10	3.2252376188e+03
5.0148217807e+10	3.2261130565e+03
5.0234644502e+10	3.2269884942e+03
5.0321163155e+10	3.2278639320e+03
5.0407773815e+10	3.2287393697e+03
5.0494476530e+10	3.2296148074e+03
5.0581271350e+10	3.2304902451e+03
5.0668158322e+10	3.2313656828e+03
5.0755137496e+10	3.2322411206e+03
5.0842208919e+10	3.2331165583e+03
5.0929372641e+10	3.2339919960e+03
5.1016628710e+10	3.2348674337e+03
5.1103977175e+10	3.2357428714e+03
5.1191418084e+10	3.2366183092e+03
5.1278951485e+10	3.2374937469e+03
5.1366577428e+10	3.2383691846e+03
5.1454295961e+10	3.2392446223e+03
5.1542107133e+10	3.2401200600e+03
5.1630010992e+10	3.2409954977e+03
5.1718007586e+10	3.2418709355e+03
5.1806096965e+10	3.2427463732e+03
5.1894279177e+10	3.2436218109e+03
5.1982554271e+10	3.2444972486e+03
5.2070922295e+10	3.2453726863e+03
5.2159383298e+10	3.2462481241e+03
5.2247937328e+10	3.2471235618e+03
5.2336584435e+10	3.2479989995e+03
5.2425324666e+10	3.2488744372e+03
5.2514158071e+10	3.2497498749e+03
5.2603084698e+10	3.2506253127e+03
5.2692104595e+10	3.2515007504e+03
5.2781217812e+10	3.2523761881e+03
5.2870424397e+10	3.2532516258e+03
5.2959724399e+10	3.2541270635e+03
5.3049117866e+10	3.2550025013e+03
5.3138604847e+10	3.2558779390e+03
5.3228185391e+10	3.2567533767e+03
5.3317859546e+10	3.2576288144e+03
5.3407627361e+10	3.2585042521e+03
5.3497488885e+10	3.2593796898e+03
5.3587444166e+10	3.2602551276e+03
5.3677493254e+10	3.2611305653e+03
5.3767636196e+10	3.2620060030e+03
5.3857873041e+10	3.2628814407e+03
5.3948203839e+10	3.2637568784e+03
5.4038628638e+10	3.2646323162e+03
5.4129147486e+10	3.2655077539e+03
5.4219760432e+10	3.2663831916e+03
5.4310467526e+10	3.2672586293e+03
5.4401268815e+10	3.2681340670e+03
5.4492164348e+10	3.2690095048e+03
5.4583154175e+10	3.2698849425e+03
5.4674238343e+10	3.2707603802e+03
5.4765416902e+10	3.2716358179e+03
5.4856689900e+10	3.2725112556e+03
5.4948057386e+10	3.2733866933e+03
5.5039519409e+10	3.2742621311e+03
5.5131076018e+10	3.2751375688e+03
5.5222727260e+10	3.2760130065e+03
5.5314473186e+10	3.2768884442e+03
5.5406313843e+10	3.2777638819e+03
5.5498249281e+10	3.2786393197e+03
5.5590279548e+10	3.2795147574e+03
5.5682404693e+10	3.2803901951e+03
5.5774624765e+10	3.2812656328e+03
5.5866939813e+10	3.2821410705e+03
5.5959349884e+10	3.2830165083e+03
5.6051855029e+10	3.2838919460e+03
5.6144455296e+10	3.2847673837e+03
5.6237150733e+10	3.2856428214e+03
5.6329941389e+10	3.2865182591e+03
5.6422827314e+10	3.2873936968e+03
5.6515808556e+10	3.2882691346e+03
5.6608885163e+10	3.2891445723e+03
5.6702057186e+10	3.2900200100e+03
5.6795324671e+10	3.2908954477e+03
5.6888687669e+10	3.2917708854e+03
5.6982146227e+10	3.2926463232e+03
5.7075700395e+10	3.2935217609e+03
5.7169350222e+10	3.2943971986e+03
5.7263095757e+10	3.2952726363e+03
5.7356937047e+10	3.2961480740e+03
5.7450874143e+10	3.2970235118e+03
5.7544907092e+10	3.2978989495e+03
5.7639035945e+10	3.2987743872e+03
5.7733260748e+10	3.2996498249e+03
5.7827581552e+10	3.3005252626e+03
5.7921998406e+10	3.3014007004e+03
5.8016511357e+10	3.3022761381e+03
5.8111120455e+10	3.3031515758e+03
5.8205825749e+10	3.3040270135e+03
5.8300627288e+10	3.3049024512e+03
5.8395525120e+10	3.3057778889e+03
5.8490519294e+10	3.3066533267e+03
5.8585609860e+10	3.3075287644e+03
5.8680796866e+10	3.3084042021e+03
5.8776080360e+10	3.3092796398e+03
5.8871460392e+10	3.3101550775e+03
5.8966937011e+10	3.3110305153e+03
5.9062510266e+10	3.3119059530e+03
5.9158180205e+10	3.3127813907e+03
5.9253946877e+10	3.3136568284e+03
5.9349810331e+10	3.3145322661e+03
5.9445770617e+10	3.3154077039e+03
5.9541827782e+10	3.3162831416e+03
5.9637981877e+10	3.3171585793e+03
5.9734232949e+10	3.3180340170e+03
5.9830581048e+10	3.3189094547e+03
5.9927026222e+10	3.3197848924e+03
6.0023568521e+10	3.3206603302e+03
6.0120207993e+10	3.3215357679e+03
6.0216944688e+10	3.3224112056e+03
6.0313778654e+10	3.3232866433e+03
6.0410709940e+10	3.3241620810e+03
6.0507738596e+10	3.3250375188e+03
6.0604864669e+10	3.3259129565e+03
6.0702088209e+10	3.3267883942e+03
6.0799409265e+10	3.3276638319e+03
6.0896827886e+10	3.3285392696e+03
6.0994344121e+10	3.3294147074e+03
6.1091958019e+10	3.3302901451e+03
6.1189669628e+10	3.3311655828e+03
6.1287478998e+10	3.3320410205e+03
6.1385386178e+10	3.3329164582e+03
6.1483391216e+10	3.3337918959e+03
6.1581494162e+10	3.3346673337e+03
6.1679695064e+10	3.3355427714e+03
6.1777993972e+10	3.3364182091e+03
6.1876390934e+10	3.3372936468e+03
6.1974886000e+10	3.3381690845e+03
6.2073479218e+10	3.3390445223e+03
6.2172170637e+10	3.3399199600e+03
6.2270960307e+10	3.3407953977e+03
6.2369848276e+10	3.3416708354e+03
6.2468834594e+10	3.3425462731e+03
6.2567919308e+10	3.3434217109e+03
6.2667102470e+10	3.3442971486e+03
6.2766384126e+10	3.3451725863e+03
6.2865764327e+10	3.3460480240e+03
6.2965243122e+10	3.3469234617e+03
6.3064820559e+10	3.3477988994e+03
6.3164496687e+10	3.3486743372e+03
6.3264271555e+10	3.3495497749e+03
6.3364145213e+10	3.3504252126e+03
6.3464117710e+10	3.3513006503e+03
6.3564189094e+10	3.3521760880e+03
6.3664359415e+10	3.3530515258e+03
6.3764628721e+10	3.3539269635e+03
6.3864997062e+10	3.3548024012e+03
6.3965464486e+10	3.3556778389e+03
6.4066031043e+10	3.3565532766e+03
6.4166696782e+10	3.3574287144e+03
6.4267461752e+10	3.3583041521e+03
6.4368326002e+10	3.3591795898e+03
6.4469289580e+10	3.3600550275e+03
6.4570352536e+10	3.3609304652e+03
6.4671514920e+10	3.3618059030e+03
6.4772776780e+10	3.3626813407e+03
6.4874138164e+10	3.3635567784e+03
6.4975599123e+10	3.3644322161e+03
6.5077159706e+10	3.3653076538e+03
6.5178819961e+10	3.3661830915e+03
6.5280579937e+10	3.3670585293e+03
6.5382439684e+10	3.3679339670e+03
6.5484399250e+10	3.3688094047e+03
6.5586458686e+10	3.3696848424e+03
6.5688618039e+10	3.3705602801e+03
6.5790877359e+10	3.3714357179e+03
6.5893236695e+10	3.3723111556e+03
6.5995696097e+10	3.3731865933e+03
6.6098255612e+10	3.3740620310e+03
6.6200915291e+10	3.3749374687e+03
6.6303675183e+10	3.3758129065e+03
6.6406535336e+10	3.3766883442e+03
6.6509495800e+10	3.3775637819e+03
6.6612556624e+10	3.3784392196e+03
6.6715717857e+10	3.3793146573e+03
6.6818979548e+10	3.3801900950e+03
6.6922341746e+10	3.3810655328e+03
6.7025804501e+10	3.3819409705e+03
6.7129367861e+10	3.3828164082e+03
6.7233031876e+10	3.3836918459e+03
6.7336796595e+10	3.3845672836e+03
6.7440662067e+10	3.3854427214e+03
6.7544628340e+10	3.3863181591e+03
6.7648695466e+10	3.3871935968e+03
6.7752863491e+10	3.3880690345e+03
6.7857132467e+10	3.3889444722e+03
6.7961502441e+10	3.3898199100e+03
6.8065973463e+10	3.3906953477e+03
6.8170545582e+10	3.3915707854e+03
6.8275218848e+10	3.3924462231e+03
6.8379993309e+10	3.3933216608e+03
6.8484869015e+10	3.3941970985e+03
6.8589846014e+10	3.3950725363e+03
6.8694924357e+10	3.3959479740e+03
6.8800104092e+10	3.3968234117e+03
6.8905385268e+10	3.3976988494e+03
6.9010767935e+10	3.3985742871e+03
6.9116252142e+10	3.3994497249e+03
6.9221837938e+10	3.4003251626e+03
6.9327525372e+10	3.4012006003e+03
6.9433314493e+10	3.4020760380e+03
6.9539205352e+10	3.4029514757e+03
6.9645197996e+10	3.4038269135e+03
6.9751292475e+10	3.4047023512e+03
6.9857488839e+10	3.4055777889e+03
6.9963787136e+10	3.4064532266e+03
7.0070187416e+10	3.4073286643e+03
7.0176689728e+10	3.4082041021e+03
7.0283294121e+10	3.4090795398e+03
7.0390000645e+10	3.4099549775e+03
7.0496809349e+10	3.4108304152e+03
7.0603720281e+10	3.4117058529e+03
7.0710733492e+10	3.4125812906e+03
7.0817849030e+10	3.4134567284e+03
7.0925066945e+10	3.4143321661e+03
7.1032387286e+10	3.4152076038e+03
7.1139810102e+10	3.4160830415e+03
7.1247335443e+10	3.4169584792e+03
7.1354963358e+10	3.4178339170e+03
7.1462693896e+10	3.4187093547e+03
7.1570527106e+10	3.4195847924e+03
7.1678463037e+10	3.4204602301e+03
7.1786501740e+10	3.4213356678e+03
7.1894643262e+10	3.4222111056e+03
7.2002887655e+10	3.4230865433e+03
7.2111234966e+10	3.4239619810e+03
7.2219685245e+10	3.4248374187e+03
7.2328238541e+10	3.4257128564e+03
7.2436894904e+10	3.4265882941e+03
7.2545654383e+10	3.4274637319e+03
7.2654517027e+10	3.4283391696e+03
7.2763482886e+10	3.4292146073e+03
7.2872552008e+10	3.4300900450e+03
7.2981724444e+10	3.4309654827e+03
7.3091000243e+10	3.4318409205e+03
7.3200379453e+10	3.4327163582e+03
7.3309862124e+10	3.4335917959e+03
7.3419448306e+10	3.4344672336e+03
7.3529138047e+10	3.4353426713e+03
7.3638931398e+10	3.4362181091e+03
7.3748828407e+10	3.4370935468e+03
7.3858829124e+10	3.4379689845e+03
7.3968933598e+10	3.4388444222e+03
7.4079141879e+10	3.4397198599e+03
7.4189454015e+10	3.4405952976e+03
7.4299870057e+10	3.4414707354e+03
7.4410390053e+10	3.4423461731e+03
7.4521014053e+10	3.4432216108e+03
7.4631742106e+10	3.4440970485e+03
7.4742574262e+10	3.4449724862e+03
7.4853510570e+10	3.4458479240e+03
7.4964551080e+10	3.4467233617e+03
7.5075695840e+10	3.4475987994e+03
7.5186944900e+10	3.4484742371e+03
7.5298298310e+10	3.4493496748e+03
7.5409756118e+10	3.4502251126e+03
7.5521318375e+10	3.4511005503e+03
7.5632985129e+10	3.4519759880e+03
7.5744756431e+10	3.4528514257e+03
7.5856632329e+10	3.4537268634e+03
7.5968612873e+10	3.4546023012e+03
7.6080698112e+10	3.4554777389e+03
7.6192888095e+10	3.4563531766e+03
7.6305182873e+10	3.4572286143e+03
7.6417582494e+10	3.4581040520e+03
7.6530087008e+10	3.4589794897e+03
7.6642696464e+10	3.4598549275e+03
7.6755410912e+10	3.4607303652e+03
7.6868230401e+10	3.4616058029e+03
7.6981154981e+10	3.4624812406e+03
7.7094184700e+10	3.4633566783e+03
7.7207319609e+10	3.4642321161e+03
7.7320559757e+10	3.4651075538e+03
7.7433905193e+10	3.4659829915e+03
7.7547355967e+10	3.4668584292e+03
7.7660912128e+10	3.4677338669e+03
7.7774573726e+10	3.4686093047e+03
7.7888340809e+10	3.4694847424e+03
7.8002213428e+10	3.4703601801e+03
7.8116191632e+10	3.4712356178e+03
7.8230275471e+10	3.4721110555e+03
7.8344464993e+10	3.4729864932e+03
7.8458760249e+10	3.4738619310e+03
7.8573161288e+10	3.4747373687e+03
7.8687668158e+10	3.4756128064e+03
7.8802280911e+10	3.4764882441e+03
7.8916999595e+10	3.4773636818e+03
7.9031824259e+10	3.4782391196e+03
7.9146754954e+10	3.4791145573e+03
7.9261791728e+10	3.4799899950e+03
7.9376934632e+10	3.4808654327e+03
7.9492183714e+10	3.4817408704e+03
7.9607539024e+10	3.4826163082e+03
7.9723000612e+10	3.4834917459e+03
7.9838568527e+10	3.4843671836e+03
7.9954242819e+10	3.4852426213e+03
8.0070023537e+10	3.4861180590e+03
8.0185910731e+10	3.4869934967e+03
8.0301904450e+10	3.4878689345e+03
8.0418004743e+10	3.4887443722e+03
8.0534211661e+10	3.4896198099e+03
8.0650525252e+10	3.4904952476e+03
8.0766945567e+10	3.4913706853e+03
8.0883472654e+10	3.4922461231e+03
8.1000106564e+10	3.4931215608e+03
8.1116847346e+10	3.4939969985e+03
8.1233695049e+10	3.4948724362e+03
8.1350649723e+10	3.4957478739e+03
8.1467711417e+10	3.4966233117e+03
8.1584880182e+10	3.4974987494e+03
8.1702156066e+10	3.4983741871e+03
8.1819539119e+10	3.4992496248e+03
8.1937029391e+10	3.5001250625e+03
8.2054626931e+10	3.5010005003e+03
8.2172331789e+10	3.5018759380e+03
8.2290144014e+10	3.5027513757e+03
8.2408063657e+10	3.5036268134e+03
8.2526090765e+10	3.5045022511e+03
8.2644225390e+10	3.5053776888e+03
8.2762467580e+10	3.5062531266e+03
8.2880817386e+10	3.5071285643e+03
8.2999274856e+10	3.5080040020e+03
8.3117840041e+10	3.5088794397e+03
8.3236512990e+10	3.5097548774e+03
8.3355293752e+10	3.5106303152e+03
8.3474182378e+10	3.5115057529e+03
8.3593178916e+10	3.5123811906e+03
8.3712283416e+10	3.5132566283e+03
8.3831495929e+10	3.5141320660e+03
8.3950816503e+10	3.5150075038e+03
8.4070245188e+10	3.5158829415e+03
8.4189782034e+10	3.5167583792e+03
8.4309427091e+10	3.5176338169e+03
8.4429180407e+10	3.5185092546e+03
8.4549042033e+10	3.5193846923e+03
8.4669012019e+10	3.5202601301e+03
8.4789090413e+10	3.5211355678e+03
8.4909277266e+10	3.5220110055e+03
8.5029572626e+10	3.5228864432e+03
8.5149976545e+10	3.5237618809e+03
8.5270489071e+10	3.5246373187e+03
8.5391110254e+10	3.5255127564e+03
8.5511840144e+10	3.5263881941e+03
8.5632678790e+10	3.5272636318e+03
8.5753626242e+10	3.5281390695e+03
8.5874682550e+10	3.5290145073e+03
8.5995847763e+10	3.5298899450e+03
8.6117121931e+10	3.5307653827e+03
8.6238505104e+10	3.5316408204e+03
8.6359997331e+10	3.5325162581e+03
8.6481598662e+10	3.5333916958e+03
8.6603309147e+10	3.5342671336e+03
8.6725128835e+10	3.5351425713e+03
8.6847057775e+10	3.5360180090e+03
8.6969096019e+10	3.5368934467e+03
8.7091243615e+10	3.5377688844e+03
8.7213500613e+10	3.5386443222e+03
8.7335867062e+10	3.5395197599e+03
8.7458343013e+10	3.5403951976e+03
8.7580928515e+10	3.5412706353e+03
8.7703623618e+10	3.5421460730e+03
8.7826428372e+10	3.5430215108e+03
8.7949342825e+10	3.5438969485e+03
8.8072367029e+10	3.5447723862e+03
8.8195501032e+10	3.5456478239e+03
8.8318744884e+10	3.5465232616e+03
8.8442098635e+10	3.5473986993e+03
8.8565562336e+10	3.5482741371e+03
8.8689136034e+10	3.5491495748e+03
8.8812819781e+10	3.5500250125e+03
8.8936613626e+10	3.5509004502e+03
8.9060517618e+10	3.5517758879e+03
8.9184531808e+10	3.5526513257e+03
8.9308656245e+10	3.5535267634e+03
8.9432890979e+10	3.5544022011e+03
8.9557236059e+10	3.5552776388e+03
8.9681691536e+10	3.5561530765e+03
8.9806257458e+10	3.5570285143e+03
8.9930933877e+10	3.5579039520e+03
9.0055720841e+10	3.5587793897e+03
9.0180618401e+10	3.5596548274e+03
9.0305626605e+10	3.5605302651e+03
9.0430745505e+10	3.5614057029e+03
9.0555975149e+10	3.5622811406e+03
9.0681315588e+10	3.5631565783e+03
9.0806766870e+10	3.5640320160e+03
9.0932329047e+10	3.5649074537e+03
9.1058002167e+10	3.5657828914e+03
9.1183786281e+10	3.5666583292e+03
9.1309681438e+10	3.5675337669e+03
9.1435687688e+10	3.5684092046e+03
9.1561805081e+10	3.5692846423e+03
9.1688033666e+10	3.5701600800e+03
9.1814373494e+10	3.5710355178e+03
9.1940824615e+10	3.5719109555e+03
9.2067387077e+10	3.5727863932e+03
9.2194060931e+10	3.5736618309e+03
9.2320846227e+10	3.5745372686e+03
9.2447743014e+10	3.5754127064e+03
9.2574751342e+10	3.5762881441e+03
9.2701871261e+10	3.5771635818e+03
9.2829102822e+10	3.5780390195e+03
9.2956446072e+10	3.5789144572e+03
9.3083901064e+10	3.5797898949e+03
9.3211467846e+10	3.5806653327e+03
9.3339146467e+10	3.5815407704e+03
9.3466936979e+10	3.5824162081e+03
9.3594839431e+10	3.5832916458e+03
9.3722853872e+10	3.5841670835e+03
9.3850980353e+10	3.5850425213e+03
9.3979218923e+10	3.5859179590e+03
9.4107569633e+10	3.5867933967e+03
9.4236032531e+10	3.5876688344e+03
9.4364607669e+10	3.5885442721e+03
9.4493295095e+10	3.5894197099e+03
9.4622094859e+10	3.5902951476e+03
9.4751007012e+10	3.5911705853e+03
9.4880031604e+10	3.5920460230e+03
9.5009168683e+10	3.5929214607e+03
9.5138418301e+10	3.5937968984e+03
9.5267780506e+10	3.5946723362e+03
9.5397255349e+10	3.5955477739e+03
9.5526842880e+10	3.5964232116e+03
9.5656543149e+10	3.5972986493e+03
9.5786356205e+10	3.5981740870e+03
9.5916282098e+10	3.5990495248e+03
9.6046320878e+10	3.5999249625e+03
9.6176472596e+10	3.6008004002e+03
9.6306737300e+10	3.6016758379e+03
9.6437115041e+10	3.6025512756e+03
9.6567605869e+10	3.6034267134e+03
9.6698209834e+10	3.6043021511e+03
9.6828926985e+10	3.6051775888e+03
9.6959757373e+10	3.6060530265e+03
9.7090701047e+10	3.6069284642e+03
9.7221758058e+10	3.6078039020e+03
9.7352928454e+10	3.6086793397e+03
9.7484212287e+10	3.6095547774e+03
9.7615609606e+10	3.6104302151e+03
9.7747120461e+10	3.6113056528e+03
9.7878744902e+10	3.6121810905e+03
9.8010482978e+10	3.6130565283e+03
9.8142334741e+10	3.6139319660e+03
9.8274300239e+10	3.6148074037e+03
9.8406379523e+10	3.6156828414e+03
9.8538572642e+10	3.6165582791e+03
9.8670879647e+10	3.6174337169e+03
9.8803300587e+10	3.6183091546e+03
9.8935835513e+10	3.6191845923e+03
9.9068484474e+10	3.6200600300e+03
9.9201247520e+10	3.6209354677e+03
9.9334124702e+10	3.6218109055e+03
9.9467116069e+10	3.6226863432e+03
9.9600221672e+10	3.6235617809e+03
9.9733441559e+10	3.6244372186e+03
9.9866775782e+10	3.6253126563e+03
1.0000022439e+11	3.6261880940e+03
1.0013378743e+11	3.6270635318e+03
1.0026746496e+11	3.6279389695e+03
1.0040125702e+11	3.6288144072e+03
1.0053516367e+11	3.6296898449e+03
1.0066918495e+11	3.6305652826e+03
1.0080332092e+11	3.6314407204e+03
1.0093757162e+11	3.6323161581e+03
1.0107193711e+11	3.6331915958e+03
1.0120641744e+11	3.6340670335e+03
1.0134101264e+11	3.6349424712e+03
1.0147572279e+11	3.6358179090e+03
1.0161054792e+11	3.6366933467e+03
1.0174548808e+11	3.6375687844e+03
1.0188054333e+11	3.6384442221e+03
1.0201571371e+11	3.6393196598e+03
1.0215099928e+11	3.6401950975e+03
1.0228640008e+11	3.6410705353e+03
1.0242191617e+11	3.6419459730e+03
1.0255754759e+11	3.6428214107e+03
1.0269329440e+11	3.6436968484e+03
1.0282915665e+11	3.6445722861e+03
1.0296513437e+11	3.6454477239e+03
1.0310122764e+11	3.6463231616e+03
1.0323743649e+11	3.6471985993e+03
1.0337376097e+11	3.6480740370e+03
1.0351020114e+11	3.6489494747e+03
1.0364675705e+11	3.6498249125e+03
1.0378342874e+11	3.6507003502e+03
1.0392021627e+11	3.6515757879e+03
1.0405711968e+11	3.6524512256e+03
1.0419413903e+11	3.6533266633e+03
1.0433127436e+11	3.6542021011e+03
1.0446852573e+11	3.6550775388e+03
1.0460589319e+11	3.6559529765e+03
1.0474337678e+11	3.6568284142e+03
1.0488097655e+11	3.6577038519e+03
1.0501869257e+11	3.6585792896e+03
1.0515652487e+11	3.6594547274e+03
1.0529447350e+11	3.6603301651e+03
1.0543253852e+11	3.6612056028e+03
1.0557071998e+11	3.6620810405e+03
1.0570901793e+11	3.6629564782e+03
1.0584743241e+11	3.6638319160e+03
1.0598596348e+11	3.6647073537e+03
1.0612461118e+11	3.6655827914e+03
1.0626337557e+11	3.6664582291e+03
1.0640225670e+11	3.6673336668e+03
1.0654125462e+11	3.6682091046e+03
1.0668036937e+11	3.6690845423e+03
1.0681960101e+11	3.6699599800e+03
1.0695894959e+11	3.6708354177e+03
1.0709841515e+11	3.6717108554e+03
1.0723799776e+11	3.6725862931e+03
1.0737769745e+11	3.6734617309e+03
1.0751751427e+11	3.6743371686e+03
1.0765744829e+11	3.6752126063e+03
1.0779749954e+11	3.6760880440e+03
1.0793766809e+11	3.6769634817e+03
1.0807795397e+11	3.6778389195e+03
1.0821835724e+11	3.6787143572e+03
1.0835887795e+11	3.6795897949e+03
1.0849951614e+11	3.6804652326e+03
1.0864027188e+11	3.6813406703e+03
1.0878114521e+11	3.6822161081e+03
1.0892213617e+11	3.6830915458e+03
1.0906324482e+11	3.6839669835e+03
1.0920447122e+11	3.6848424212e+03
1.0934581540e+11	3.6857178589e+03
1.0948727742e+11	3.6865932966e+03
1.0962885734e+11	3.6874687344e+03
1.0977055519e+11	3.6883441721e+03
1.0991237103e+11	3.6892196098e+03
1.1005430492e+11	3.6900950475e+03
1.1019635689e+11	3.6909704852e+03
1.1033852701e+11	3.6918459230e+03
1.1048081532e+11	3.6927213607e+03
1.1062322187e+11	3.6935967984e+03
1.1076574671e+11	3.6944722361e+03
1.1090838989e+11	3.6953476738e+03
1.1105115146e+11	3.6962231116e+03
1.1119403148e+11	3.6970985493e+03
1.1133702999e+11	3.6979739870e+03
1.1148014704e+11	3.6988494247e+03
1.1162338268e+11	3.6997248624e+03
1.1176673697e+11	3.7006003002e+03
1.1191020995e+11	3.7014757379e+03
1.1205380167e+11	3.7023511756e+03
1.1219751218e+11	3.7032266133e+03
1.1234134154e+11	3.7041020510e+03
1.1248528980e+11	3.7049774887e+03
1.1262935700e+11	3.7058529265e+03
1.1277354319e+11	3.7067283642e+03
1.1291784843e+11	3.7076038019e+03
1.1306227276e+11	3.7084792396e+03
1.1320681623e+11	3.7093546773e+03
1.1335147891e+11	3.7102301151e+03
1.1349626082e+11	3.7111055528e+03
1.1364116204e+11	3.7119809905e+03
1.1378618260e+11	3.7128564282e+03
1.1393132255e+11	3.7137318659e+03
1.1407658196e+11	3.7146073037e+03
1.1422196086e+11	3.7154827414e+03
1.1436745930e+11	3.7163581791e+03
1.1451307735e+11	3.7172336168e+03
1.1465881504e+11	3.7181090545e+03
1.1480467243e+11	3.7189844922e+03
1.1495064957e+11	3.7198599300e+03
1.1509674650e+11	3.7207353677e+03
1.1524296329e+11	3.7216108054e+03
1.1538929997e+11	3.7224862431e+03
1.1553575660e+11	3.7233616808e+03
1.1568233323e+11	3.7242371186e+03
1.1582902992e+11	3.7251125563e+03
1.1597584670e+11	3.7259879940e+03
1.1612278363e+11	3.7268634317e+03
1.1626984076e+11	3.7277388694e+03
1.1641701815e+11	3.7286143072e+03
1.1656431583e+11	3.7294897449e+03
1.1671173387e+11	3.7303651826e+03
1.1685927231e+11	3.7312406203e+03
1.1700693120e+11	3.7321160580e+03
1.1715471059e+11	3.7329914957e+03
1.1730261054e+11	3.7338669335e+03
1.1745063109e+11	3.7347423712e+03
1.1759877229e+11	3.7356178089e+03
1.1774703419e+11	3.7364932466e+03
1.1789541685e+11	3.7373686843e+03
1.1804392032e+11	3.7382441221e+03
1.1819254464e+11	3.7391195598e+03
1.1834128986e+11	3.7399949975e+03
1.1849015604e+11	3.7408704352e+03
1.1863914322e+11	3.7417458729e+03
1.1878825146e+11	3.7426213107e+03
1.1893748081e+11	3.7434967484e+03
1.1908683131e+11	3.7443721861e+03
1.1923630303e+11	3.7452476238e+03
1.1938589599e+11	3.7461230615e+03
1.1953561027e+11	3.7469984992e+03
1.1968544590e+11	3.7478739370e+03
1.1983540294e+11	3.7487493747e+03
1.1998548144e+11	3.7496248124e+03
1.2013568145e+11	3.7505002501e+03
1.2028600302e+11	3.7513756878e+03
1.2043644620e+11	3.7522511256e+03
1.2058701104e+11	3.7531265633e+03
1.2073769759e+11	3.7540020010e+03
1.2088850590e+11	3.7548774387e+03
1.2103943602e+11	3.7557528764e+03
1.2119048801e+11	3.7566283142e+03
1.2134166190e+11	3.7575037519e+03
1.2149295776e+11	3.7583791896e+03
1.2164437563e+11	3.7592546273e+03
1.2179591557e+11	3.7601300650e+03
1.2194757762e+11	3.7610055028e+03
1.2209936183e+11	3.7618809405e+03
1.2225126825e+11	3.7627563782e+03
1.2240329695e+11	3.7636318159e+03
1.2255544795e+11	3.7645072536e+03
1.2270772132e+11	3.7653826913e+03
1.2286011711e+11	3.7662581291e+03
1.2301263537e+11	3.7671335668e+03
1.2316527614e+11	3.7680090045e+03
1.2331803948e+11	3.7688844422e+03
1.2347092543e+11	3.7697598799e+03
1.2362393406e+11	3.7706353177e+03
1.2377706540e+11	3.7715107554e+03
1.2393031951e+11	3.7723861931e+03
1.2408369644e+11	3.7732616308e+03
1.2423719624e+11	3.7741370685e+03
1.2439081896e+11	3.7750125063e+03
1.2454456466e+11	3.7758879440e+03
1.2469843337e+11	3.7767633817e+03
1.2485242515e+11	3.7776388194e+03
1.2500654006e+11	3.7785142571e+03
1.2516077814e+11	3.7793896948e+03
1.2531513944e+11	3.7802651326e+03
1.2546962402e+11	3.7811405703e+03
1.2562423191e+11	3.7820160080e+03
1.2577896319e+11	3.7828914457e+03
1.2593381789e+11	3.7837668834e+03
1.2608879606e+11	3.7846423212e+03
1.2624389776e+11	3.7855177589e+03
1.2639912303e+11	3.7863931966e+03
1.2655447193e+11	3.7872686343e+03
1.2670994451e+11	3.7881440720e+03
1.2686554082e+11	3.7890195098e+03
1.2702126090e+11	3.7898949475e+03
1.2717710481e+11	3.7907703852e+03
1.2733307260e+11	3.7916458229e+03
1.2748916432e+11	3.7925212606e+03
1.2764538002e+11	3.7933966983e+03
1.2780171975e+11	3.7942721361e+03
1.2795818357e+11	3.7951475738e+03
1.2811477151e+11	3.7960230115e+03
1.2827148363e+11	3.7968984492e+03
1.2842831999e+11	3.7977738869e+03
1.2858528063e+11	3.7986493247e+03
1.2874236561e+11	3.7995247624e+03
1.2889957496e+11	3.8004002001e+03
1.2905690875e+11	3.8012756378e+03
1.2921436703e+11	3.8021510755e+03
1.2937194984e+11	3.8030265133e+03
1.2952965724e+11	3.8039019510e+03
1.2968748928e+11	3.8047773887e+03
1.2984544600e+11	3.8056528264e+03
1.3000352746e+11	3.8065282641e+03
1.3016173370e+11	3.8074037019e+03
1.3032006479e+11	3.8082791396e+03
1.3047852077e+11	3.8091545773e+03
1.3063710168e+11	3.8100300150e+03
1.3079580759e+11	3.8109054527e+03
1.3095463853e+11	3.8117808904e+03
1.3111359457e+11	3.8126563282e+03
1.3127267575e+11	3.8135317659e+03
1.3143188212e+11	3.8144072036e+03
1.3159121373e+11	3.8152826413e+03
1.3175067064e+11	3.8161580790e+03
1.3191025289e+11	3.8170335168e+03
1.3206996054e+11	3.8179089545e+03
1.3222979363e+11	3.8187843922e+03
1.3238975222e+11	3.8196598299e+03
1.3254983635e+11	3.8205352676e+03
1.3271004608e+11	3.8214107054e+03
1.3287038146e+11	3.8222861431e+03
1.3303084253e+11	3.8231615808e+03
1.3319142936e+11	3.8240370185e+03
1.3335214198e+11	3.8249124562e+03
1.3351298045e+11	3.8257878939e+03
1.3367394483e+11	3.8266633317e+03
1.3383503515e+11	3.8275387694e+03
1.3399625148e+11	3.8284142071e+03
1.3415759386e+11	3.8292896448e+03
1.3431906234e+11	3.8301650825e+03
1.3448065697e+11	3.8310405203e+03
1.3464237781e+11	3.8319159580e+03
1.3480422490e+11	3.8327913957e+03
1.3496619830e+11	3.8336668334e+03
1.3512829805e+11	3.8345422711e+03
1.3529052421e+11	3.8354177089e+03
1.3545287683e+11	3.8362931466e+03
1.3561535595e+11	3.8371685843e+03
1.3577796163e+11	3.8380440220e+03
1.3594069393e+11	3.8389194597e+03
1.3610355288e+11	3.8397948974e+03
1.3626653854e+11	3.8406703352e+03
1.3642965096e+11	3.8415457729e+03
1.3659289019e+11	3.8424212106e+03
1.3675625628e+11	3.8432966483e+03
1.3691974929e+11	3.8441720860e+03
1.3708336926e+11	3.8450475238e+03
1.3724711625e+11	3.8459229615e+03
1.3741099029e+11	3.8467983992e+03
1.3757499146e+11	3.8476738369e+03
1.3773911979e+11	3.8485492746e+03
1.3790337533e+11	3.8494247124e+03
1.3806775815e+11	3.8503001501e+03
1.3823226828e+11	3.8511755878e+03
1.3839690578e+11	3.8520510255e+03
1.3856167070e+11	3.8529264632e+03
1.3872656308e+11	3.8538019010e+03
1.3889158299e+11	3.8546773387e+03
1.3905673047e+11	3.8555527764e+03
1.3922200557e+11	3.8564282141e+03
1.3938740835e+11	3.8573036518e+03
1.3955293884e+11	3.8581790895e+03
1.3971859711e+11	3.8590545273e+03
1.3988438321e+11	3.8599299650e+03
1.4005029718e+11	3.8608054027e+03
1.4021633907e+11	3.8616808404e+03
1.4038250895e+11	3.8625562781e+03
1.4054880685e+11	3.8634317159e+03
1.4071523282e+11	3.8643071536e+03
1.4088178693e+11	3.8651825913e+03
1.4104846922e+11	3.8660580290e+03
1.4121527973e+11	3.8669334667e+03
1.4138221853e+11	3.8678089045e+03
1.4154928565e+11	3.8686843422e+03
1.4171648116e+11	3.8695597799e+03
1.4188380511e+11	3.8704352176e+03
1.4205125753e+11	3.8713106553e+03
1.4221883849e+11	3.8721860930e+03
1.4238654804e+11	3.8730615308e+03
1.4255438622e+11	3.8739369685e+03
1.4272235309e+11	3.8748124062e+03
1.4289044869e+11	3.8756878439e+03
1.4305867308e+11	3.8765632816e+03
1.4322702631e+11	3.8774387194e+03
1.4339550843e+11	3.8783141571e+03
1.4356411949e+11	3.8791895948e+03
1.4373285954e+11	3.8800650325e+03
1.4390172864e+11	3.8809404702e+03
1.4407072682e+11	3.8818159080e+03
1.4423985415e+11	3.8826913457e+03
1.4440911067e+11	3.8835667834e+03
1.4457849644e+11	3.8844422211e+03
1.4474801150e+11	3.8853176588e+03
1.4491765591e+11	3.8861930965e+03
1.4508742971e+11	3.8870685343e+03
1.4525733296e+11	3.8879439720e+03
1.4542736571e+11	3.8888194097e+03
1.4559752801e+11	3.8896948474e+03
1.4576781991e+11	3.8905702851e+03
1.4593824146e+11	3.8914457229e+03
1.4610879271e+11	3.8923211606e+03
1.4627947372e+11	3.8931965983e+03
1.4645028452e+11	3.8940720360e+03
1.4662122518e+11	3.8949474737e+03
1.4679229575e+11	3.8958229115e+03
1.4696349627e+11	3.8966983492e+03
1.4713482679e+11	3.8975737869e+03
1.4730628738e+11	3.8984492246e+03
1.4747787807e+11	3.8993246623e+03
1.4764959892e+11	3.9002001001e+03
1.4782144997e+11	3.9010755378e+03
1.4799343129e+11	3.9019509755e+03
1.4816554292e+11	3.9028264132e+03
1.4833778491e+11	3.9037018509e+03
1.4851015732e+11	3.9045772886e+03
1.4868266018e+11	3.9054527264e+03
1.4885529356e+11	3.9063281641e+03
1.4902805751e+11	3.9072036018e+03
1.4920095207e+11	3.9080790395e+03
1.4937397730e+11	3.9089544772e+03
1.4954713325e+11	3.9098299150e+03
1.4972041996e+11	3.9107053527e+03
1.4989383749e+11	3.9115807904e+03
1.5006738590e+11	3.9124562281e+03
1.5024106522e+11	3.9133316658e+03
1.5041487551e+11	3.9142071036e+03
1.5058881683e+11	3.9150825413e+03
1.5076288922e+11	3.9159579790e+03
1.5093709274e+11	3.9168334167e+03
1.5111142743e+11	3.9177088544e+03
1.5128589334e+11	3.9185842921e+03
1.5146049053e+11	3.9194597299e+03
1.5163521905e+11	3.9203351676e+03
1.5181007895e+11	3.9212106053e+03
1.5198507028e+11	3.9220860430e+03
1.5216019309e+11	3.9229614807e+03
1.5233544742e+11	3.9238369185e+03
1.5251083334e+11	3.9247123562e+03
1.5268635090e+11	3.9255877939e+03
1.5286200013e+11	3.9264632316e+03
1.5303778110e+11	3.9273386693e+03
1.5321369386e+11	3.9282141071e+03
1.5338973845e+11	3.9290895448e+03
1.5356591493e+11	3.9299649825e+03
1.5374222334e+11	3.9308404202e+03
1.5391866375e+11	3.9317158579e+03
1.5409523619e+11	3.9325912956e+03
1.5427194073e+11	3.9334667334e+03
1.5444877740e+11	3.9343421711e+03
1.5462574627e+11	3.9352176088e+03
1.5480284739e+11	3.9360930465e+03
1.5498008079e+11	3.9369684842e+03
1.5515744654e+11	3.9378439220e+03
1.5533494469e+11	3.9387193597e+03
1.5551257529e+11	3.9395947974e+03
1.5569033838e+11	3.9404702351e+03
1.5586823402e+11	3.9413456728e+03
1.5604626226e+11	3.9422211106e+03
1.5622442315e+11	3.9430965483e+03
1.5640271674e+11	3.9439719860e+03
1.5658114308e+11	3.9448474237e+03
1.5675970223e+11	3.9457228614e+03
1.5693839423e+11	3.9465982991e+03
1.5711721914e+11	3.9474737369e+03
1.5729617700e+11	3.9483491746e+03
1.5747526787e+11	3.9492246123e+03
1.5765449180e+11	3.9501000500e+03
1.5783384884e+11	3.9509754877e+03
1.5801333903e+11	3.9518509255e+03
1.5819296244e+11	3.9527263632e+03
1.5837271911e+11	3.9536018009e+03
1.5855260909e+11	3.9544772386e+03
1.5873263243e+11	3.9553526763e+03
1.5891278919e+11	3.9562281141e+03
1.5909307942e+11	3.9571035518e+03
1.5927350316e+11	3.9579789895e+03
1.5945406047e+11	3.9588544272e+03
1.5963475139e+11	3.9597298649e+03
1.5981557599e+11	3.9606053027e+03
1.5999653430e+11	3.9614807404e+03
1.6017762639e+11	3.9623561781e+03
1.6035885230e+11	3.9632316158e+03
1.6054021208e+11	3.9641070535e+03
1.6072170579e+11	3.9649824912e+03
1.6090333347e+11	3.9658579290e+03
1.6108509518e+11	3.9667333667e+03
1.6126699096e+11	3.9676088044e+03
1.6144902088e+11	3.9684842421e+03
1.6163118497e+11	3.9693596798e+03
1.6181348329e+11	3.9702351176e+03
1.6199591590e+11	3.9711105553e+03
1.6217848283e+11	3.9719859930e+03
1.6236118415e+11	3.9728614307e+03
1.6254401990e+11	3.9737368684e+03
1.6272699014e+11	3.9746123062e+03
1.6291009491e+11	3.9754877439e+03
1.6309333427e+11	3.9763631816e+03
1.6327670827e+11	3.9772386193e+03
1.6346021696e+11	3.9781140570e+03
1.6364386039e+11	3.9789894947e+03
1.6382763861e+11	3.9798649325e+03
1.6401155167e+11	3.9807403702e+03
1.6419559962e+11	3.9816158079e+03
1.6437978252e+11	3.9824912456e+03
1.6456410041e+11	3.9833666833e+03
1.6474855335e+11	3.9842421211e+03
1.6493314139e+11	3.9851175588e+03
1.6511786457e+11	3.9859929965e+03
1.6530272296e+11	3.9868684342e+03
1.6548771659e+11	3.9877438719e+03
1.6567284553e+11	3.9886193097e+03
1.6585810982e+11	3.9894947474e+03
1.6604350951e+11	3.9903701851e+03
1.6622904465e+11	3.9912456228e+03
1.6641471531e+11	3.9921210605e+03
1.6660052151e+11	3.9929964982e+03
1.6678646333e+11	3.9938719360e+03
1.6697254081e+11	3.9947473737e+03
1.6715875399e+11	3.9956228114e+03
1.6734510294e+11	3.9964982491e+03
1.6753158769e+11	3.9973736868e+03
1.6771820831e+11	3.9982491246e+03
1.6790496485e+11	3.9991245623e+03
1.6809185735e+11	4.0000000000e+03
