# SiC (rock-salt structure) EOS
# low-density (below 7000.826816 kg/m^3) data come from Miozzi et al. (2018)
# high-density (above 7000.826816 kg/m^3) data come from Wilson & Militzer (2014)
# Pressure (Pa)	Density (kg/m^3)
1.0000000000e+00	4.0169516992e+03
2.4112082837e+08	4.0199385612e+03
4.8265355490e+08	4.0229254232e+03
7.2459806562e+08	4.0259122851e+03
9.6695424646e+08	4.0288991471e+03
1.2097219833e+09	4.0318860091e+03
1.4529011618e+09	4.0348728711e+03
1.6964916677e+09	4.0378597331e+03
1.9404933866e+09	4.0408465950e+03
2.1849062039e+09	4.0438334570e+03
2.4297300052e+09	4.0468203190e+03
2.6749646756e+09	4.0498071810e+03
2.9206101006e+09	4.0527940430e+03
3.1666661651e+09	4.0557809049e+03
3.4131327544e+09	4.0587677669e+03
3.6600097534e+09	4.0617546289e+03
3.9072970470e+09	4.0647414909e+03
4.1549945201e+09	4.0677283529e+03
4.4031020574e+09	4.0707152148e+03
4.6516195436e+09	4.0737020768e+03
4.9005468633e+09	4.0766889388e+03
5.1498839011e+09	4.0796758008e+03
5.3996305412e+09	4.0826626627e+03
5.6497866682e+09	4.0856495247e+03
5.9003521663e+09	4.0886363867e+03
6.1513269197e+09	4.0916232487e+03
6.4027108126e+09	4.0946101107e+03
6.6545037289e+09	4.0975969726e+03
6.9067055528e+09	4.1005838346e+03
7.1593161680e+09	4.1035706966e+03
7.4123354584e+09	4.1065575586e+03
7.6657633077e+09	4.1095444206e+03
7.9195995998e+09	4.1125312825e+03
8.1738442180e+09	4.1155181445e+03
8.4284970461e+09	4.1185050065e+03
8.6835579675e+09	4.1214918685e+03
8.9390268655e+09	4.1244787305e+03
9.1949036235e+09	4.1274655924e+03
9.4511881247e+09	4.1304524544e+03
9.7078802523e+09	4.1334393164e+03
9.9649798894e+09	4.1364261784e+03
1.0222486919e+10	4.1394130403e+03
1.0480401224e+10	4.1423999023e+03
1.0738722688e+10	4.1453867643e+03
1.0997451193e+10	4.1483736263e+03
1.1256586622e+10	4.1513604883e+03
1.1516128858e+10	4.1543473502e+03
1.1776077783e+10	4.1573342122e+03
1.2036433281e+10	4.1603210742e+03
1.2297195232e+10	4.1633079362e+03
1.2558363521e+10	4.1662947982e+03
1.2819938029e+10	4.1692816601e+03
1.3081918638e+10	4.1722685221e+03
1.3344305232e+10	4.1752553841e+03
1.3607097691e+10	4.1782422461e+03
1.3870295899e+10	4.1812291081e+03
1.4133899737e+10	4.1842159700e+03
1.4397909087e+10	4.1872028320e+03
1.4662323831e+10	4.1901896940e+03
1.4927143852e+10	4.1931765560e+03
1.5192369030e+10	4.1961634179e+03
1.5457999248e+10	4.1991502799e+03
1.5724034387e+10	4.2021371419e+03
1.5990474329e+10	4.2051240039e+03
1.6257318956e+10	4.2081108659e+03
1.6524568149e+10	4.2110977278e+03
1.6792221789e+10	4.2140845898e+03
1.7060279758e+10	4.2170714518e+03
1.7328741938e+10	4.2200583138e+03
1.7597608209e+10	4.2230451758e+03
1.7866878453e+10	4.2260320377e+03
1.8136552551e+10	4.2290188997e+03
1.8406630384e+10	4.2320057617e+03
1.8677111833e+10	4.2349926237e+03
1.8947996780e+10	4.2379794857e+03
1.9219285104e+10	4.2409663476e+03
1.9490976688e+10	4.2439532096e+03
1.9763071412e+10	4.2469400716e+03
2.0035569156e+10	4.2499269336e+03
2.0308469802e+10	4.2529137955e+03
2.0581773230e+10	4.2559006575e+03
2.0855479321e+10	4.2588875195e+03
2.1129587955e+10	4.2618743815e+03
2.1404099013e+10	4.2648612435e+03
2.1679012376e+10	4.2678481054e+03
2.1954327923e+10	4.2708349674e+03
2.2230045536e+10	4.2738218294e+03
2.2506165095e+10	4.2768086914e+03
2.2782686479e+10	4.2797955534e+03
2.3059609569e+10	4.2827824153e+03
2.3336934246e+10	4.2857692773e+03
2.3614660390e+10	4.2887561393e+03
2.3892787880e+10	4.2917430013e+03
2.4171316596e+10	4.2947298633e+03
2.4450246420e+10	4.2977167252e+03
2.4729577230e+10	4.3007035872e+03
2.5009308906e+10	4.3036904492e+03
2.5289441329e+10	4.3066773112e+03
2.5569974379e+10	4.3096641731e+03
2.5850907934e+10	4.3126510351e+03
2.6132241875e+10	4.3156378971e+03
2.6413976081e+10	4.3186247591e+03
2.6696110433e+10	4.3216116211e+03
2.6978644809e+10	4.3245984830e+03
2.7261579090e+10	4.3275853450e+03
2.7544913155e+10	4.3305722070e+03
2.7828646882e+10	4.3335590690e+03
2.8112780153e+10	4.3365459310e+03
2.8397312845e+10	4.3395327929e+03
2.8682244840e+10	4.3425196549e+03
2.8967576014e+10	4.3455065169e+03
2.9253306249e+10	4.3484933789e+03
2.9539435424e+10	4.3514802409e+03
2.9825963416e+10	4.3544671028e+03
3.0112890107e+10	4.3574539648e+03
3.0400215374e+10	4.3604408268e+03
3.0687939097e+10	4.3634276888e+03
3.0976061155e+10	4.3664145507e+03
3.1264581427e+10	4.3694014127e+03
3.1553499792e+10	4.3723882747e+03
3.1842816128e+10	4.3753751367e+03
3.2132530315e+10	4.3783619987e+03
3.2422642232e+10	4.3813488606e+03
3.2713151757e+10	4.3843357226e+03
3.3004058769e+10	4.3873225846e+03
3.3295363147e+10	4.3903094466e+03
3.3587064770e+10	4.3932963086e+03
3.3879163516e+10	4.3962831705e+03
3.4171659263e+10	4.3992700325e+03
3.4464551892e+10	4.4022568945e+03
3.4757841279e+10	4.4052437565e+03
3.5051527304e+10	4.4082306185e+03
3.5345609845e+10	4.4112174804e+03
3.5640088781e+10	4.4142043424e+03
3.5934963990e+10	4.4171912044e+03
3.6230235350e+10	4.4201780664e+03
3.6525902741e+10	4.4231649283e+03
3.6821966039e+10	4.4261517903e+03
3.7118425124e+10	4.4291386523e+03
3.7415279874e+10	4.4321255143e+03
3.7712530167e+10	4.4351123763e+03
3.8010175881e+10	4.4380992382e+03
3.8308216894e+10	4.4410861002e+03
3.8606653086e+10	4.4440729622e+03
3.8905484333e+10	4.4470598242e+03
3.9204710514e+10	4.4500466862e+03
3.9504331507e+10	4.4530335481e+03
3.9804347190e+10	4.4560204101e+03
4.0104757441e+10	4.4590072721e+03
4.0405562138e+10	4.4619941341e+03
4.0706761159e+10	4.4649809960e+03
4.1008354382e+10	4.4679678580e+03
4.1310341685e+10	4.4709547200e+03
4.1612722946e+10	4.4739415820e+03
4.1915498042e+10	4.4769284440e+03
4.2218666852e+10	4.4799153059e+03
4.2522229253e+10	4.4829021679e+03
4.2826185123e+10	4.4858890299e+03
4.3130534340e+10	4.4888758919e+03
4.3435276782e+10	4.4918627539e+03
4.3740412325e+10	4.4948496158e+03
4.4045940849e+10	4.4978364778e+03
4.4351862230e+10	4.5008233398e+03
4.4658176347e+10	4.5038102018e+03
4.4964883077e+10	4.5067970638e+03
4.5271982297e+10	4.5097839257e+03
4.5579473885e+10	4.5127707877e+03
4.5887357718e+10	4.5157576497e+03
4.6195633675e+10	4.5187445117e+03
4.6504301633e+10	4.5217313736e+03
4.6813361468e+10	4.5247182356e+03
4.7122813059e+10	4.5277050976e+03
4.7432656283e+10	4.5306919596e+03
4.7742891018e+10	4.5336788216e+03
4.8053517141e+10	4.5366656835e+03
4.8364534528e+10	4.5396525455e+03
4.8675943058e+10	4.5426394075e+03
4.8987742609e+10	4.5456262695e+03
4.9299933056e+10	4.5486131315e+03
4.9612514278e+10	4.5515999934e+03
4.9925486152e+10	4.5545868554e+03
5.0238848555e+10	4.5575737174e+03
5.0552601365e+10	4.5605605794e+03
5.0866744458e+10	4.5635474414e+03
5.1181277711e+10	4.5665343033e+03
5.1496201003e+10	4.5695211653e+03
5.1811514210e+10	4.5725080273e+03
5.2127217210e+10	4.5754948893e+03
5.2443309878e+10	4.5784817512e+03
5.2759792094e+10	4.5814686132e+03
5.3076663733e+10	4.5844554752e+03
5.3393924673e+10	4.5874423372e+03
5.3711574791e+10	4.5904291992e+03
5.4029613964e+10	4.5934160611e+03
5.4348042069e+10	4.5964029231e+03
5.4666858984e+10	4.5993897851e+03
5.4986064584e+10	4.6023766471e+03
5.5305658747e+10	4.6053635091e+03
5.5625641351e+10	4.6083503710e+03
5.5946012271e+10	4.6113372330e+03
5.6266771386e+10	4.6143240950e+03
5.6587918572e+10	4.6173109570e+03
5.6909453706e+10	4.6202978190e+03
5.7231376664e+10	4.6232846809e+03
5.7553687325e+10	4.6262715429e+03
5.7876385564e+10	4.6292584049e+03
5.8199471259e+10	4.6322452669e+03
5.8522944286e+10	4.6352321288e+03
5.8846804522e+10	4.6382189908e+03
5.9171051845e+10	4.6412058528e+03
5.9495686131e+10	4.6441927148e+03
5.9820707257e+10	4.6471795768e+03
6.0146115100e+10	4.6501664387e+03
6.0471909536e+10	4.6531533007e+03
6.0798090443e+10	4.6561401627e+03
6.1124657696e+10	4.6591270247e+03
6.1451611174e+10	4.6621138867e+03
6.1778950752e+10	4.6651007486e+03
6.2106676308e+10	4.6680876106e+03
6.2434787719e+10	4.6710744726e+03
6.2763284860e+10	4.6740613346e+03
6.3092167609e+10	4.6770481966e+03
6.3421435842e+10	4.6800350585e+03
6.3751089437e+10	4.6830219205e+03
6.4081128270e+10	4.6860087825e+03
6.4411552217e+10	4.6889956445e+03
6.4742361156e+10	4.6919825064e+03
6.5073554963e+10	4.6949693684e+03
6.5405133514e+10	4.6979562304e+03
6.5737096687e+10	4.7009430924e+03
6.6069444359e+10	4.7039299544e+03
6.6402176405e+10	4.7069168163e+03
6.6735292702e+10	4.7099036783e+03
6.7068793128e+10	4.7128905403e+03
6.7402677558e+10	4.7158774023e+03
6.7736945870e+10	4.7188642643e+03
6.8071597940e+10	4.7218511262e+03
6.8406633644e+10	4.7248379882e+03
6.8742052860e+10	4.7278248502e+03
6.9077855465e+10	4.7308117122e+03
6.9414041333e+10	4.7337985742e+03
6.9750610343e+10	4.7367854361e+03
7.0087562371e+10	4.7397722981e+03
7.0424897293e+10	4.7427591601e+03
7.0762614987e+10	4.7457460221e+03
7.1100715328e+10	4.7487328840e+03
7.1439198194e+10	4.7517197460e+03
7.1778063460e+10	4.7547066080e+03
7.2117311004e+10	4.7576934700e+03
7.2456940703e+10	4.7606803320e+03
7.2796952432e+10	4.7636671939e+03
7.3137346068e+10	4.7666540559e+03
7.3478121488e+10	4.7696409179e+03
7.3819278569e+10	4.7726277799e+03
7.4160817187e+10	4.7756146419e+03
7.4502737219e+10	4.7786015038e+03
7.4845038541e+10	4.7815883658e+03
7.5187721030e+10	4.7845752278e+03
7.5530784563e+10	4.7875620898e+03
7.5874229016e+10	4.7905489518e+03
7.6218054265e+10	4.7935358137e+03
7.6562260188e+10	4.7965226757e+03
7.6906846661e+10	4.7995095377e+03
7.7251813560e+10	4.8024963997e+03
7.7597160762e+10	4.8054832616e+03
7.7942888144e+10	4.8084701236e+03
7.8288995582e+10	4.8114569856e+03
7.8635482953e+10	4.8144438476e+03
7.8982350134e+10	4.8174307096e+03
7.9329597000e+10	4.8204175715e+03
7.9677223429e+10	4.8234044335e+03
8.0025229298e+10	4.8263912955e+03
8.0373614483e+10	4.8293781575e+03
8.0722378860e+10	4.8323650195e+03
8.1071522306e+10	4.8353518814e+03
8.1421044698e+10	4.8383387434e+03
8.1770945912e+10	4.8413256054e+03
8.2121225825e+10	4.8443124674e+03
8.2471884314e+10	4.8472993294e+03
8.2822921255e+10	4.8502861913e+03
8.3174336525e+10	4.8532730533e+03
8.3526130001e+10	4.8562599153e+03
8.3878301558e+10	4.8592467773e+03
8.4230851075e+10	4.8622336392e+03
8.4583778427e+10	4.8652205012e+03
8.4937083491e+10	4.8682073632e+03
8.5290766144e+10	4.8711942252e+03
8.5644826262e+10	4.8741810872e+03
8.5999263722e+10	4.8771679491e+03
8.6354078401e+10	4.8801548111e+03
8.6709270176e+10	4.8831416731e+03
8.7064838923e+10	4.8861285351e+03
8.7420784519e+10	4.8891153971e+03
8.7777106840e+10	4.8921022590e+03
8.8133805764e+10	4.8950891210e+03
8.8490881166e+10	4.8980759830e+03
8.8848332925e+10	4.9010628450e+03
8.9206160915e+10	4.9040497070e+03
8.9564365015e+10	4.9070365689e+03
8.9922945101e+10	4.9100234309e+03
9.0281901050e+10	4.9130102929e+03
9.0641232738e+10	4.9159971549e+03
9.1000940042e+10	4.9189840168e+03
9.1361022839e+10	4.9219708788e+03
9.1721481006e+10	4.9249577408e+03
9.2082314420e+10	4.9279446028e+03
9.2443522957e+10	4.9309314648e+03
9.2805106493e+10	4.9339183267e+03
9.3167064907e+10	4.9369051887e+03
9.3529398075e+10	4.9398920507e+03
9.3892105874e+10	4.9428789127e+03
9.4255188179e+10	4.9458657747e+03
9.4618644870e+10	4.9488526366e+03
9.4982475821e+10	4.9518394986e+03
9.5346680910e+10	4.9548263606e+03
9.5711260015e+10	4.9578132226e+03
9.6076213011e+10	4.9608000846e+03
9.6441539776e+10	4.9637869465e+03
9.6807240186e+10	4.9667738085e+03
9.7173314119e+10	4.9697606705e+03
9.7539761452e+10	4.9727475325e+03
9.7906582061e+10	4.9757343944e+03
9.8273775823e+10	4.9787212564e+03
9.8641342616e+10	4.9817081184e+03
9.9009282316e+10	4.9846949804e+03
9.9377594801e+10	4.9876818424e+03
9.9746279947e+10	4.9906687043e+03
1.0011533763e+11	4.9936555663e+03
1.0048476773e+11	4.9966424283e+03
1.0085457012e+11	4.9996292903e+03
1.0122474468e+11	5.0026161523e+03
1.0159529129e+11	5.0056030142e+03
1.0196620982e+11	5.0085898762e+03
1.0233750016e+11	5.0115767382e+03
1.0270916217e+11	5.0145636002e+03
1.0308119573e+11	5.0175504622e+03
1.0345360073e+11	5.0205373241e+03
1.0382637703e+11	5.0235241861e+03
1.0419952453e+11	5.0265110481e+03
1.0457304308e+11	5.0294979101e+03
1.0494693258e+11	5.0324847720e+03
1.0532119289e+11	5.0354716340e+03
1.0569582390e+11	5.0384584960e+03
1.0607082548e+11	5.0414453580e+03
1.0644619751e+11	5.0444322200e+03
1.0682193987e+11	5.0474190819e+03
1.0719805243e+11	5.0504059439e+03
1.0757453508e+11	5.0533928059e+03
1.0795138768e+11	5.0563796679e+03
1.0832861012e+11	5.0593665299e+03
1.0870620227e+11	5.0623533918e+03
1.0908416401e+11	5.0653402538e+03
1.0946249522e+11	5.0683271158e+03
1.0984119577e+11	5.0713139778e+03
1.1022026555e+11	5.0743008398e+03
1.1059970443e+11	5.0772877017e+03
1.1097951228e+11	5.0802745637e+03
1.1135968899e+11	5.0832614257e+03
1.1174023443e+11	5.0862482877e+03
1.1212114848e+11	5.0892351496e+03
1.1250243102e+11	5.0922220116e+03
1.1288408193e+11	5.0952088736e+03
1.1326610107e+11	5.0981957356e+03
1.1364848834e+11	5.1011825976e+03
1.1403124360e+11	5.1041694595e+03
1.1441436674e+11	5.1071563215e+03
1.1479785763e+11	5.1101431835e+03
1.1518171615e+11	5.1131300455e+03
1.1556594218e+11	5.1161169075e+03
1.1595053560e+11	5.1191037694e+03
1.1633549627e+11	5.1220906314e+03
1.1672082409e+11	5.1250774934e+03
1.1710651893e+11	5.1280643554e+03
1.1749258066e+11	5.1310512174e+03
1.1787900917e+11	5.1340380793e+03
1.1826580433e+11	5.1370249413e+03
1.1865296601e+11	5.1400118033e+03
1.1904049411e+11	5.1429986653e+03
1.1942838849e+11	5.1459855272e+03
1.1981664903e+11	5.1489723892e+03
1.2020527561e+11	5.1519592512e+03
1.2059426811e+11	5.1549461132e+03
1.2098362641e+11	5.1579329752e+03
1.2137335038e+11	5.1609198371e+03
1.2176343991e+11	5.1639066991e+03
1.2215389486e+11	5.1668935611e+03
1.2254471512e+11	5.1698804231e+03
1.2293590057e+11	5.1728672851e+03
1.2332745108e+11	5.1758541470e+03
1.2371936654e+11	5.1788410090e+03
1.2411164681e+11	5.1818278710e+03
1.2450429178e+11	5.1848147330e+03
1.2489730133e+11	5.1878015950e+03
1.2529067533e+11	5.1907884569e+03
1.2568441367e+11	5.1937753189e+03
1.2607851621e+11	5.1967621809e+03
1.2647298285e+11	5.1997490429e+03
1.2686781345e+11	5.2027359048e+03
1.2726300789e+11	5.2057227668e+03
1.2765856606e+11	5.2087096288e+03
1.2805448783e+11	5.2116964908e+03
1.2845077308e+11	5.2146833528e+03
1.2884742169e+11	5.2176702147e+03
1.2924443354e+11	5.2206570767e+03
1.2964180850e+11	5.2236439387e+03
1.3003954645e+11	5.2266308007e+03
1.3043764727e+11	5.2296176627e+03
1.3083611085e+11	5.2326045246e+03
1.3123493705e+11	5.2355913866e+03
1.3163412576e+11	5.2385782486e+03
1.3203367685e+11	5.2415651106e+03
1.3243359021e+11	5.2445519726e+03
1.3283386571e+11	5.2475388345e+03
1.3323450323e+11	5.2505256965e+03
1.3363550264e+11	5.2535125585e+03
1.3403686384e+11	5.2564994205e+03
1.3443858669e+11	5.2594862824e+03
1.3484067108e+11	5.2624731444e+03
1.3524311688e+11	5.2654600064e+03
1.3564592398e+11	5.2684468684e+03
1.3604909224e+11	5.2714337304e+03
1.3645262156e+11	5.2744205923e+03
1.3685651180e+11	5.2774074543e+03
1.3726076285e+11	5.2803943163e+03
1.3766537458e+11	5.2833811783e+03
1.3807034688e+11	5.2863680403e+03
1.3847567963e+11	5.2893549022e+03
1.3888137269e+11	5.2923417642e+03
1.3928742596e+11	5.2953286262e+03
1.3969383931e+11	5.2983154882e+03
1.4010061262e+11	5.3013023502e+03
1.4050774576e+11	5.3042892121e+03
1.4091523863e+11	5.3072760741e+03
1.4132309108e+11	5.3102629361e+03
1.4173130302e+11	5.3132497981e+03
1.4213987431e+11	5.3162366600e+03
1.4254880483e+11	5.3192235220e+03
1.4295809446e+11	5.3222103840e+03
1.4336774309e+11	5.3251972460e+03
1.4377775058e+11	5.3281841080e+03
1.4418811683e+11	5.3311709699e+03
1.4459884170e+11	5.3341578319e+03
1.4500992508e+11	5.3371446939e+03
1.4542136685e+11	5.3401315559e+03
1.4583316689e+11	5.3431184179e+03
1.4624532507e+11	5.3461052798e+03
1.4665784128e+11	5.3490921418e+03
1.4707071540e+11	5.3520790038e+03
1.4748394729e+11	5.3550658658e+03
1.4789753685e+11	5.3580527278e+03
1.4831148396e+11	5.3610395897e+03
1.4872578848e+11	5.3640264517e+03
1.4914045031e+11	5.3670133137e+03
1.4955546932e+11	5.3700001757e+03
1.4997084539e+11	5.3729870376e+03
1.5038657841e+11	5.3759738996e+03
1.5080266824e+11	5.3789607616e+03
1.5121911477e+11	5.3819476236e+03
1.5163591788e+11	5.3849344856e+03
1.5205307745e+11	5.3879213475e+03
1.5247059336e+11	5.3909082095e+03
1.5288846549e+11	5.3938950715e+03
1.5330669371e+11	5.3968819335e+03
1.5372527792e+11	5.3998687955e+03
1.5414421798e+11	5.4028556574e+03
1.5456351378e+11	5.4058425194e+03
1.5498316520e+11	5.4088293814e+03
1.5540317211e+11	5.4118162434e+03
1.5582353441e+11	5.4148031054e+03
1.5624425196e+11	5.4177899673e+03
1.5666532465e+11	5.4207768293e+03
1.5708675235e+11	5.4237636913e+03
1.5750853495e+11	5.4267505533e+03
1.5793067233e+11	5.4297374152e+03
1.5835316437e+11	5.4327242772e+03
1.5877601095e+11	5.4357111392e+03
1.5919921194e+11	5.4386980012e+03
1.5962276723e+11	5.4416848632e+03
1.6004667671e+11	5.4446717251e+03
1.6047094023e+11	5.4476585871e+03
1.6089555770e+11	5.4506454491e+03
1.6132052899e+11	5.4536323111e+03
1.6174585398e+11	5.4566191731e+03
1.6217153254e+11	5.4596060350e+03
1.6259756457e+11	5.4625928970e+03
1.6302394994e+11	5.4655797590e+03
1.6345068852e+11	5.4685666210e+03
1.6387778021e+11	5.4715534830e+03
1.6430522488e+11	5.4745403449e+03
1.6473302242e+11	5.4775272069e+03
1.6516117270e+11	5.4805140689e+03
1.6558967560e+11	5.4835009309e+03
1.6601853100e+11	5.4864877928e+03
1.6644773879e+11	5.4894746548e+03
1.6687729885e+11	5.4924615168e+03
1.6730721105e+11	5.4954483788e+03
1.6773747528e+11	5.4984352408e+03
1.6816809142e+11	5.5014221027e+03
1.6859905935e+11	5.5044089647e+03
1.6903037894e+11	5.5073958267e+03
1.6946205009e+11	5.5103826887e+03
1.6989407267e+11	5.5133695507e+03
1.7032644656e+11	5.5163564126e+03
1.7075917164e+11	5.5193432746e+03
1.7119224780e+11	5.5223301366e+03
1.7162567491e+11	5.5253169986e+03
1.7205945286e+11	5.5283038606e+03
1.7249358152e+11	5.5312907225e+03
1.7292806079e+11	5.5342775845e+03
1.7336289053e+11	5.5372644465e+03
1.7379807063e+11	5.5402513085e+03
1.7423360098e+11	5.5432381704e+03
1.7466948145e+11	5.5462250324e+03
1.7510571192e+11	5.5492118944e+03
1.7554229228e+11	5.5521987564e+03
1.7597922241e+11	5.5551856184e+03
1.7641650218e+11	5.5581724803e+03
1.7685413149e+11	5.5611593423e+03
1.7729211020e+11	5.5641462043e+03
1.7773043821e+11	5.5671330663e+03
1.7816911539e+11	5.5701199283e+03
1.7860814163e+11	5.5731067902e+03
1.7904751681e+11	5.5760936522e+03
1.7948724080e+11	5.5790805142e+03
1.7992731350e+11	5.5820673762e+03
1.8036773477e+11	5.5850542382e+03
1.8080850451e+11	5.5880411001e+03
1.8124962260e+11	5.5910279621e+03
1.8169108891e+11	5.5940148241e+03
1.8213290333e+11	5.5970016861e+03
1.8257506574e+11	5.5999885480e+03
1.8301757603e+11	5.6029754100e+03
1.8346043407e+11	5.6059622720e+03
1.8390363974e+11	5.6089491340e+03
1.8434719293e+11	5.6119359960e+03
1.8479109353e+11	5.6149228579e+03
1.8523534140e+11	5.6179097199e+03
1.8567993644e+11	5.6208965819e+03
1.8612487853e+11	5.6238834439e+03
1.8657016754e+11	5.6268703059e+03
1.8701580337e+11	5.6298571678e+03
1.8746178589e+11	5.6328440298e+03
1.8790811498e+11	5.6358308918e+03
1.8835479053e+11	5.6388177538e+03
1.8880181242e+11	5.6418046158e+03
1.8924918053e+11	5.6447914777e+03
1.8969689474e+11	5.6477783397e+03
1.9014495495e+11	5.6507652017e+03
1.9059336102e+11	5.6537520637e+03
1.9104211284e+11	5.6567389256e+03
1.9149121029e+11	5.6597257876e+03
1.9194065326e+11	5.6627126496e+03
1.9239044163e+11	5.6656995116e+03
1.9284057528e+11	5.6686863736e+03
1.9329105410e+11	5.6716732355e+03
1.9374187796e+11	5.6746600975e+03
1.9419304675e+11	5.6776469595e+03
1.9464456035e+11	5.6806338215e+03
1.9509641865e+11	5.6836206835e+03
1.9554862152e+11	5.6866075454e+03
1.9600116886e+11	5.6895944074e+03
1.9645406054e+11	5.6925812694e+03
1.9690729644e+11	5.6955681314e+03
1.9736087645e+11	5.6985549934e+03
1.9781480045e+11	5.7015418553e+03
1.9826906833e+11	5.7045287173e+03
1.9872367997e+11	5.7075155793e+03
1.9917863525e+11	5.7105024413e+03
1.9963393405e+11	5.7134893032e+03
2.0008957625e+11	5.7164761652e+03
2.0054556175e+11	5.7194630272e+03
2.0100189042e+11	5.7224498892e+03
2.0145856215e+11	5.7254367512e+03
2.0191557682e+11	5.7284236131e+03
2.0237293431e+11	5.7314104751e+03
2.0283063450e+11	5.7343973371e+03
2.0328867729e+11	5.7373841991e+03
2.0374706255e+11	5.7403710611e+03
2.0420579016e+11	5.7433579230e+03
2.0466486002e+11	5.7463447850e+03
2.0512427200e+11	5.7493316470e+03
2.0558402598e+11	5.7523185090e+03
2.0604412186e+11	5.7553053710e+03
2.0650455951e+11	5.7582922329e+03
2.0696533882e+11	5.7612790949e+03
2.0742645967e+11	5.7642659569e+03
2.0788792195e+11	5.7672528189e+03
2.0834972553e+11	5.7702396808e+03
2.0881187031e+11	5.7732265428e+03
2.0927435616e+11	5.7762134048e+03
2.0973718297e+11	5.7792002668e+03
2.1020035063e+11	5.7821871288e+03
2.1066385902e+11	5.7851739907e+03
2.1112770802e+11	5.7881608527e+03
2.1159189751e+11	5.7911477147e+03
2.1205642738e+11	5.7941345767e+03
2.1252129752e+11	5.7971214387e+03
2.1298650781e+11	5.8001083006e+03
2.1345205813e+11	5.8030951626e+03
2.1391794837e+11	5.8060820246e+03
2.1438417840e+11	5.8090688866e+03
2.1485074812e+11	5.8120557486e+03
2.1531765742e+11	5.8150426105e+03
2.1578490616e+11	5.8180294725e+03
2.1625249424e+11	5.8210163345e+03
2.1672042155e+11	5.8240031965e+03
2.1718868796e+11	5.8269900584e+03
2.1765729337e+11	5.8299769204e+03
2.1812623764e+11	5.8329637824e+03
2.1859552068e+11	5.8359506444e+03
2.1906514237e+11	5.8389375064e+03
2.1953510258e+11	5.8419243683e+03
2.2000540121e+11	5.8449112303e+03
2.2047603814e+11	5.8478980923e+03
2.2094701325e+11	5.8508849543e+03
2.2141832643e+11	5.8538718163e+03
2.2188997756e+11	5.8568586782e+03
2.2236196653e+11	5.8598455402e+03
2.2283429322e+11	5.8628324022e+03
2.2330695752e+11	5.8658192642e+03
2.2377995932e+11	5.8688061262e+03
2.2425329849e+11	5.8717929881e+03
2.2472697492e+11	5.8747798501e+03
2.2520098850e+11	5.8777667121e+03
2.2567533912e+11	5.8807535741e+03
2.2615002665e+11	5.8837404360e+03
2.2662505098e+11	5.8867272980e+03
2.2710041201e+11	5.8897141600e+03
2.2757610960e+11	5.8927010220e+03
2.2805214366e+11	5.8956878840e+03
2.2852851406e+11	5.8986747459e+03
2.2900522069e+11	5.9016616079e+03
2.2948226343e+11	5.9046484699e+03
2.2995964217e+11	5.9076353319e+03
2.3043735680e+11	5.9106221939e+03
2.3091540720e+11	5.9136090558e+03
2.3139379326e+11	5.9165959178e+03
2.3187251486e+11	5.9195827798e+03
2.3235157189e+11	5.9225696418e+03
2.3283096423e+11	5.9255565038e+03
2.3331069177e+11	5.9285433657e+03
2.3379075440e+11	5.9315302277e+03
2.3427115199e+11	5.9345170897e+03
2.3475188444e+11	5.9375039517e+03
2.3523295164e+11	5.9404908136e+03
2.3571435346e+11	5.9434776756e+03
2.3619608980e+11	5.9464645376e+03
2.3667816054e+11	5.9494513996e+03
2.3716056556e+11	5.9524382616e+03
2.3764330476e+11	5.9554251235e+03
2.3812637801e+11	5.9584119855e+03
2.3860978521e+11	5.9613988475e+03
2.3909352624e+11	5.9643857095e+03
2.3957760098e+11	5.9673725715e+03
2.4006200933e+11	5.9703594334e+03
2.4054675117e+11	5.9733462954e+03
2.4103182638e+11	5.9763331574e+03
2.4151723485e+11	5.9793200194e+03
2.4200297648e+11	5.9823068814e+03
2.4248905113e+11	5.9852937433e+03
2.4297545871e+11	5.9882806053e+03
2.4346219909e+11	5.9912674673e+03
2.4394927217e+11	5.9942543293e+03
2.4443667783e+11	5.9972411912e+03
2.4492441596e+11	6.0002280532e+03
2.4541248644e+11	6.0032149152e+03
2.4590088916e+11	6.0062017772e+03
2.4638962401e+11	6.0091886392e+03
2.4687869087e+11	6.0121755011e+03
2.4736808963e+11	6.0151623631e+03
2.4785782018e+11	6.0181492251e+03
2.4834788240e+11	6.0211360871e+03
2.4883827619e+11	6.0241229491e+03
2.4932900142e+11	6.0271098110e+03
2.4982005799e+11	6.0300966730e+03
2.5031144578e+11	6.0330835350e+03
2.5080316468e+11	6.0360703970e+03
2.5129521458e+11	6.0390572590e+03
2.5178759536e+11	6.0420441209e+03
2.5228030691e+11	6.0450309829e+03
2.5277334911e+11	6.0480178449e+03
2.5326672187e+11	6.0510047069e+03
2.5376042505e+11	6.0539915688e+03
2.5425445856e+11	6.0569784308e+03
2.5474882227e+11	6.0599652928e+03
2.5524351608e+11	6.0629521548e+03
2.5573853987e+11	6.0659390168e+03
2.5623389353e+11	6.0689258787e+03
2.5672957694e+11	6.0719127407e+03
2.5722559001e+11	6.0748996027e+03
2.5772193260e+11	6.0778864647e+03
2.5821860461e+11	6.0808733267e+03
2.5871560593e+11	6.0838601886e+03
2.5921293645e+11	6.0868470506e+03
2.5971059605e+11	6.0898339126e+03
2.6020858462e+11	6.0928207746e+03
2.6070690205e+11	6.0958076365e+03
2.6120554822e+11	6.0987944985e+03
2.6170452303e+11	6.1017813605e+03
2.6220382636e+11	6.1047682225e+03
2.6270345811e+11	6.1077550845e+03
2.6320341815e+11	6.1107419464e+03
2.6370370637e+11	6.1137288084e+03
2.6420432268e+11	6.1167156704e+03
2.6470526694e+11	6.1197025324e+03
2.6520653906e+11	6.1226893944e+03
2.6570813892e+11	6.1256762563e+03
2.6621006640e+11	6.1286631183e+03
2.6671232140e+11	6.1316499803e+03
2.6721490380e+11	6.1346368423e+03
2.6771781350e+11	6.1376237043e+03
2.6822105038e+11	6.1406105662e+03
2.6872461432e+11	6.1435974282e+03
2.6922850523e+11	6.1465842902e+03
2.6973272298e+11	6.1495711522e+03
2.7023726747e+11	6.1525580141e+03
2.7074213858e+11	6.1555448761e+03
2.7124733620e+11	6.1585317381e+03
2.7175286023e+11	6.1615186001e+03
2.7225871054e+11	6.1645054621e+03
2.7276488704e+11	6.1674923240e+03
2.7327138960e+11	6.1704791860e+03
2.7377821812e+11	6.1734660480e+03
2.7428537248e+11	6.1764529100e+03
2.7479285258e+11	6.1794397720e+03
2.7530065830e+11	6.1824266339e+03
2.7580878954e+11	6.1854134959e+03
2.7631724617e+11	6.1884003579e+03
2.7682602810e+11	6.1913872199e+03
2.7733513521e+11	6.1943740819e+03
2.7784456738e+11	6.1973609438e+03
2.7835432452e+11	6.2003478058e+03
2.7886440650e+11	6.2033346678e+03
2.7937481321e+11	6.2063215298e+03
2.7988554456e+11	6.2093083917e+03
2.8039660042e+11	6.2122952537e+03
2.8090798068e+11	6.2152821157e+03
2.8141968524e+11	6.2182689777e+03
2.8193171399e+11	6.2212558397e+03
2.8244406680e+11	6.2242427016e+03
2.8295674358e+11	6.2272295636e+03
2.8346974422e+11	6.2302164256e+03
2.8398306859e+11	6.2332032876e+03
2.8449671660e+11	6.2361901496e+03
2.8501068813e+11	6.2391770115e+03
2.8552498307e+11	6.2421638735e+03
2.8603960132e+11	6.2451507355e+03
2.8655454275e+11	6.2481375975e+03
2.8706980727e+11	6.2511244595e+03
2.8758539476e+11	6.2541113214e+03
2.8810130511e+11	6.2570981834e+03
2.8861753821e+11	6.2600850454e+03
2.8913409395e+11	6.2630719074e+03
2.8965097222e+11	6.2660587693e+03
2.9016817292e+11	6.2690456313e+03
2.9068569593e+11	6.2720324933e+03
2.9120354114e+11	6.2750193553e+03
2.9172170844e+11	6.2780062173e+03
2.9224019773e+11	6.2809930792e+03
2.9275900889e+11	6.2839799412e+03
2.9327814181e+11	6.2869668032e+03
2.9379759639e+11	6.2899536652e+03
2.9431737251e+11	6.2929405272e+03
2.9483747006e+11	6.2959273891e+03
2.9535788895e+11	6.2989142511e+03
2.9587862904e+11	6.3019011131e+03
2.9639969025e+11	6.3048879751e+03
2.9692107245e+11	6.3078748371e+03
2.9744277555e+11	6.3108616990e+03
2.9796479942e+11	6.3138485610e+03
2.9848714396e+11	6.3168354230e+03
2.9900980906e+11	6.3198222850e+03
2.9953279461e+11	6.3228091469e+03
3.0005610051e+11	6.3257960089e+03
3.0057972664e+11	6.3287828709e+03
3.0110367289e+11	6.3317697329e+03
3.0162793916e+11	6.3347565949e+03
3.0215252534e+11	6.3377434568e+03
3.0267743132e+11	6.3407303188e+03
3.0320265698e+11	6.3437171808e+03
3.0372820223e+11	6.3467040428e+03
3.0425406694e+11	6.3496909048e+03
3.0478025102e+11	6.3526777667e+03
3.0530675436e+11	6.3556646287e+03
3.0583357684e+11	6.3586514907e+03
3.0636071835e+11	6.3616383527e+03
3.0688817880e+11	6.3646252147e+03
3.0741595806e+11	6.3676120766e+03
3.0794405604e+11	6.3705989386e+03
3.0847247262e+11	6.3735858006e+03
3.0900120770e+11	6.3765726626e+03
3.0953026116e+11	6.3795595245e+03
3.1005963290e+11	6.3825463865e+03
3.1058932281e+11	6.3855332485e+03
3.1111933078e+11	6.3885201105e+03
3.1164965671e+11	6.3915069725e+03
3.1218030048e+11	6.3944938344e+03
3.1271126199e+11	6.3974806964e+03
3.1324254113e+11	6.4004675584e+03
3.1377413779e+11	6.4034544204e+03
3.1430605186e+11	6.4064412824e+03
3.1483828324e+11	6.4094281443e+03
3.1537083182e+11	6.4124150063e+03
3.1590369748e+11	6.4154018683e+03
3.1643688013e+11	6.4183887303e+03
3.1697037966e+11	6.4213755923e+03
3.1750419595e+11	6.4243624542e+03
3.1803832890e+11	6.4273493162e+03
3.1857277840e+11	6.4303361782e+03
3.1910754434e+11	6.4333230402e+03
3.1964262662e+11	6.4363099021e+03
3.2017802513e+11	6.4392967641e+03
3.2071373976e+11	6.4422836261e+03
3.2124977040e+11	6.4452704881e+03
3.2178611696e+11	6.4482573501e+03
3.2232277931e+11	6.4512442120e+03
3.2285975735e+11	6.4542310740e+03
3.2339705097e+11	6.4572179360e+03
3.2393466008e+11	6.4602047980e+03
3.2447258455e+11	6.4631916600e+03
3.2501082429e+11	6.4661785219e+03
3.2554937918e+11	6.4691653839e+03
3.2608824913e+11	6.4721522459e+03
3.2662743401e+11	6.4751391079e+03
3.2716693373e+11	6.4781259699e+03
3.2770674818e+11	6.4811128318e+03
3.2824687725e+11	6.4840996938e+03
3.2878732083e+11	6.4870865558e+03
3.2932807882e+11	6.4900734178e+03
3.2986915111e+11	6.4930602797e+03
3.3041053760e+11	6.4960471417e+03
3.3095223817e+11	6.4990340037e+03
3.3149425272e+11	6.5020208657e+03
3.3203658115e+11	6.5050077277e+03
3.3257922335e+11	6.5079945896e+03
3.3312217920e+11	6.5109814516e+03
3.3366544862e+11	6.5139683136e+03
3.3420903148e+11	6.5169551756e+03
3.3475292768e+11	6.5199420376e+03
3.3529713712e+11	6.5229288995e+03
3.3584165968e+11	6.5259157615e+03
3.3638649527e+11	6.5289026235e+03
3.3693164378e+11	6.5318894855e+03
3.3747710510e+11	6.5348763475e+03
3.3802287912e+11	6.5378632094e+03
3.3856896574e+11	6.5408500714e+03
3.3911536485e+11	6.5438369334e+03
3.3966207635e+11	6.5468237954e+03
3.4020910013e+11	6.5498106573e+03
3.4075643608e+11	6.5527975193e+03
3.4130408410e+11	6.5557843813e+03
3.4185204409e+11	6.5587712433e+03
3.4240031593e+11	6.5617581053e+03
3.4294889952e+11	6.5647449672e+03
3.4349779476e+11	6.5677318292e+03
3.4404700154e+11	6.5707186912e+03
3.4459651975e+11	6.5737055532e+03
3.4514634929e+11	6.5766924152e+03
3.4569649005e+11	6.5796792771e+03
3.4624694194e+11	6.5826661391e+03
3.4679770483e+11	6.5856530011e+03
3.4734877863e+11	6.5886398631e+03
3.4790016323e+11	6.5916267251e+03
3.4845185853e+11	6.5946135870e+03
3.4900386441e+11	6.5976004490e+03
3.4955618079e+11	6.6005873110e+03
3.5010880754e+11	6.6035741730e+03
3.5066174457e+11	6.6065610349e+03
3.5121499176e+11	6.6095478969e+03
3.5176854903e+11	6.6125347589e+03
3.5232241625e+11	6.6155216209e+03
3.5287659333e+11	6.6185084829e+03
3.5343108015e+11	6.6214953448e+03
3.5398587662e+11	6.6244822068e+03
3.5454098263e+11	6.6274690688e+03
3.5509639808e+11	6.6304559308e+03
3.5565212286e+11	6.6334427928e+03
3.5620815686e+11	6.6364296547e+03
3.5676449998e+11	6.6394165167e+03
3.5732115212e+11	6.6424033787e+03
3.5787811317e+11	6.6453902407e+03
3.5843538302e+11	6.6483771027e+03
3.5899296158e+11	6.6513639646e+03
3.5955084874e+11	6.6543508266e+03
3.6010904439e+11	6.6573376886e+03
3.6066754843e+11	6.6603245506e+03
3.6122636075e+11	6.6633114125e+03
3.6178548126e+11	6.6662982745e+03
3.6234490984e+11	6.6692851365e+03
3.6290464639e+11	6.6722719985e+03
3.6346469081e+11	6.6752588605e+03
3.6402504299e+11	6.6782457224e+03
3.6458570283e+11	6.6812325844e+03
3.6514667022e+11	6.6842194464e+03
3.6570794507e+11	6.6872063084e+03
3.6626952726e+11	6.6901931704e+03
3.6683141670e+11	6.6931800323e+03
3.6739361328e+11	6.6961668943e+03
3.6795611689e+11	6.6991537563e+03
3.6851892743e+11	6.7021406183e+03
3.6908204480e+11	6.7051274803e+03
3.6964546889e+11	6.7081143422e+03
3.7020919961e+11	6.7111012042e+03
3.7077323684e+11	6.7140880662e+03
3.7133758048e+11	6.7170749282e+03
3.7190223043e+11	6.7200617901e+03
3.7246718659e+11	6.7230486521e+03
3.7303244885e+11	6.7260355141e+03
3.7359801711e+11	6.7290223761e+03
3.7416389127e+11	6.7320092381e+03
3.7473007121e+11	6.7349961000e+03
3.7529655685e+11	6.7379829620e+03
3.7586334806e+11	6.7409698240e+03
3.7643044477e+11	6.7439566860e+03
3.7699784685e+11	6.7469435480e+03
3.7756555420e+11	6.7499304099e+03
3.7813356673e+11	6.7529172719e+03
3.7870188433e+11	6.7559041339e+03
3.7927050689e+11	6.7588909959e+03
3.7983943432e+11	6.7618778579e+03
3.8040866651e+11	6.7648647198e+03
3.8097820335e+11	6.7678515818e+03
3.8154804475e+11	6.7708384438e+03
3.8211819061e+11	6.7738253058e+03
3.8268864081e+11	6.7768121677e+03
3.8325939525e+11	6.7797990297e+03
3.8383045384e+11	6.7827858917e+03
3.8440181647e+11	6.7857727537e+03
3.8497348304e+11	6.7887596157e+03
3.8554545345e+11	6.7917464776e+03
3.8611772759e+11	6.7947333396e+03
3.8669030536e+11	6.7977202016e+03
3.8726318665e+11	6.8007070636e+03
3.8783637137e+11	6.8036939256e+03
3.8840985942e+11	6.8066807875e+03
3.8898365069e+11	6.8096676495e+03
3.8955774507e+11	6.8126545115e+03
3.9013214247e+11	6.8156413735e+03
3.9070684279e+11	6.8186282355e+03
3.9128184592e+11	6.8216150974e+03
3.9185715175e+11	6.8246019594e+03
3.9243276020e+11	6.8275888214e+03
3.9300867115e+11	6.8305756834e+03
3.9358488451e+11	6.8335625453e+03
3.9416140016e+11	6.8365494073e+03
3.9473821802e+11	6.8395362693e+03
3.9531533798e+11	6.8425231313e+03
3.9589275993e+11	6.8455099933e+03
3.9647048377e+11	6.8484968552e+03
3.9704850941e+11	6.8514837172e+03
3.9762683674e+11	6.8544705792e+03
3.9820546566e+11	6.8574574412e+03
3.9878439606e+11	6.8604443032e+03
3.9936362786e+11	6.8634311651e+03
3.9994316093e+11	6.8664180271e+03
4.0052299519e+11	6.8694048891e+03
4.0110313053e+11	6.8723917511e+03
4.0168356686e+11	6.8753786131e+03
4.0226430406e+11	6.8783654750e+03
4.0284534203e+11	6.8813523370e+03
4.0342668069e+11	6.8843391990e+03
4.0400831992e+11	6.8873260610e+03
4.0459025962e+11	6.8903129229e+03
4.0517249969e+11	6.8932997849e+03
4.0575504004e+11	6.8962866469e+03
4.0633788056e+11	6.8992735089e+03
4.0692102114e+11	6.9022603709e+03
4.0750446170e+11	6.9052472328e+03
4.0808820212e+11	6.9082340948e+03
4.0867224231e+11	6.9112209568e+03
4.0925658216e+11	6.9142078188e+03
4.0984122158e+11	6.9171946808e+03
4.1042616046e+11	6.9201815427e+03
4.1101139871e+11	6.9231684047e+03
4.1159693621e+11	6.9261552667e+03
4.1218277288e+11	6.9291421287e+03
4.1276890861e+11	6.9321289907e+03
4.1335534331e+11	6.9351158526e+03
4.1394207686e+11	6.9381027146e+03
4.1452910917e+11	6.9410895766e+03
4.1511644014e+11	6.9440764386e+03
4.1570406967e+11	6.9470633005e+03
4.1629199766e+11	6.9500501625e+03
4.1688022400e+11	6.9530370245e+03
4.1746874860e+11	6.9560238865e+03
4.1805757136e+11	6.9590107485e+03
4.1864669218e+11	6.9619976104e+03
4.1923611096e+11	6.9649844724e+03
4.1982582759e+11	6.9679713344e+03
4.2041584198e+11	6.9709581964e+03
4.2100615402e+11	6.9739450584e+03
4.2159676362e+11	6.9769319203e+03
4.2218767068e+11	6.9799187823e+03
4.2277887510e+11	6.9829056443e+03
4.2337037677e+11	6.9858925063e+03
4.2396217560e+11	6.9888793683e+03
4.2455427149e+11	6.9918662302e+03
4.2514666433e+11	6.9948530922e+03
4.2573935404e+11	6.9978399542e+03
4.2633234050e+11	7.0008268162e+03
4.2933399841e+11	7.0138390015e+03
4.3234566437e+11	7.0268511869e+03
4.3536733696e+11	7.0398633723e+03
4.3839901475e+11	7.0528755576e+03
4.4144069626e+11	7.0658877430e+03
4.4449238000e+11	7.0788999284e+03
4.4755406444e+11	7.0919121138e+03
4.5062574804e+11	7.1049242991e+03
4.5370742920e+11	7.1179364845e+03
4.5679910631e+11	7.1309486699e+03
4.5990077775e+11	7.1439608552e+03
4.6301244184e+11	7.1569730406e+03
4.6613409688e+11	7.1699852260e+03
4.6926574117e+11	7.1829974113e+03
4.7240737295e+11	7.1960095967e+03
4.7555899045e+11	7.2090217821e+03
4.7872059187e+11	7.2220339674e+03
4.8189217539e+11	7.2350461528e+03
4.8507373914e+11	7.2480583382e+03
4.8826528126e+11	7.2610705236e+03
4.9146679984e+11	7.2740827089e+03
4.9467829294e+11	7.2870948943e+03
4.9789975863e+11	7.3001070797e+03
5.0113119490e+11	7.3131192650e+03
5.0437259977e+11	7.3261314504e+03
5.0762397120e+11	7.3391436358e+03
5.1088530714e+11	7.3521558211e+03
5.1415660551e+11	7.3651680065e+03
5.1743786420e+11	7.3781801919e+03
5.2072908109e+11	7.3911923772e+03
5.2403025404e+11	7.4042045626e+03
5.2734138086e+11	7.4172167480e+03
5.3066245936e+11	7.4302289334e+03
5.3399348732e+11	7.4432411187e+03
5.3733446250e+11	7.4562533041e+03
5.4068538263e+11	7.4692654895e+03
5.4404624542e+11	7.4822776748e+03
5.4741704856e+11	7.4952898602e+03
5.5079778972e+11	7.5083020456e+03
5.5418846654e+11	7.5213142309e+03
5.5758907664e+11	7.5343264163e+03
5.6099961763e+11	7.5473386017e+03
5.6442008708e+11	7.5603507870e+03
5.6785048255e+11	7.5733629724e+03
5.7129080157e+11	7.5863751578e+03
5.7474104167e+11	7.5993873432e+03
5.7820120033e+11	7.6123995285e+03
5.8167127502e+11	7.6254117139e+03
5.8515126321e+11	7.6384238993e+03
5.8864116232e+11	7.6514360846e+03
5.9214096976e+11	7.6644482700e+03
5.9565068293e+11	7.6774604554e+03
5.9917029920e+11	7.6904726407e+03
6.0269981591e+11	7.7034848261e+03
6.0623923041e+11	7.7164970115e+03
6.0978853999e+11	7.7295091968e+03
6.1334774196e+11	7.7425213822e+03
6.1691683359e+11	7.7555335676e+03
6.2049581214e+11	7.7685457530e+03
6.2408467483e+11	7.7815579383e+03
6.2768341889e+11	7.7945701237e+03
6.3129204152e+11	7.8075823091e+03
6.3491053989e+11	7.8205944944e+03
6.3853891117e+11	7.8336066798e+03
6.4217715249e+11	7.8466188652e+03
6.4582526100e+11	7.8596310505e+03
6.4948323378e+11	7.8726432359e+03
6.5315106794e+11	7.8856554213e+03
6.5682876054e+11	7.8986676066e+03
6.6051630863e+11	7.9116797920e+03
6.6421370927e+11	7.9246919774e+03
6.6792095946e+11	7.9377041628e+03
6.7163805621e+11	7.9507163481e+03
6.7536499650e+11	7.9637285335e+03
6.7910177730e+11	7.9767407189e+03
6.8284839558e+11	7.9897529042e+03
6.8660484825e+11	8.0027650896e+03
6.9037113225e+11	8.0157772750e+03
6.9414724447e+11	8.0287894603e+03
6.9793318180e+11	8.0418016457e+03
7.0172894112e+11	8.0548138311e+03
7.0553451928e+11	8.0678260164e+03
7.0934991311e+11	8.0808382018e+03
7.1317511945e+11	8.0938503872e+03
7.1701013510e+11	8.1068625726e+03
7.2085495685e+11	8.1198747579e+03
7.2470958149e+11	8.1328869433e+03
7.2857400577e+11	8.1458991287e+03
7.3244822645e+11	8.1589113140e+03
7.3633224025e+11	8.1719234994e+03
7.4022604389e+11	8.1849356848e+03
7.4412963408e+11	8.1979478701e+03
7.4804300751e+11	8.2109600555e+03
7.5196616085e+11	8.2239722409e+03
7.5589909076e+11	8.2369844262e+03
7.5984179389e+11	8.2499966116e+03
7.6379426687e+11	8.2630087970e+03
7.6775650632e+11	8.2760209823e+03
7.7172850885e+11	8.2890331677e+03
7.7571027104e+11	8.3020453531e+03
7.7970178946e+11	8.3150575385e+03
7.8370306070e+11	8.3280697238e+03
7.8771408129e+11	8.3410819092e+03
7.9173484777e+11	8.3540940946e+03
7.9576535667e+11	8.3671062799e+03
7.9980560450e+11	8.3801184653e+03
8.0385558775e+11	8.3931306507e+03
8.0791530292e+11	8.4061428360e+03
8.1198474647e+11	8.4191550214e+03
8.1606391486e+11	8.4321672068e+03
8.2015280454e+11	8.4451793921e+03
8.2425141196e+11	8.4581915775e+03
8.2835973352e+11	8.4712037629e+03
8.3247776564e+11	8.4842159483e+03
8.3660550472e+11	8.4972281336e+03
8.4074294715e+11	8.5102403190e+03
8.4489008930e+11	8.5232525044e+03
8.4904692753e+11	8.5362646897e+03
8.5321345819e+11	8.5492768751e+03
8.5738967763e+11	8.5622890605e+03
8.6157558218e+11	8.5753012458e+03
8.6577116814e+11	8.5883134312e+03
8.6997643183e+11	8.6013256166e+03
8.7419136954e+11	8.6143378019e+03
8.7841597755e+11	8.6273499873e+03
8.8265025214e+11	8.6403621727e+03
8.8689418957e+11	8.6533743581e+03
8.9114778608e+11	8.6663865434e+03
8.9541103793e+11	8.6793987288e+03
8.9968394133e+11	8.6924109142e+03
9.0396649250e+11	8.7054230995e+03
9.0825868767e+11	8.7184352849e+03
9.1256052302e+11	8.7314474703e+03
9.1687199473e+11	8.7444596556e+03
9.2119309900e+11	8.7574718410e+03
9.2552383198e+11	8.7704840264e+03
9.2986418984e+11	8.7834962117e+03
9.3421416872e+11	8.7965083971e+03
9.3857376476e+11	8.8095205825e+03
9.4294297409e+11	8.8225327679e+03
9.4732179283e+11	8.8355449532e+03
9.5171021708e+11	8.8485571386e+03
9.5610824295e+11	8.8615693240e+03
9.6051586653e+11	8.8745815093e+03
9.6493308389e+11	8.8875936947e+03
9.6935989111e+11	8.9006058801e+03
9.7379628426e+11	8.9136180654e+03
9.7824225938e+11	8.9266302508e+03
9.8269781252e+11	8.9396424362e+03
9.8716293971e+11	8.9526546215e+03
9.9163763699e+11	8.9656668069e+03
9.9612190037e+11	8.9786789923e+03
1.0006157259e+12	8.9916911777e+03
1.0051191095e+12	9.0047033630e+03
1.0096320472e+12	9.0177155484e+03
1.0141545350e+12	9.0307277338e+03
1.0186865688e+12	9.0437399191e+03
1.0232281447e+12	9.0567521045e+03
1.0277792586e+12	9.0697642899e+03
1.0323399064e+12	9.0827764752e+03
1.0369100841e+12	9.0957886606e+03
1.0414897876e+12	9.1088008460e+03
1.0460790129e+12	9.1218130313e+03
1.0506777559e+12	9.1348252167e+03
1.0552860124e+12	9.1478374021e+03
1.0599037784e+12	9.1608495875e+03
1.0645310498e+12	9.1738617728e+03
1.0691678224e+12	9.1868739582e+03
1.0738140922e+12	9.1998861436e+03
1.0784698551e+12	9.2128983289e+03
1.0831351068e+12	9.2259105143e+03
1.0878098433e+12	9.2389226997e+03
1.0924940604e+12	9.2519348850e+03
1.0971877539e+12	9.2649470704e+03
1.1018909197e+12	9.2779592558e+03
1.1066035537e+12	9.2909714411e+03
1.1113256516e+12	9.3039836265e+03
1.1160572092e+12	9.3169958119e+03
1.1207982224e+12	9.3300079973e+03
1.1255486870e+12	9.3430201826e+03
1.1303085988e+12	9.3560323680e+03
1.1350779536e+12	9.3690445534e+03
1.1398567471e+12	9.3820567387e+03
1.1446449751e+12	9.3950689241e+03
1.1494426335e+12	9.4080811095e+03
1.1542497179e+12	9.4210932948e+03
1.1590662241e+12	9.4341054802e+03
1.1638921479e+12	9.4471176656e+03
1.1687274850e+12	9.4601298509e+03
1.1735722312e+12	9.4731420363e+03
1.1784263823e+12	9.4861542217e+03
1.1832899338e+12	9.4991664071e+03
1.1881628816e+12	9.5121785924e+03
1.1930452214e+12	9.5251907778e+03
1.1979369488e+12	9.5382029632e+03
1.2028380597e+12	9.5512151485e+03
1.2077485496e+12	9.5642273339e+03
1.2126684143e+12	9.5772395193e+03
1.2175976495e+12	9.5902517046e+03
1.2225362509e+12	9.6032638900e+03
1.2274842141e+12	9.6162760754e+03
1.2324415348e+12	9.6292882607e+03
1.2374082087e+12	9.6423004461e+03
1.2423842314e+12	9.6553126315e+03
1.2473695986e+12	9.6683248169e+03
1.2523643060e+12	9.6813370022e+03
1.2573683492e+12	9.6943491876e+03
1.2623817238e+12	9.7073613730e+03
1.2674044255e+12	9.7203735583e+03
1.2724364499e+12	9.7333857437e+03
1.2774777926e+12	9.7463979291e+03
1.2825284493e+12	9.7594101144e+03
1.2875884156e+12	9.7724222998e+03
1.2926576870e+12	9.7854344852e+03
1.2977362593e+12	9.7984466705e+03
1.3028241280e+12	9.8114588559e+03
1.3079212886e+12	9.8244710413e+03
1.3130277369e+12	9.8374832267e+03
1.3181434683e+12	9.8504954120e+03
1.3232684786e+12	9.8635075974e+03
1.3284027632e+12	9.8765197828e+03
1.3335463177e+12	9.8895319681e+03
1.3386991377e+12	9.9025441535e+03
1.3438612188e+12	9.9155563389e+03
1.3490325565e+12	9.9285685242e+03
1.3542131465e+12	9.9415807096e+03
1.3594029842e+12	9.9545928950e+03
1.3646020652e+12	9.9676050803e+03
1.3698103851e+12	9.9806172657e+03
1.3750279394e+12	9.9936294511e+03
1.3802547236e+12	1.0006641636e+04
1.3854907334e+12	1.0019653822e+04
1.3907359641e+12	1.0032666007e+04
1.3959904114e+12	1.0045678193e+04
1.4012540708e+12	1.0058690378e+04
1.4065269377e+12	1.0071702563e+04
1.4118090078e+12	1.0084714749e+04
1.4171002765e+12	1.0097726934e+04
1.4224007394e+12	1.0110739119e+04
1.4277103919e+12	1.0123751305e+04
1.4330292296e+12	1.0136763490e+04
1.4383572479e+12	1.0149775676e+04
1.4436944425e+12	1.0162787861e+04
1.4490408086e+12	1.0175800046e+04
1.4543963419e+12	1.0188812232e+04
1.4597610379e+12	1.0201824417e+04
1.4651348919e+12	1.0214836602e+04
1.4705178996e+12	1.0227848788e+04
1.4759100564e+12	1.0240860973e+04
1.4813113577e+12	1.0253873158e+04
1.4867217991e+12	1.0266885344e+04
1.4921413760e+12	1.0279897529e+04
1.4975700838e+12	1.0292909715e+04
1.5030079181e+12	1.0305921900e+04
1.5084548743e+12	1.0318934085e+04
1.5139109479e+12	1.0331946271e+04
1.5193761343e+12	1.0344958456e+04
1.5248504289e+12	1.0357970641e+04
1.5303338273e+12	1.0370982827e+04
1.5358263249e+12	1.0383995012e+04
1.5413279171e+12	1.0397007198e+04
1.5468385993e+12	1.0410019383e+04
1.5523583671e+12	1.0423031568e+04
1.5578872158e+12	1.0436043754e+04
1.5634251409e+12	1.0449055939e+04
1.5689721378e+12	1.0462068124e+04
1.5745282019e+12	1.0475080310e+04
1.5800933288e+12	1.0488092495e+04
1.5856675137e+12	1.0501104680e+04
1.5912507522e+12	1.0514116866e+04
1.5968430396e+12	1.0527129051e+04
1.6024443714e+12	1.0540141237e+04
1.6080547430e+12	1.0553153422e+04
1.6136741498e+12	1.0566165607e+04
1.6193025872e+12	1.0579177793e+04
1.6249400507e+12	1.0592189978e+04
1.6305865356e+12	1.0605202163e+04
1.6362420373e+12	1.0618214349e+04
1.6419065513e+12	1.0631226534e+04
1.6475800730e+12	1.0644238720e+04
1.6532625978e+12	1.0657250905e+04
1.6589541210e+12	1.0670263090e+04
1.6646546381e+12	1.0683275276e+04
1.6703641445e+12	1.0696287461e+04
1.6760826355e+12	1.0709299646e+04
1.6818101066e+12	1.0722311832e+04
1.6875465531e+12	1.0735324017e+04
1.6932919705e+12	1.0748336202e+04
1.6990463541e+12	1.0761348388e+04
1.7048096993e+12	1.0774360573e+04
1.7105820015e+12	1.0787372759e+04
1.7163632561e+12	1.0800384944e+04
1.7221534585e+12	1.0813397129e+04
1.7279526040e+12	1.0826409315e+04
1.7337606881e+12	1.0839421500e+04
1.7395777060e+12	1.0852433685e+04
1.7454036533e+12	1.0865445871e+04
1.7512385252e+12	1.0878458056e+04
1.7570823172e+12	1.0891470242e+04
1.7629350246e+12	1.0904482427e+04
1.7687966427e+12	1.0917494612e+04
1.7746671670e+12	1.0930506798e+04
1.7805465929e+12	1.0943518983e+04
1.7864349156e+12	1.0956531168e+04
1.7923321307e+12	1.0969543354e+04
1.7982382333e+12	1.0982555539e+04
1.8041532189e+12	1.0995567725e+04
1.8100770829e+12	1.1008579910e+04
1.8160098207e+12	1.1021592095e+04
1.8219514275e+12	1.1034604281e+04
1.8279018988e+12	1.1047616466e+04
1.8338612298e+12	1.1060628651e+04
1.8398294161e+12	1.1073640837e+04
1.8458064529e+12	1.1086653022e+04
1.8517923356e+12	1.1099665207e+04
1.8577870595e+12	1.1112677393e+04
1.8637906200e+12	1.1125689578e+04
1.8698030125e+12	1.1138701764e+04
1.8758242323e+12	1.1151713949e+04
1.8818542748e+12	1.1164726134e+04
1.8878931353e+12	1.1177738320e+04
1.8939408092e+12	1.1190750505e+04
1.8999972918e+12	1.1203762690e+04
1.9060625785e+12	1.1216774876e+04
1.9121366646e+12	1.1229787061e+04
1.9182195456e+12	1.1242799247e+04
1.9243112166e+12	1.1255811432e+04
1.9304116732e+12	1.1268823617e+04
1.9365209105e+12	1.1281835803e+04
1.9426389241e+12	1.1294847988e+04
1.9487657092e+12	1.1307860173e+04
1.9549012612e+12	1.1320872359e+04
1.9610455754e+12	1.1333884544e+04
1.9671986472e+12	1.1346896729e+04
1.9733604719e+12	1.1359908915e+04
1.9795310449e+12	1.1372921100e+04
1.9857103615e+12	1.1385933286e+04
1.9918984171e+12	1.1398945471e+04
1.9980952070e+12	1.1411957656e+04
2.0043007266e+12	1.1424969842e+04
2.0105149711e+12	1.1437982027e+04
2.0167379360e+12	1.1450994212e+04
2.0229696166e+12	1.1464006398e+04
2.0292100083e+12	1.1477018583e+04
2.0354591063e+12	1.1490030769e+04
2.0417169061e+12	1.1503042954e+04
2.0479834029e+12	1.1516055139e+04
2.0542585921e+12	1.1529067325e+04
2.0605424692e+12	1.1542079510e+04
2.0668350293e+12	1.1555091695e+04
2.0731362679e+12	1.1568103881e+04
2.0794461803e+12	1.1581116066e+04
2.0857647618e+12	1.1594128251e+04
2.0920920079e+12	1.1607140437e+04
2.0984279138e+12	1.1620152622e+04
2.1047724748e+12	1.1633164808e+04
2.1111256864e+12	1.1646176993e+04
2.1174875439e+12	1.1659189178e+04
2.1238580426e+12	1.1672201364e+04
2.1302371778e+12	1.1685213549e+04
2.1366249450e+12	1.1698225734e+04
2.1430213394e+12	1.1711237920e+04
2.1494263565e+12	1.1724250105e+04
2.1558399915e+12	1.1737262291e+04
2.1622622398e+12	1.1750274476e+04
2.1686930968e+12	1.1763286661e+04
2.1751325577e+12	1.1776298847e+04
2.1815806180e+12	1.1789311032e+04
2.1880372730e+12	1.1802323217e+04
2.1945025181e+12	1.1815335403e+04
2.2009763485e+12	1.1828347588e+04
2.2074587597e+12	1.1841359774e+04
2.2139497470e+12	1.1854371959e+04
2.2204493058e+12	1.1867384144e+04
2.2269574314e+12	1.1880396330e+04
2.2334741191e+12	1.1893408515e+04
2.2399993643e+12	1.1906420700e+04
2.2465331624e+12	1.1919432886e+04
2.2530755087e+12	1.1932445071e+04
2.2596263985e+12	1.1945457256e+04
2.2661858273e+12	1.1958469442e+04
2.2727537904e+12	1.1971481627e+04
2.2793302831e+12	1.1984493813e+04
2.2859153008e+12	1.1997505998e+04
2.2925088388e+12	1.2010518183e+04
2.2991108926e+12	1.2023530369e+04
2.3057214574e+12	1.2036542554e+04
2.3123405287e+12	1.2049554739e+04
2.3189681018e+12	1.2062566925e+04
2.3256041720e+12	1.2075579110e+04
2.3322487347e+12	1.2088591296e+04
2.3389017853e+12	1.2101603481e+04
2.3455633191e+12	1.2114615666e+04
2.3522333316e+12	1.2127627852e+04
2.3589118180e+12	1.2140640037e+04
2.3655987737e+12	1.2153652222e+04
2.3722941942e+12	1.2166664408e+04
2.3789980747e+12	1.2179676593e+04
2.3857104107e+12	1.2192688778e+04
2.3924311974e+12	1.2205700964e+04
2.3991604304e+12	1.2218713149e+04
2.4058981049e+12	1.2231725335e+04
2.4126442163e+12	1.2244737520e+04
2.4193987600e+12	1.2257749705e+04
2.4261617314e+12	1.2270761891e+04
2.4329331259e+12	1.2283774076e+04
2.4397129387e+12	1.2296786261e+04
2.4465011654e+12	1.2309798447e+04
2.4532978012e+12	1.2322810632e+04
2.4601028416e+12	1.2335822818e+04
2.4669162820e+12	1.2348835003e+04
2.4737381176e+12	1.2361847188e+04
2.4805683440e+12	1.2374859374e+04
2.4874069565e+12	1.2387871559e+04
2.4942539504e+12	1.2400883744e+04
2.5011093212e+12	1.2413895930e+04
2.5079730642e+12	1.2426908115e+04
2.5148451749e+12	1.2439920300e+04
2.5217256486e+12	1.2452932486e+04
2.5286144807e+12	1.2465944671e+04
2.5355116666e+12	1.2478956857e+04
2.5424172017e+12	1.2491969042e+04
2.5493310814e+12	1.2504981227e+04
2.5562533011e+12	1.2517993413e+04
2.5631838562e+12	1.2531005598e+04
2.5701227421e+12	1.2544017783e+04
2.5770699541e+12	1.2557029969e+04
2.5840254878e+12	1.2570042154e+04
2.5909893384e+12	1.2583054340e+04
2.5979615014e+12	1.2596066525e+04
2.6049419722e+12	1.2609078710e+04
2.6119307463e+12	1.2622090896e+04
2.6189278189e+12	1.2635103081e+04
2.6259331855e+12	1.2648115266e+04
2.6329468416e+12	1.2661127452e+04
2.6399687825e+12	1.2674139637e+04
2.6469990036e+12	1.2687151823e+04
2.6540375005e+12	1.2700164008e+04
2.6610842684e+12	1.2713176193e+04
2.6681393028e+12	1.2726188379e+04
2.6752025991e+12	1.2739200564e+04
2.6822741527e+12	1.2752212749e+04
2.6893539591e+12	1.2765224935e+04
2.6964420137e+12	1.2778237120e+04
2.7035383119e+12	1.2791249305e+04
2.7106428491e+12	1.2804261491e+04
2.7177556208e+12	1.2817273676e+04
2.7248766224e+12	1.2830285862e+04
2.7320058493e+12	1.2843298047e+04
2.7391432969e+12	1.2856310232e+04
2.7462889607e+12	1.2869322418e+04
2.7534428362e+12	1.2882334603e+04
2.7606049187e+12	1.2895346788e+04
2.7677752036e+12	1.2908358974e+04
2.7749536866e+12	1.2921371159e+04
2.7821403628e+12	1.2934383345e+04
2.7893352279e+12	1.2947395530e+04
2.7965382773e+12	1.2960407715e+04
2.8037495064e+12	1.2973419901e+04
2.8109689106e+12	1.2986432086e+04
2.8181964854e+12	1.2999444271e+04
2.8254322263e+12	1.3012456457e+04
2.8326761287e+12	1.3025468642e+04
2.8399281881e+12	1.3038480827e+04
2.8471883998e+12	1.3051493013e+04
2.8544567595e+12	1.3064505198e+04
2.8617332625e+12	1.3077517384e+04
2.8690179043e+12	1.3090529569e+04
2.8763106803e+12	1.3103541754e+04
2.8836115861e+12	1.3116553940e+04
2.8909206170e+12	1.3129566125e+04
2.8982377686e+12	1.3142578310e+04
2.9055630364e+12	1.3155590496e+04
2.9128964157e+12	1.3168602681e+04
2.9202379022e+12	1.3181614867e+04
2.9275874911e+12	1.3194627052e+04
2.9349451781e+12	1.3207639237e+04
2.9423109587e+12	1.3220651423e+04
2.9496848282e+12	1.3233663608e+04
2.9570667821e+12	1.3246675793e+04
2.9644568160e+12	1.3259687979e+04
2.9718549254e+12	1.3272700164e+04
2.9792611057e+12	1.3285712349e+04
2.9866753524e+12	1.3298724535e+04
2.9940976610e+12	1.3311736720e+04
3.0015280270e+12	1.3324748906e+04
3.0089664459e+12	1.3337761091e+04
3.0164129132e+12	1.3350773276e+04
3.0238674244e+12	1.3363785462e+04
3.0313299750e+12	1.3376797647e+04
3.0388005605e+12	1.3389809832e+04
3.0462791764e+12	1.3402822018e+04
3.0537658182e+12	1.3415834203e+04
3.0612604814e+12	1.3428846389e+04
3.0687631616e+12	1.3441858574e+04
3.0762738542e+12	1.3454870759e+04
3.0837925547e+12	1.3467882945e+04
3.0913192588e+12	1.3480895130e+04
3.0988539618e+12	1.3493907315e+04
3.1063966593e+12	1.3506919501e+04
3.1139473469e+12	1.3519931686e+04
3.1215060200e+12	1.3532943872e+04
3.1290726742e+12	1.3545956057e+04
3.1366473051e+12	1.3558968242e+04
3.1442299080e+12	1.3571980428e+04
3.1518204787e+12	1.3584992613e+04
3.1594190126e+12	1.3598004798e+04
3.1670255052e+12	1.3611016984e+04
3.1746399521e+12	1.3624029169e+04
3.1822623488e+12	1.3637041354e+04
3.1898926909e+12	1.3650053540e+04
3.1975309739e+12	1.3663065725e+04
3.2051771934e+12	1.3676077911e+04
3.2128313449e+12	1.3689090096e+04
3.2204934239e+12	1.3702102281e+04
3.2281634261e+12	1.3715114467e+04
3.2358413469e+12	1.3728126652e+04
3.2435271820e+12	1.3741138837e+04
3.2512209268e+12	1.3754151023e+04
3.2589225770e+12	1.3767163208e+04
3.2666321281e+12	1.3780175394e+04
3.2743495757e+12	1.3793187579e+04
3.2820749153e+12	1.3806199764e+04
3.2898081426e+12	1.3819211950e+04
3.2975492530e+12	1.3832224135e+04
3.3052982422e+12	1.3845236320e+04
3.3130551057e+12	1.3858248506e+04
3.3208198392e+12	1.3871260691e+04
3.3285924381e+12	1.3884272876e+04
3.3363728981e+12	1.3897285062e+04
3.3441612148e+12	1.3910297247e+04
3.3519573837e+12	1.3923309433e+04
3.3597614005e+12	1.3936321618e+04
3.3675732607e+12	1.3949333803e+04
3.3753929599e+12	1.3962345989e+04
3.3832204937e+12	1.3975358174e+04
3.3910558578e+12	1.3988370359e+04
3.3988990477e+12	1.4001382545e+04
3.4067500590e+12	1.4014394730e+04
3.4146088873e+12	1.4027406916e+04
3.4224755283e+12	1.4040419101e+04
3.4303499775e+12	1.4053431286e+04
3.4382322305e+12	1.4066443472e+04
3.4461222830e+12	1.4079455657e+04
3.4540201307e+12	1.4092467842e+04
3.4619257690e+12	1.4105480028e+04
3.4698391936e+12	1.4118492213e+04
3.4777604002e+12	1.4131504398e+04
3.4856893843e+12	1.4144516584e+04
3.4936261417e+12	1.4157528769e+04
3.5015706678e+12	1.4170540955e+04
3.5095229584e+12	1.4183553140e+04
3.5174830092e+12	1.4196565325e+04
3.5254508156e+12	1.4209577511e+04
3.5334263734e+12	1.4222589696e+04
3.5414096782e+12	1.4235601881e+04
3.5494007257e+12	1.4248614067e+04
3.5573995115e+12	1.4261626252e+04
3.5654060312e+12	1.4274638438e+04
3.5734202805e+12	1.4287650623e+04
3.5814422550e+12	1.4300662808e+04
3.5894719504e+12	1.4313674994e+04
3.5975093624e+12	1.4326687179e+04
3.6055544867e+12	1.4339699364e+04
3.6136073188e+12	1.4352711550e+04
3.6216678544e+12	1.4365723735e+04
3.6297360893e+12	1.4378735921e+04
3.6378120190e+12	1.4391748106e+04
3.6458956393e+12	1.4404760291e+04
3.6539869458e+12	1.4417772477e+04
3.6620859342e+12	1.4430784662e+04
3.6701926001e+12	1.4443796847e+04
3.6783069394e+12	1.4456809033e+04
3.6864289475e+12	1.4469821218e+04
3.6945586203e+12	1.4482833403e+04
3.7026959534e+12	1.4495845589e+04
3.7108409425e+12	1.4508857774e+04
3.7189935833e+12	1.4521869960e+04
3.7271538715e+12	1.4534882145e+04
3.7353218028e+12	1.4547894330e+04
3.7434973729e+12	1.4560906516e+04
3.7516805774e+12	1.4573918701e+04
3.7598714122e+12	1.4586930886e+04
3.7680698728e+12	1.4599943072e+04
3.7762759551e+12	1.4612955257e+04
3.7844896547e+12	1.4625967443e+04
3.7927109673e+12	1.4638979628e+04
3.8009398887e+12	1.4651991813e+04
3.8091764145e+12	1.4665003999e+04
3.8174205405e+12	1.4678016184e+04
3.8256722624e+12	1.4691028369e+04
3.8339315760e+12	1.4704040555e+04
3.8421984770e+12	1.4717052740e+04
3.8504729610e+12	1.4730064925e+04
3.8587550239e+12	1.4743077111e+04
3.8670446614e+12	1.4756089296e+04
3.8753418691e+12	1.4769101482e+04
3.8836466429e+12	1.4782113667e+04
3.8919589785e+12	1.4795125852e+04
3.9002788717e+12	1.4808138038e+04
3.9086063181e+12	1.4821150223e+04
3.9169413136e+12	1.4834162408e+04
3.9252838538e+12	1.4847174594e+04
3.9336339346e+12	1.4860186779e+04
3.9419915517e+12	1.4873198965e+04
3.9503567009e+12	1.4886211150e+04
3.9587293779e+12	1.4899223335e+04
3.9671095784e+12	1.4912235521e+04
3.9754972984e+12	1.4925247706e+04
3.9838925335e+12	1.4938259891e+04
3.9922952794e+12	1.4951272077e+04
4.0007055321e+12	1.4964284262e+04
4.0091232872e+12	1.4977296447e+04
4.0175485405e+12	1.4990308633e+04
4.0259812879e+12	1.5003320818e+04
4.0344215251e+12	1.5016333004e+04
4.0428692479e+12	1.5029345189e+04
4.0513244520e+12	1.5042357374e+04
4.0597871333e+12	1.5055369560e+04
4.0682572876e+12	1.5068381745e+04
4.0767349107e+12	1.5081393930e+04
4.0852199984e+12	1.5094406116e+04
4.0937125464e+12	1.5107418301e+04
4.1022125506e+12	1.5120430487e+04
4.1107200067e+12	1.5133442672e+04
4.1192349107e+12	1.5146454857e+04
4.1277572583e+12	1.5159467043e+04
4.1362870453e+12	1.5172479228e+04
4.1448242676e+12	1.5185491413e+04
4.1533689209e+12	1.5198503599e+04
4.1619210011e+12	1.5211515784e+04
4.1704805040e+12	1.5224527970e+04
4.1790474255e+12	1.5237540155e+04
4.1876217613e+12	1.5250552340e+04
4.1962035074e+12	1.5263564526e+04
4.2047926595e+12	1.5276576711e+04
4.2133892134e+12	1.5289588896e+04
4.2219931651e+12	1.5302601082e+04
4.2306045104e+12	1.5315613267e+04
4.2392232450e+12	1.5328625452e+04
4.2478493649e+12	1.5341637638e+04
4.2564828660e+12	1.5354649823e+04
4.2651237440e+12	1.5367662009e+04
4.2737719948e+12	1.5380674194e+04
4.2824276143e+12	1.5393686379e+04
4.2910905983e+12	1.5406698565e+04
4.2997609427e+12	1.5419710750e+04
4.3084386434e+12	1.5432722935e+04
4.3171236963e+12	1.5445735121e+04
4.3258160971e+12	1.5458747306e+04
4.3345158419e+12	1.5471759492e+04
4.3432229264e+12	1.5484771677e+04
4.3519373465e+12	1.5497783862e+04
4.3606590982e+12	1.5510796048e+04
4.3693881773e+12	1.5523808233e+04
4.3781245797e+12	1.5536820418e+04
4.3868683012e+12	1.5549832604e+04
4.3956193378e+12	1.5562844789e+04
4.4043776854e+12	1.5575856974e+04
4.4131433399e+12	1.5588869160e+04
4.4219162972e+12	1.5601881345e+04
4.4306965531e+12	1.5614893531e+04
4.4394841036e+12	1.5627905716e+04
4.4482789446e+12	1.5640917901e+04
4.4570810719e+12	1.5653930087e+04
4.4658904816e+12	1.5666942272e+04
4.4747071695e+12	1.5679954457e+04
4.4835311316e+12	1.5692966643e+04
4.4923623637e+12	1.5705978828e+04
4.5012008618e+12	1.5718991014e+04
4.5100466218e+12	1.5732003199e+04
4.5188996396e+12	1.5745015384e+04
4.5277599112e+12	1.5758027570e+04
4.5366274325e+12	1.5771039755e+04
4.5455021995e+12	1.5784051940e+04
4.5543842080e+12	1.5797064126e+04
4.5632734541e+12	1.5810076311e+04
4.5721699336e+12	1.5823088496e+04
4.5810736426e+12	1.5836100682e+04
4.5899845769e+12	1.5849112867e+04
4.5989027325e+12	1.5862125053e+04
4.6078281054e+12	1.5875137238e+04
4.6167606915e+12	1.5888149423e+04
4.6257004867e+12	1.5901161609e+04
4.6346474872e+12	1.5914173794e+04
4.6436016887e+12	1.5927185979e+04
4.6525630874e+12	1.5940198165e+04
4.6615316790e+12	1.5953210350e+04
4.6705074597e+12	1.5966222536e+04
4.6794904254e+12	1.5979234721e+04
4.6884805721e+12	1.5992246906e+04
4.6974778957e+12	1.6005259092e+04
4.7064823923e+12	1.6018271277e+04
4.7154940578e+12	1.6031283462e+04
4.7245128882e+12	1.6044295648e+04
4.7335388795e+12	1.6057307833e+04
4.7425720277e+12	1.6070320019e+04
4.7516123288e+12	1.6083332204e+04
4.7606597788e+12	1.6096344389e+04
4.7697143737e+12	1.6109356575e+04
4.7787761095e+12	1.6122368760e+04
4.7878449822e+12	1.6135380945e+04
4.7969209878e+12	1.6148393131e+04
4.8060041224e+12	1.6161405316e+04
4.8150943819e+12	1.6174417501e+04
4.8241917623e+12	1.6187429687e+04
4.8332962597e+12	1.6200441872e+04
4.8424078702e+12	1.6213454058e+04
4.8515265896e+12	1.6226466243e+04
4.8606524141e+12	1.6239478428e+04
4.8697853397e+12	1.6252490614e+04
4.8789253625e+12	1.6265502799e+04
4.8880724783e+12	1.6278514984e+04
4.8972266834e+12	1.6291527170e+04
4.9063879737e+12	1.6304539355e+04
4.9155563453e+12	1.6317551541e+04
4.9247317942e+12	1.6330563726e+04
4.9339143165e+12	1.6343575911e+04
4.9431039082e+12	1.6356588097e+04
4.9523005653e+12	1.6369600282e+04
4.9615042841e+12	1.6382612467e+04
4.9707150604e+12	1.6395624653e+04
4.9799328903e+12	1.6408636838e+04
4.9891577700e+12	1.6421649023e+04
4.9983896955e+12	1.6434661209e+04
5.0076286628e+12	1.6447673394e+04
5.0168746681e+12	1.6460685580e+04
5.0261277074e+12	1.6473697765e+04
5.0353877767e+12	1.6486709950e+04
5.0446548722e+12	1.6499722136e+04
5.0539289900e+12	1.6512734321e+04
5.0632101261e+12	1.6525746506e+04
5.0724982766e+12	1.6538758692e+04
5.0817934376e+12	1.6551770877e+04
5.0910956053e+12	1.6564783063e+04
5.1004047756e+12	1.6577795248e+04
5.1097209447e+12	1.6590807433e+04
5.1190441088e+12	1.6603819619e+04
5.1283742638e+12	1.6616831804e+04
5.1377114060e+12	1.6629843989e+04
5.1470555314e+12	1.6642856175e+04
5.1564066361e+12	1.6655868360e+04
5.1657647163e+12	1.6668880545e+04
5.1751297680e+12	1.6681892731e+04
5.1845017874e+12	1.6694904916e+04
5.1938807706e+12	1.6707917102e+04
5.2032667138e+12	1.6720929287e+04
5.2126596130e+12	1.6733941472e+04
5.2220594644e+12	1.6746953658e+04
5.2314662642e+12	1.6759965843e+04
5.2408800084e+12	1.6772978028e+04
5.2503006932e+12	1.6785990214e+04
5.2597283147e+12	1.6799002399e+04
5.2691628692e+12	1.6812014585e+04
5.2786043526e+12	1.6825026770e+04
5.2880527612e+12	1.6838038955e+04
5.2975080912e+12	1.6851051141e+04
5.3069703387e+12	1.6864063326e+04
5.3164394998e+12	1.6877075511e+04
5.3259155707e+12	1.6890087697e+04
5.3353985475e+12	1.6903099882e+04
5.3448884265e+12	1.6916112067e+04
5.3543852038e+12	1.6929124253e+04
5.3638888755e+12	1.6942136438e+04
5.3733994379e+12	1.6955148624e+04
5.3829168871e+12	1.6968160809e+04
5.3924412193e+12	1.6981172994e+04
5.4019724306e+12	1.6994185180e+04
5.4115105173e+12	1.7007197365e+04
5.4210554756e+12	1.7020209550e+04
5.4306073016e+12	1.7033221736e+04
5.4401659915e+12	1.7046233921e+04
5.4497315415e+12	1.7059246107e+04
5.4593039478e+12	1.7072258292e+04
5.4688832066e+12	1.7085270477e+04
5.4784693141e+12	1.7098282663e+04
5.4880622666e+12	1.7111294848e+04
5.4976620601e+12	1.7124307033e+04
5.5072686910e+12	1.7137319219e+04
5.5168821555e+12	1.7150331404e+04
5.5265024496e+12	1.7163343590e+04
5.5361295698e+12	1.7176355775e+04
5.5457635122e+12	1.7189367960e+04
5.5554042729e+12	1.7202380146e+04
5.5650518483e+12	1.7215392331e+04
5.5747062346e+12	1.7228404516e+04
5.5843674280e+12	1.7241416702e+04
5.5940354247e+12	1.7254428887e+04
5.6037102210e+12	1.7267441072e+04
5.6133918130e+12	1.7280453258e+04
5.6230801972e+12	1.7293465443e+04
5.6327753696e+12	1.7306477629e+04
5.6424773265e+12	1.7319489814e+04
5.6521860642e+12	1.7332501999e+04
5.6619015790e+12	1.7345514185e+04
5.6716238670e+12	1.7358526370e+04
5.6813529246e+12	1.7371538555e+04
5.6910887480e+12	1.7384550741e+04
5.7008313335e+12	1.7397562926e+04
5.7105806773e+12	1.7410575112e+04
5.7203367757e+12	1.7423587297e+04
5.7300996249e+12	1.7436599482e+04
5.7398692213e+12	1.7449611668e+04
5.7496455611e+12	1.7462623853e+04
5.7594286406e+12	1.7475636038e+04
5.7692184561e+12	1.7488648224e+04
5.7790150038e+12	1.7501660409e+04
5.7888182801e+12	1.7514672594e+04
5.7986282811e+12	1.7527684780e+04
5.8084450033e+12	1.7540696965e+04
5.8182684430e+12	1.7553709151e+04
5.8280985963e+12	1.7566721336e+04
5.8379354596e+12	1.7579733521e+04
5.8477790292e+12	1.7592745707e+04
5.8576293014e+12	1.7605757892e+04
5.8674862726e+12	1.7618770077e+04
5.8773499390e+12	1.7631782263e+04
5.8872202969e+12	1.7644794448e+04
5.8970973426e+12	1.7657806634e+04
5.9069810725e+12	1.7670818819e+04
5.9168714829e+12	1.7683831004e+04
5.9267685701e+12	1.7696843190e+04
5.9366723304e+12	1.7709855375e+04
5.9465827602e+12	1.7722867560e+04
5.9564998558e+12	1.7735879746e+04
5.9664236135e+12	1.7748891931e+04
5.9763540296e+12	1.7761904116e+04
5.9862911005e+12	1.7774916302e+04
5.9962348226e+12	1.7787928487e+04
6.0061851921e+12	1.7800940673e+04
6.0161422054e+12	1.7813952858e+04
6.0261058589e+12	1.7826965043e+04
6.0360761490e+12	1.7839977229e+04
6.0460530718e+12	1.7852989414e+04
6.0560366239e+12	1.7866001599e+04
6.0660268016e+12	1.7879013785e+04
6.0760236013e+12	1.7892025970e+04
6.0860270192e+12	1.7905038156e+04
6.0960370518e+12	1.7918050341e+04
6.1060536954e+12	1.7931062526e+04
6.1160769464e+12	1.7944074712e+04
6.1261068013e+12	1.7957086897e+04
6.1361432562e+12	1.7970099082e+04
6.1461863077e+12	1.7983111268e+04
6.1562359522e+12	1.7996123453e+04
6.1662921859e+12	1.8009135639e+04
6.1763550053e+12	1.8022147824e+04
6.1864244068e+12	1.8035160009e+04
6.1965003867e+12	1.8048172195e+04
6.2065829416e+12	1.8061184380e+04
6.2166720676e+12	1.8074196565e+04
6.2267677614e+12	1.8087208751e+04
6.2368700191e+12	1.8100220936e+04
6.2469788374e+12	1.8113233121e+04
6.2570942125e+12	1.8126245307e+04
6.2672161409e+12	1.8139257492e+04
6.2773446190e+12	1.8152269678e+04
6.2874796432e+12	1.8165281863e+04
6.2976212099e+12	1.8178294048e+04
6.3077693156e+12	1.8191306234e+04
6.3179239566e+12	1.8204318419e+04
6.3280851294e+12	1.8217330604e+04
6.3382528304e+12	1.8230342790e+04
6.3484270561e+12	1.8243354975e+04
6.3586078028e+12	1.8256367161e+04
6.3687950671e+12	1.8269379346e+04
6.3789888453e+12	1.8282391531e+04
6.3891891339e+12	1.8295403717e+04
6.3993959293e+12	1.8308415902e+04
6.4096092280e+12	1.8321428087e+04
6.4198290265e+12	1.8334440273e+04
6.4300553211e+12	1.8347452458e+04
6.4402881083e+12	1.8360464643e+04
6.4505273846e+12	1.8373476829e+04
6.4607731465e+12	1.8386489014e+04
6.4710253904e+12	1.8399501200e+04
6.4812841127e+12	1.8412513385e+04
6.4915493100e+12	1.8425525570e+04
6.5018209787e+12	1.8438537756e+04
6.5120991152e+12	1.8451549941e+04
6.5223837161e+12	1.8464562126e+04
6.5326747778e+12	1.8477574312e+04
6.5429722968e+12	1.8490586497e+04
6.5532762696e+12	1.8503598683e+04
6.5635866926e+12	1.8516610868e+04
6.5739035624e+12	1.8529623053e+04
6.5842268754e+12	1.8542635239e+04
6.5945566281e+12	1.8555647424e+04
6.6048928171e+12	1.8568659609e+04
6.6152354388e+12	1.8581671795e+04
6.6255844897e+12	1.8594683980e+04
6.6359399663e+12	1.8607696165e+04
6.6463018651e+12	1.8620708351e+04
6.6566701827e+12	1.8633720536e+04
6.6670449155e+12	1.8646732722e+04
6.6774260600e+12	1.8659744907e+04
6.6878136128e+12	1.8672757092e+04
6.6982075703e+12	1.8685769278e+04
6.7086079292e+12	1.8698781463e+04
6.7190146859e+12	1.8711793648e+04
6.7294278369e+12	1.8724805834e+04
6.7398473787e+12	1.8737818019e+04
6.7502733080e+12	1.8750830205e+04
6.7607056212e+12	1.8763842390e+04
6.7711443148e+12	1.8776854575e+04
6.7815893854e+12	1.8789866761e+04
6.7920408296e+12	1.8802878946e+04
6.8024986438e+12	1.8815891131e+04
6.8129628247e+12	1.8828903317e+04
6.8234333687e+12	1.8841915502e+04
6.8339102724e+12	1.8854927688e+04
6.8443935324e+12	1.8867939873e+04
6.8548831452e+12	1.8880952058e+04
6.8653791074e+12	1.8893964244e+04
6.8758814155e+12	1.8906976429e+04
6.8863900661e+12	1.8919988614e+04
6.8969050558e+12	1.8933000800e+04
6.9074263810e+12	1.8946012985e+04
6.9179540385e+12	1.8959025170e+04
6.9284880247e+12	1.8972037356e+04
6.9390283363e+12	1.8985049541e+04
6.9495749698e+12	1.8998061727e+04
6.9601279217e+12	1.9011073912e+04
6.9706871888e+12	1.9024086097e+04
6.9812527675e+12	1.9037098283e+04
6.9918246544e+12	1.9050110468e+04
7.0024028462e+12	1.9063122653e+04
7.0129873393e+12	1.9076134839e+04
7.0235781305e+12	1.9089147024e+04
7.0341752163e+12	1.9102159210e+04
7.0447785933e+12	1.9115171395e+04
7.0553882582e+12	1.9128183580e+04
7.0660042074e+12	1.9141195766e+04
7.0766264376e+12	1.9154207951e+04
7.0872549455e+12	1.9167220136e+04
7.0978897276e+12	1.9180232322e+04
7.1085307806e+12	1.9193244507e+04
7.1191781010e+12	1.9206256692e+04
7.1298316855e+12	1.9219268878e+04
7.1404915307e+12	1.9232281063e+04
7.1511576333e+12	1.9245293249e+04
7.1618299898e+12	1.9258305434e+04
7.1725085968e+12	1.9271317619e+04
7.1831934511e+12	1.9284329805e+04
7.1938845493e+12	1.9297341990e+04
7.2045818879e+12	1.9310354175e+04
7.2152854636e+12	1.9323366361e+04
7.2259952731e+12	1.9336378546e+04
7.2367113130e+12	1.9349390732e+04
7.2474335799e+12	1.9362402917e+04
7.2581620705e+12	1.9375415102e+04
7.2688967815e+12	1.9388427288e+04
7.2796377094e+12	1.9401439473e+04
7.2903848510e+12	1.9414451658e+04
7.3011382029e+12	1.9427463844e+04
7.3118977618e+12	1.9440476029e+04
7.3226635243e+12	1.9453488214e+04
7.3334354871e+12	1.9466500400e+04
7.3442136469e+12	1.9479512585e+04
7.3549980003e+12	1.9492524771e+04
7.3657885440e+12	1.9505536956e+04
7.3765852746e+12	1.9518549141e+04
7.3873881890e+12	1.9531561327e+04
7.3981972836e+12	1.9544573512e+04
7.4090125553e+12	1.9557585697e+04
7.4198340006e+12	1.9570597883e+04
7.4306616164e+12	1.9583610068e+04
7.4414953992e+12	1.9596622254e+04
7.4523353458e+12	1.9609634439e+04
7.4631814528e+12	1.9622646624e+04
7.4740337170e+12	1.9635658810e+04
7.4848921351e+12	1.9648670995e+04
7.4957567037e+12	1.9661683180e+04
7.5066274195e+12	1.9674695366e+04
7.5175042793e+12	1.9687707551e+04
7.5283872798e+12	1.9700719737e+04
7.5392764177e+12	1.9713731922e+04
7.5501716897e+12	1.9726744107e+04
7.5610730924e+12	1.9739756293e+04
7.5719806227e+12	1.9752768478e+04
7.5828942773e+12	1.9765780663e+04
7.5938140528e+12	1.9778792849e+04
7.6047399460e+12	1.9791805034e+04
7.6156719536e+12	1.9804817219e+04
7.6266100724e+12	1.9817829405e+04
7.6375542991e+12	1.9830841590e+04
7.6485046304e+12	1.9843853776e+04
7.6594610630e+12	1.9856865961e+04
7.6704235937e+12	1.9869878146e+04
7.6813922193e+12	1.9882890332e+04
7.6923669364e+12	1.9895902517e+04
7.7033477419e+12	1.9908914702e+04
7.7143346325e+12	1.9921926888e+04
7.7253276048e+12	1.9934939073e+04
7.7363266558e+12	1.9947951259e+04
7.7473317821e+12	1.9960963444e+04
7.7583429805e+12	1.9973975629e+04
7.7693602477e+12	1.9986987815e+04
7.7803835806e+12	2.0000000000e+04
