# SiC (zinc-blende structure) EOS from Miozzi et al. (2018)
# Note that the zinc-blende to rock-salt phase transition occurs around 65-70 GPa
# Should switch to rock-salt EOS above that pressure
# Pressure (Pa)	Density (kg/m^3)
1.0000000000e+00	3.2164721939e+03
5.4641330542e+07	3.2172565061e+03
1.0932395763e+08	3.2180408182e+03
1.6404788942e+08	3.2188251303e+03
2.1881313405e+08	3.2196094424e+03
2.7361969969e+08	3.2203937545e+03
3.2846759449e+08	3.2211780666e+03
3.8335682658e+08	3.2219623788e+03
4.3828740412e+08	3.2227466909e+03
4.9325933525e+08	3.2235310030e+03
5.4827262813e+08	3.2243153151e+03
6.0332729088e+08	3.2250996272e+03
6.5842333166e+08	3.2258839394e+03
7.1356075861e+08	3.2266682515e+03
7.6873957986e+08	3.2274525636e+03
8.2395980356e+08	3.2282368757e+03
8.7922143784e+08	3.2290211878e+03
9.3452449083e+08	3.2298054999e+03
9.8986897068e+08	3.2305898121e+03
1.0452548855e+09	3.2313741242e+03
1.1006822435e+09	3.2321584363e+03
1.1561510527e+09	3.2329427484e+03
1.2116613213e+09	3.2337270605e+03
1.2672130574e+09	3.2345113727e+03
1.3228062691e+09	3.2352956848e+03
1.3784409646e+09	3.2360799969e+03
1.4341171520e+09	3.2368643090e+03
1.4898348393e+09	3.2376486211e+03
1.5455940349e+09	3.2384329332e+03
1.6013947467e+09	3.2392172454e+03
1.6572369828e+09	3.2400015575e+03
1.7131207515e+09	3.2407858696e+03
1.7690460607e+09	3.2415701817e+03
1.8250129187e+09	3.2423544938e+03
1.8810213336e+09	3.2431388060e+03
1.9370713134e+09	3.2439231181e+03
1.9931628662e+09	3.2447074302e+03
2.0492960003e+09	3.2454917423e+03
2.1054707237e+09	3.2462760544e+03
2.1616870444e+09	3.2470603665e+03
2.2179449707e+09	3.2478446787e+03
2.2742445105e+09	3.2486289908e+03
2.3305856722e+09	3.2494133029e+03
2.3869684636e+09	3.2501976150e+03
2.4433928929e+09	3.2509819271e+03
2.4998589683e+09	3.2517662393e+03
2.5563666979e+09	3.2525505514e+03
2.6129160896e+09	3.2533348635e+03
2.6695071517e+09	3.2541191756e+03
2.7261398922e+09	3.2549034877e+03
2.7828143193e+09	3.2556877998e+03
2.8395304410e+09	3.2564721120e+03
2.8962882653e+09	3.2572564241e+03
2.9530878005e+09	3.2580407362e+03
3.0099290546e+09	3.2588250483e+03
3.0668120356e+09	3.2596093604e+03
3.1237367518e+09	3.2603936726e+03
3.1807032111e+09	3.2611779847e+03
3.2377114216e+09	3.2619622968e+03
3.2947613915e+09	3.2627466089e+03
3.3518531288e+09	3.2635309210e+03
3.4089866416e+09	3.2643152331e+03
3.4661619379e+09	3.2650995453e+03
3.5233790260e+09	3.2658838574e+03
3.5806379137e+09	3.2666681695e+03
3.6379386093e+09	3.2674524816e+03
3.6952811208e+09	3.2682367937e+03
3.7526654562e+09	3.2690211059e+03
3.8100916237e+09	3.2698054180e+03
3.8675596313e+09	3.2705897301e+03
3.9250694871e+09	3.2713740422e+03
3.9826211992e+09	3.2721583543e+03
4.0402147755e+09	3.2729426664e+03
4.0978502243e+09	3.2737269786e+03
4.1555275535e+09	3.2745112907e+03
4.2132467713e+09	3.2752956028e+03
4.2710078856e+09	3.2760799149e+03
4.3288109047e+09	3.2768642270e+03
4.3866558364e+09	3.2776485392e+03
4.4445426889e+09	3.2784328513e+03
4.5024714702e+09	3.2792171634e+03
4.5604421885e+09	3.2800014755e+03
4.6184548516e+09	3.2807857876e+03
4.6765094679e+09	3.2815700997e+03
4.7346060451e+09	3.2823544119e+03
4.7927445915e+09	3.2831387240e+03
4.8509251151e+09	3.2839230361e+03
4.9091476238e+09	3.2847073482e+03
4.9674121259e+09	3.2854916603e+03
5.0257186293e+09	3.2862759725e+03
5.0840671420e+09	3.2870602846e+03
5.1424576722e+09	3.2878445967e+03
5.2008902278e+09	3.2886289088e+03
5.2593648169e+09	3.2894132209e+03
5.3178814476e+09	3.2901975330e+03
5.3764401279e+09	3.2909818452e+03
5.4350408658e+09	3.2917661573e+03
5.4936836693e+09	3.2925504694e+03
5.5523685466e+09	3.2933347815e+03
5.6110955056e+09	3.2941190936e+03
5.6698645545e+09	3.2949034058e+03
5.7286757011e+09	3.2956877179e+03
5.7875289536e+09	3.2964720300e+03
5.8464243199e+09	3.2972563421e+03
5.9053618082e+09	3.2980406542e+03
5.9643414264e+09	3.2988249663e+03
6.0233631826e+09	3.2996092785e+03
6.0824270848e+09	3.3003935906e+03
6.1415331410e+09	3.3011779027e+03
6.2006813593e+09	3.3019622148e+03
6.2598717476e+09	3.3027465269e+03
6.3191043141e+09	3.3035308391e+03
6.3783790667e+09	3.3043151512e+03
6.4376960134e+09	3.3050994633e+03
6.4970551622e+09	3.3058837754e+03
6.5564565213e+09	3.3066680875e+03
6.6159000986e+09	3.3074523996e+03
6.6753859020e+09	3.3082367118e+03
6.7349139397e+09	3.3090210239e+03
6.7944842196e+09	3.3098053360e+03
6.8540967498e+09	3.3105896481e+03
6.9137515383e+09	3.3113739602e+03
6.9734485930e+09	3.3121582724e+03
7.0331879220e+09	3.3129425845e+03
7.0929695333e+09	3.3137268966e+03
7.1527934349e+09	3.3145112087e+03
7.2126596348e+09	3.3152955208e+03
7.2725681410e+09	3.3160798329e+03
7.3325189615e+09	3.3168641451e+03
7.3925121043e+09	3.3176484572e+03
7.4525475774e+09	3.3184327693e+03
7.5126253889e+09	3.3192170814e+03
7.5727455466e+09	3.3200013935e+03
7.6329080587e+09	3.3207857057e+03
7.6931129330e+09	3.3215700178e+03
7.7533601777e+09	3.3223543299e+03
7.8136498007e+09	3.3231386420e+03
7.8739818099e+09	3.3239229541e+03
7.9343562134e+09	3.3247072662e+03
7.9947730192e+09	3.3254915784e+03
8.0552322352e+09	3.3262758905e+03
8.1157338695e+09	3.3270602026e+03
8.1762779300e+09	3.3278445147e+03
8.2368644247e+09	3.3286288268e+03
8.2974933616e+09	3.3294131390e+03
8.3581647487e+09	3.3301974511e+03
8.4188785940e+09	3.3309817632e+03
8.4796349054e+09	3.3317660753e+03
8.5404336909e+09	3.3325503874e+03
8.6012749586e+09	3.3333346995e+03
8.6621587163e+09	3.3341190117e+03
8.7230849720e+09	3.3349033238e+03
8.7840537338e+09	3.3356876359e+03
8.8450650096e+09	3.3364719480e+03
8.9061188074e+09	3.3372562601e+03
8.9672151352e+09	3.3380405723e+03
9.0283540008e+09	3.3388248844e+03
9.0895354124e+09	3.3396091965e+03
9.1507593778e+09	3.3403935086e+03
9.2120259050e+09	3.3411778207e+03
9.2733350020e+09	3.3419621328e+03
9.3346866768e+09	3.3427464450e+03
9.3960809373e+09	3.3435307571e+03
9.4575177915e+09	3.3443150692e+03
9.5189972473e+09	3.3450993813e+03
9.5805193127e+09	3.3458836934e+03
9.6420839957e+09	3.3466680056e+03
9.7036913042e+09	3.3474523177e+03
9.7653412461e+09	3.3482366298e+03
9.8270338296e+09	3.3490209419e+03
9.8887690623e+09	3.3498052540e+03
9.9505469525e+09	3.3505895661e+03
1.0012367508e+10	3.3513738783e+03
1.0074230737e+10	3.3521581904e+03
1.0136136646e+10	3.3529425025e+03
1.0198085245e+10	3.3537268146e+03
1.0260076541e+10	3.3545111267e+03
1.0322110543e+10	3.3552954389e+03
1.0384187257e+10	3.3560797510e+03
1.0446306692e+10	3.3568640631e+03
1.0508468856e+10	3.3576483752e+03
1.0570673756e+10	3.3584326873e+03
1.0632921402e+10	3.3592169994e+03
1.0695211800e+10	3.3600013116e+03
1.0757544959e+10	3.3607856237e+03
1.0819920886e+10	3.3615699358e+03
1.0882339590e+10	3.3623542479e+03
1.0944801078e+10	3.3631385600e+03
1.1007305359e+10	3.3639228722e+03
1.1069852440e+10	3.3647071843e+03
1.1132442329e+10	3.3654914964e+03
1.1195075034e+10	3.3662758085e+03
1.1257750563e+10	3.3670601206e+03
1.1320468925e+10	3.3678444327e+03
1.1383230126e+10	3.3686287449e+03
1.1446034176e+10	3.3694130570e+03
1.1508881081e+10	3.3701973691e+03
1.1571770849e+10	3.3709816812e+03
1.1634703490e+10	3.3717659933e+03
1.1697679010e+10	3.3725503055e+03
1.1760697417e+10	3.3733346176e+03
1.1823758720e+10	3.3741189297e+03
1.1886862926e+10	3.3749032418e+03
1.1950010044e+10	3.3756875539e+03
1.2013200080e+10	3.3764718660e+03
1.2076433044e+10	3.3772561782e+03
1.2139708943e+10	3.3780404903e+03
1.2203027784e+10	3.3788248024e+03
1.2266389577e+10	3.3796091145e+03
1.2329794328e+10	3.3803934266e+03
1.2393242045e+10	3.3811777388e+03
1.2456732738e+10	3.3819620509e+03
1.2520266412e+10	3.3827463630e+03
1.2583843077e+10	3.3835306751e+03
1.2647462740e+10	3.3843149872e+03
1.2711125410e+10	3.3850992993e+03
1.2774831093e+10	3.3858836115e+03
1.2838579799e+10	3.3866679236e+03
1.2902371534e+10	3.3874522357e+03
1.2966206307e+10	3.3882365478e+03
1.3030084126e+10	3.3890208599e+03
1.3094004998e+10	3.3898051721e+03
1.3157968932e+10	3.3905894842e+03
1.3221975935e+10	3.3913737963e+03
1.3286026015e+10	3.3921581084e+03
1.3350119180e+10	3.3929424205e+03
1.3414255439e+10	3.3937267326e+03
1.3478434798e+10	3.3945110448e+03
1.3542657266e+10	3.3952953569e+03
1.3606922851e+10	3.3960796690e+03
1.3671231560e+10	3.3968639811e+03
1.3735583402e+10	3.3976482932e+03
1.3799978384e+10	3.3984326054e+03
1.3864416514e+10	3.3992169175e+03
1.3928897801e+10	3.4000012296e+03
1.3993422251e+10	3.4007855417e+03
1.4057989873e+10	3.4015698538e+03
1.4122600675e+10	3.4023541659e+03
1.4187254665e+10	3.4031384781e+03
1.4251951850e+10	3.4039227902e+03
1.4316692239e+10	3.4047071023e+03
1.4381475838e+10	3.4054914144e+03
1.4446302657e+10	3.4062757265e+03
1.4511172703e+10	3.4070600387e+03
1.4576085984e+10	3.4078443508e+03
1.4641042507e+10	3.4086286629e+03
1.4706042281e+10	3.4094129750e+03
1.4771085314e+10	3.4101972871e+03
1.4836171613e+10	3.4109815992e+03
1.4901301186e+10	3.4117659114e+03
1.4966474041e+10	3.4125502235e+03
1.5031690186e+10	3.4133345356e+03
1.5096949629e+10	3.4141188477e+03
1.5162252377e+10	3.4149031598e+03
1.5227598439e+10	3.4156874720e+03
1.5292987823e+10	3.4164717841e+03
1.5358420535e+10	3.4172560962e+03
1.5423896585e+10	3.4180404083e+03
1.5489415980e+10	3.4188247204e+03
1.5554978727e+10	3.4196090325e+03
1.5620584835e+10	3.4203933447e+03
1.5686234312e+10	3.4211776568e+03
1.5751927164e+10	3.4219619689e+03
1.5817663401e+10	3.4227462810e+03
1.5883443031e+10	3.4235305931e+03
1.5949266060e+10	3.4243149053e+03
1.6015132496e+10	3.4250992174e+03
1.6081042349e+10	3.4258835295e+03
1.6146995625e+10	3.4266678416e+03
1.6212992332e+10	3.4274521537e+03
1.6279032478e+10	3.4282364658e+03
1.6345116071e+10	3.4290207780e+03
1.6411243119e+10	3.4298050901e+03
1.6477413629e+10	3.4305894022e+03
1.6543627610e+10	3.4313737143e+03
1.6609885070e+10	3.4321580264e+03
1.6676186015e+10	3.4329423386e+03
1.6742530455e+10	3.4337266507e+03
1.6808918396e+10	3.4345109628e+03
1.6875349847e+10	3.4352952749e+03
1.6941824815e+10	3.4360795870e+03
1.7008343309e+10	3.4368638991e+03
1.7074905336e+10	3.4376482113e+03
1.7141510904e+10	3.4384325234e+03
1.7208160021e+10	3.4392168355e+03
1.7274852694e+10	3.4400011476e+03
1.7341588932e+10	3.4407854597e+03
1.7408368741e+10	3.4415697719e+03
1.7475192132e+10	3.4423540840e+03
1.7542059110e+10	3.4431383961e+03
1.7608969683e+10	3.4439227082e+03
1.7675923860e+10	3.4447070203e+03
1.7742921649e+10	3.4454913324e+03
1.7809963057e+10	3.4462756446e+03
1.7877048092e+10	3.4470599567e+03
1.7944176761e+10	3.4478442688e+03
1.8011349074e+10	3.4486285809e+03
1.8078565036e+10	3.4494128930e+03
1.8145824657e+10	3.4501972052e+03
1.8213127944e+10	3.4509815173e+03
1.8280474905e+10	3.4517658294e+03
1.8347865548e+10	3.4525501415e+03
1.8415299880e+10	3.4533344536e+03
1.8482777909e+10	3.4541187657e+03
1.8550299644e+10	3.4549030779e+03
1.8617865091e+10	3.4556873900e+03
1.8685474259e+10	3.4564717021e+03
1.8753127156e+10	3.4572560142e+03
1.8820823789e+10	3.4580403263e+03
1.8888564166e+10	3.4588246385e+03
1.8956348295e+10	3.4596089506e+03
1.9024176183e+10	3.4603932627e+03
1.9092047840e+10	3.4611775748e+03
1.9159963271e+10	3.4619618869e+03
1.9227922486e+10	3.4627461990e+03
1.9295925491e+10	3.4635305112e+03
1.9363972295e+10	3.4643148233e+03
1.9432062906e+10	3.4650991354e+03
1.9500197331e+10	3.4658834475e+03
1.9568375578e+10	3.4666677596e+03
1.9636597655e+10	3.4674520718e+03
1.9704863569e+10	3.4682363839e+03
1.9773173329e+10	3.4690206960e+03
1.9841526942e+10	3.4698050081e+03
1.9909924416e+10	3.4705893202e+03
1.9978365759e+10	3.4713736323e+03
2.0046850978e+10	3.4721579445e+03
2.0115380082e+10	3.4729422566e+03
2.0183953077e+10	3.4737265687e+03
2.0252569973e+10	3.4745108808e+03
2.0321230776e+10	3.4752951929e+03
2.0389935495e+10	3.4760795051e+03
2.0458684137e+10	3.4768638172e+03
2.0527476710e+10	3.4776481293e+03
2.0596313222e+10	3.4784324414e+03
2.0665193680e+10	3.4792167535e+03
2.0734118093e+10	3.4800010656e+03
2.0803086467e+10	3.4807853778e+03
2.0872098812e+10	3.4815696899e+03
2.0941155134e+10	3.4823540020e+03
2.1010255441e+10	3.4831383141e+03
2.1079399742e+10	3.4839226262e+03
2.1148588043e+10	3.4847069384e+03
2.1217820354e+10	3.4854912505e+03
2.1287096680e+10	3.4862755626e+03
2.1356417031e+10	3.4870598747e+03
2.1425781414e+10	3.4878441868e+03
2.1495189836e+10	3.4886284989e+03
2.1564642306e+10	3.4894128111e+03
2.1634138832e+10	3.4901971232e+03
2.1703679420e+10	3.4909814353e+03
2.1773264079e+10	3.4917657474e+03
2.1842892816e+10	3.4925500595e+03
2.1912565640e+10	3.4933343717e+03
2.1982282557e+10	3.4941186838e+03
2.2052043577e+10	3.4949029959e+03
2.2121848706e+10	3.4956873080e+03
2.2191697952e+10	3.4964716201e+03
2.2261591323e+10	3.4972559322e+03
2.2331528827e+10	3.4980402444e+03
2.2401510471e+10	3.4988245565e+03
2.2471536264e+10	3.4996088686e+03
2.2541606213e+10	3.5003931807e+03
2.2611720325e+10	3.5011774928e+03
2.2681878609e+10	3.5019618050e+03
2.2752081072e+10	3.5027461171e+03
2.2822327722e+10	3.5035304292e+03
2.2892618566e+10	3.5043147413e+03
2.2962953613e+10	3.5050990534e+03
2.3033332871e+10	3.5058833655e+03
2.3103756346e+10	3.5066676777e+03
2.3174224046e+10	3.5074519898e+03
2.3244735980e+10	3.5082363019e+03
2.3315292156e+10	3.5090206140e+03
2.3385892580e+10	3.5098049261e+03
2.3456537260e+10	3.5105892383e+03
2.3527226205e+10	3.5113735504e+03
2.3597959422e+10	3.5121578625e+03
2.3668736918e+10	3.5129421746e+03
2.3739558702e+10	3.5137264867e+03
2.3810424781e+10	3.5145107988e+03
2.3881335163e+10	3.5152951110e+03
2.3952289856e+10	3.5160794231e+03
2.4023288867e+10	3.5168637352e+03
2.4094332204e+10	3.5176480473e+03
2.4165419875e+10	3.5184323594e+03
2.4236551887e+10	3.5192166716e+03
2.4307728249e+10	3.5200009837e+03
2.4378948967e+10	3.5207852958e+03
2.4450214051e+10	3.5215696079e+03
2.4521523506e+10	3.5223539200e+03
2.4592877342e+10	3.5231382321e+03
2.4664275565e+10	3.5239225443e+03
2.4735718184e+10	3.5247068564e+03
2.4807205206e+10	3.5254911685e+03
2.4878736639e+10	3.5262754806e+03
2.4950312491e+10	3.5270597927e+03
2.5021932769e+10	3.5278441049e+03
2.5093597481e+10	3.5286284170e+03
2.5165306635e+10	3.5294127291e+03
2.5237060238e+10	3.5301970412e+03
2.5308858299e+10	3.5309813533e+03
2.5380700824e+10	3.5317656654e+03
2.5452587822e+10	3.5325499776e+03
2.5524519300e+10	3.5333342897e+03
2.5596495266e+10	3.5341186018e+03
2.5668515728e+10	3.5349029139e+03
2.5740580693e+10	3.5356872260e+03
2.5812690169e+10	3.5364715382e+03
2.5884844164e+10	3.5372558503e+03
2.5957042685e+10	3.5380401624e+03
2.6029285741e+10	3.5388244745e+03
2.6101573338e+10	3.5396087866e+03
2.6173905485e+10	3.5403930987e+03
2.6246282189e+10	3.5411774109e+03
2.6318703458e+10	3.5419617230e+03
2.6391169299e+10	3.5427460351e+03
2.6463679721e+10	3.5435303472e+03
2.6536234730e+10	3.5443146593e+03
2.6608834336e+10	3.5450989715e+03
2.6681478544e+10	3.5458832836e+03
2.6754167364e+10	3.5466675957e+03
2.6826900802e+10	3.5474519078e+03
2.6899678867e+10	3.5482362199e+03
2.6972501565e+10	3.5490205320e+03
2.7045368905e+10	3.5498048442e+03
2.7118280895e+10	3.5505891563e+03
2.7191237542e+10	3.5513734684e+03
2.7264238853e+10	3.5521577805e+03
2.7337284837e+10	3.5529420926e+03
2.7410375501e+10	3.5537264048e+03
2.7483510853e+10	3.5545107169e+03
2.7556690900e+10	3.5552950290e+03
2.7629915651e+10	3.5560793411e+03
2.7703185112e+10	3.5568636532e+03
2.7776499291e+10	3.5576479653e+03
2.7849858197e+10	3.5584322775e+03
2.7923261836e+10	3.5592165896e+03
2.7996710217e+10	3.5600009017e+03
2.8070203347e+10	3.5607852138e+03
2.8143741234e+10	3.5615695259e+03
2.8217323885e+10	3.5623538381e+03
2.8290951308e+10	3.5631381502e+03
2.8364623511e+10	3.5639224623e+03
2.8438340501e+10	3.5647067744e+03
2.8512102286e+10	3.5654910865e+03
2.8585908875e+10	3.5662753986e+03
2.8659760273e+10	3.5670597108e+03
2.8733656489e+10	3.5678440229e+03
2.8807597532e+10	3.5686283350e+03
2.8881583407e+10	3.5694126471e+03
2.8955614124e+10	3.5701969592e+03
2.9029689689e+10	3.5709812714e+03
2.9103810110e+10	3.5717655835e+03
2.9177975395e+10	3.5725498956e+03
2.9252185552e+10	3.5733342077e+03
2.9326440588e+10	3.5741185198e+03
2.9400740511e+10	3.5749028319e+03
2.9475085329e+10	3.5756871441e+03
2.9549475049e+10	3.5764714562e+03
2.9623909678e+10	3.5772557683e+03
2.9698389225e+10	3.5780400804e+03
2.9772913697e+10	3.5788243925e+03
2.9847483102e+10	3.5796087047e+03
2.9922097447e+10	3.5803930168e+03
2.9996756740e+10	3.5811773289e+03
3.0071460988e+10	3.5819616410e+03
3.0146210200e+10	3.5827459531e+03
3.0221004383e+10	3.5835302652e+03
3.0295843545e+10	3.5843145774e+03
3.0370727692e+10	3.5850988895e+03
3.0445656834e+10	3.5858832016e+03
3.0520630977e+10	3.5866675137e+03
3.0595650128e+10	3.5874518258e+03
3.0670714297e+10	3.5882361380e+03
3.0745823490e+10	3.5890204501e+03
3.0820977715e+10	3.5898047622e+03
3.0896176979e+10	3.5905890743e+03
3.0971421291e+10	3.5913733864e+03
3.1046710657e+10	3.5921576985e+03
3.1122045086e+10	3.5929420107e+03
3.1197424585e+10	3.5937263228e+03
3.1272849162e+10	3.5945106349e+03
3.1348318823e+10	3.5952949470e+03
3.1423833578e+10	3.5960792591e+03
3.1499393434e+10	3.5968635713e+03
3.1574998397e+10	3.5976478834e+03
3.1650648476e+10	3.5984321955e+03
3.1726343679e+10	3.5992165076e+03
3.1802084013e+10	3.6000008197e+03
3.1877869485e+10	3.6007851318e+03
3.1953700103e+10	3.6015694440e+03
3.2029575876e+10	3.6023537561e+03
3.2105496809e+10	3.6031380682e+03
3.2181462912e+10	3.6039223803e+03
3.2257474192e+10	3.6047066924e+03
3.2333530655e+10	3.6054910046e+03
3.2409632311e+10	3.6062753167e+03
3.2485779166e+10	3.6070596288e+03
3.2561971228e+10	3.6078439409e+03
3.2638208505e+10	3.6086282530e+03
3.2714491004e+10	3.6094125651e+03
3.2790818733e+10	3.6101968773e+03
3.2867191699e+10	3.6109811894e+03
3.2943609911e+10	3.6117655015e+03
3.3020073375e+10	3.6125498136e+03
3.3096582099e+10	3.6133341257e+03
3.3173136092e+10	3.6141184379e+03
3.3249735360e+10	3.6149027500e+03
3.3326379910e+10	3.6156870621e+03
3.3403069752e+10	3.6164713742e+03
3.3479804892e+10	3.6172556863e+03
3.3556585337e+10	3.6180399984e+03
3.3633411096e+10	3.6188243106e+03
3.3710282176e+10	3.6196086227e+03
3.3787198585e+10	3.6203929348e+03
3.3864160329e+10	3.6211772469e+03
3.3941167418e+10	3.6219615590e+03
3.4018219858e+10	3.6227458712e+03
3.4095317657e+10	3.6235301833e+03
3.4172460822e+10	3.6243144954e+03
3.4249649361e+10	3.6250988075e+03
3.4326883282e+10	3.6258831196e+03
3.4404162593e+10	3.6266674317e+03
3.4481487300e+10	3.6274517439e+03
3.4558857412e+10	3.6282360560e+03
3.4636272935e+10	3.6290203681e+03
3.4713733878e+10	3.6298046802e+03
3.4791240249e+10	3.6305889923e+03
3.4868792054e+10	3.6313733045e+03
3.4946389301e+10	3.6321576166e+03
3.5024031998e+10	3.6329419287e+03
3.5101720153e+10	3.6337262408e+03
3.5179453773e+10	3.6345105529e+03
3.5257232865e+10	3.6352948650e+03
3.5335057437e+10	3.6360791772e+03
3.5412927497e+10	3.6368634893e+03
3.5490843053e+10	3.6376478014e+03
3.5568804111e+10	3.6384321135e+03
3.5646810679e+10	3.6392164256e+03
3.5724862766e+10	3.6400007378e+03
3.5802960378e+10	3.6407850499e+03
3.5881103523e+10	3.6415693620e+03
3.5959292209e+10	3.6423536741e+03
3.6037526443e+10	3.6431379862e+03
3.6115806233e+10	3.6439222983e+03
3.6194131586e+10	3.6447066105e+03
3.6272502510e+10	3.6454909226e+03
3.6350919012e+10	3.6462752347e+03
3.6429381101e+10	3.6470595468e+03
3.6507888783e+10	3.6478438589e+03
3.6586442066e+10	3.6486281711e+03
3.6665040957e+10	3.6494124832e+03
3.6743685465e+10	3.6501967953e+03
3.6822375597e+10	3.6509811074e+03
3.6901111360e+10	3.6517654195e+03
3.6979892762e+10	3.6525497316e+03
3.7058719810e+10	3.6533340438e+03
3.7137592512e+10	3.6541183559e+03
3.7216510876e+10	3.6549026680e+03
3.7295474908e+10	3.6556869801e+03
3.7374484617e+10	3.6564712922e+03
3.7453540011e+10	3.6572556044e+03
3.7532641096e+10	3.6580399165e+03
3.7611787880e+10	3.6588242286e+03
3.7690980371e+10	3.6596085407e+03
3.7770218576e+10	3.6603928528e+03
3.7849502503e+10	3.6611771649e+03
3.7928832159e+10	3.6619614771e+03
3.8008207552e+10	3.6627457892e+03
3.8087628690e+10	3.6635301013e+03
3.8167095579e+10	3.6643144134e+03
3.8246608228e+10	3.6650987255e+03
3.8326166644e+10	3.6658830377e+03
3.8405770835e+10	3.6666673498e+03
3.8485420807e+10	3.6674516619e+03
3.8565116569e+10	3.6682359740e+03
3.8644858129e+10	3.6690202861e+03
3.8724645493e+10	3.6698045982e+03
3.8804478669e+10	3.6705889104e+03
3.8884357664e+10	3.6713732225e+03
3.8964282488e+10	3.6721575346e+03
3.9044253145e+10	3.6729418467e+03
3.9124269645e+10	3.6737261588e+03
3.9204331995e+10	3.6745104710e+03
3.9284440202e+10	3.6752947831e+03
3.9364594274e+10	3.6760790952e+03
3.9444794218e+10	3.6768634073e+03
3.9525040043e+10	3.6776477194e+03
3.9605331754e+10	3.6784320315e+03
3.9685669360e+10	3.6792163437e+03
3.9766052869e+10	3.6800006558e+03
3.9846482288e+10	3.6807849679e+03
3.9926957624e+10	3.6815692800e+03
4.0007478885e+10	3.6823535921e+03
4.0088046079e+10	3.6831379043e+03
4.0168659212e+10	3.6839222164e+03
4.0249318293e+10	3.6847065285e+03
4.0330023329e+10	3.6854908406e+03
4.0410774327e+10	3.6862751527e+03
4.0491571296e+10	3.6870594648e+03
4.0572414242e+10	3.6878437770e+03
4.0653303172e+10	3.6886280891e+03
4.0734238096e+10	3.6894124012e+03
4.0815219019e+10	3.6901967133e+03
4.0896245950e+10	3.6909810254e+03
4.0977318896e+10	3.6917653376e+03
4.1058437864e+10	3.6925496497e+03
4.1139602862e+10	3.6933339618e+03
4.1220813898e+10	3.6941182739e+03
4.1302070979e+10	3.6949025860e+03
4.1383374112e+10	3.6956868981e+03
4.1464723305e+10	3.6964712103e+03
4.1546118566e+10	3.6972555224e+03
4.1627559902e+10	3.6980398345e+03
4.1709047320e+10	3.6988241466e+03
4.1790580828e+10	3.6996084587e+03
4.1872160433e+10	3.7003927709e+03
4.1953786144e+10	3.7011770830e+03
4.2035457967e+10	3.7019613951e+03
4.2117175909e+10	3.7027457072e+03
4.2198939979e+10	3.7035300193e+03
4.2280750184e+10	3.7043143314e+03
4.2362606532e+10	3.7050986436e+03
4.2444509029e+10	3.7058829557e+03
4.2526457683e+10	3.7066672678e+03
4.2608452502e+10	3.7074515799e+03
4.2690493494e+10	3.7082358920e+03
4.2772580665e+10	3.7090202042e+03
4.2854714023e+10	3.7098045163e+03
4.2936893577e+10	3.7105888284e+03
4.3019119332e+10	3.7113731405e+03
4.3101391297e+10	3.7121574526e+03
4.3183709479e+10	3.7129417647e+03
4.3266073886e+10	3.7137260769e+03
4.3348484524e+10	3.7145103890e+03
4.3430941403e+10	3.7152947011e+03
4.3513444528e+10	3.7160790132e+03
4.3595993908e+10	3.7168633253e+03
4.3678589550e+10	3.7176476375e+03
4.3761231461e+10	3.7184319496e+03
4.3843919649e+10	3.7192162617e+03
4.3926654121e+10	3.7200005738e+03
4.4009434886e+10	3.7207848859e+03
4.4092261949e+10	3.7215691980e+03
4.4175135319e+10	3.7223535102e+03
4.4258055004e+10	3.7231378223e+03
4.4341021010e+10	3.7239221344e+03
4.4424033345e+10	3.7247064465e+03
4.4507092017e+10	3.7254907586e+03
4.4590197033e+10	3.7262750708e+03
4.4673348401e+10	3.7270593829e+03
4.4756546127e+10	3.7278436950e+03
4.4839790220e+10	3.7286280071e+03
4.4923080686e+10	3.7294123192e+03
4.5006417534e+10	3.7301966313e+03
4.5089800771e+10	3.7309809435e+03
4.5173230404e+10	3.7317652556e+03
4.5256706441e+10	3.7325495677e+03
4.5340228889e+10	3.7333338798e+03
4.5423797755e+10	3.7341181919e+03
4.5507413047e+10	3.7349025041e+03
4.5591074773e+10	3.7356868162e+03
4.5674782940e+10	3.7364711283e+03
4.5758537555e+10	3.7372554404e+03
4.5842338626e+10	3.7380397525e+03
4.5926186160e+10	3.7388240646e+03
4.6010080165e+10	3.7396083768e+03
4.6094020648e+10	3.7403926889e+03
4.6178007617e+10	3.7411770010e+03
4.6262041078e+10	3.7419613131e+03
4.6346121041e+10	3.7427456252e+03
4.6430247511e+10	3.7435299374e+03
4.6514420496e+10	3.7443142495e+03
4.6598640004e+10	3.7450985616e+03
4.6682906042e+10	3.7458828737e+03
4.6767218618e+10	3.7466671858e+03
4.6851577739e+10	3.7474514979e+03
4.6935983412e+10	3.7482358101e+03
4.7020435646e+10	3.7490201222e+03
4.7104934447e+10	3.7498044343e+03
4.7189479822e+10	3.7505887464e+03
4.7274071780e+10	3.7513730585e+03
4.7358710327e+10	3.7521573707e+03
4.7443395472e+10	3.7529416828e+03
4.7528127221e+10	3.7537259949e+03
4.7612905582e+10	3.7545103070e+03
4.7697730562e+10	3.7552946191e+03
4.7782602169e+10	3.7560789312e+03
4.7867520410e+10	3.7568632434e+03
4.7952485293e+10	3.7576475555e+03
4.8037496825e+10	3.7584318676e+03
4.8122555013e+10	3.7592161797e+03
4.8207659866e+10	3.7600004918e+03
4.8292811389e+10	3.7607848040e+03
4.8378009591e+10	3.7615691161e+03
4.8463254480e+10	3.7623534282e+03
4.8548546061e+10	3.7631377403e+03
4.8633884344e+10	3.7639220524e+03
4.8719269335e+10	3.7647063645e+03
4.8804701042e+10	3.7654906767e+03
4.8890179473e+10	3.7662749888e+03
4.8975704633e+10	3.7670593009e+03
4.9061276532e+10	3.7678436130e+03
4.9146895176e+10	3.7686279251e+03
4.9232560573e+10	3.7694122373e+03
4.9318272731e+10	3.7701965494e+03
4.9404031655e+10	3.7709808615e+03
4.9489837355e+10	3.7717651736e+03
4.9575689838e+10	3.7725494857e+03
4.9661589110e+10	3.7733337978e+03
4.9747535179e+10	3.7741181100e+03
4.9833528054e+10	3.7749024221e+03
4.9919567740e+10	3.7756867342e+03
5.0005654245e+10	3.7764710463e+03
5.0091787578e+10	3.7772553584e+03
5.0177967745e+10	3.7780396706e+03
5.0264194753e+10	3.7788239827e+03
5.0350468610e+10	3.7796082948e+03
5.0436789324e+10	3.7803926069e+03
5.0523156902e+10	3.7811769190e+03
5.0609571351e+10	3.7819612311e+03
5.0696032678e+10	3.7827455433e+03
5.0782540892e+10	3.7835298554e+03
5.0869095999e+10	3.7843141675e+03
5.0955698006e+10	3.7850984796e+03
5.1042346922e+10	3.7858827917e+03
5.1129042754e+10	3.7866671039e+03
5.1215785508e+10	3.7874514160e+03
5.1302575193e+10	3.7882357281e+03
5.1389411815e+10	3.7890200402e+03
5.1476295383e+10	3.7898043523e+03
5.1563225903e+10	3.7905886644e+03
5.1650203383e+10	3.7913729766e+03
5.1737227830e+10	3.7921572887e+03
5.1824299252e+10	3.7929416008e+03
5.1911417656e+10	3.7937259129e+03
5.1998583049e+10	3.7945102250e+03
5.2085795439e+10	3.7952945372e+03
5.2173054833e+10	3.7960788493e+03
5.2260361238e+10	3.7968631614e+03
5.2347714663e+10	3.7976474735e+03
5.2435115114e+10	3.7984317856e+03
5.2522562598e+10	3.7992160977e+03
5.2610057123e+10	3.8000004099e+03
5.2697598697e+10	3.8007847220e+03
5.2785187327e+10	3.8015690341e+03
5.2872823020e+10	3.8023533462e+03
5.2960505783e+10	3.8031376583e+03
5.3048235624e+10	3.8039219705e+03
5.3136012550e+10	3.8047062826e+03
5.3223836569e+10	3.8054905947e+03
5.3311707688e+10	3.8062749068e+03
5.3399625914e+10	3.8070592189e+03
5.3487591255e+10	3.8078435310e+03
5.3575603718e+10	3.8086278432e+03
5.3663663310e+10	3.8094121553e+03
5.3751770039e+10	3.8101964674e+03
5.3839923912e+10	3.8109807795e+03
5.3928124937e+10	3.8117650916e+03
5.4016373121e+10	3.8125494038e+03
5.4104668470e+10	3.8133337159e+03
5.4193010994e+10	3.8141180280e+03
5.4281400698e+10	3.8149023401e+03
5.4369837590e+10	3.8156866522e+03
5.4458321678e+10	3.8164709643e+03
5.4546852970e+10	3.8172552765e+03
5.4635431471e+10	3.8180395886e+03
5.4724057190e+10	3.8188239007e+03
5.4812730134e+10	3.8196082128e+03
5.4901450311e+10	3.8203925249e+03
5.4990217727e+10	3.8211768371e+03
5.5079032390e+10	3.8219611492e+03
5.5167894308e+10	3.8227454613e+03
5.5256803488e+10	3.8235297734e+03
5.5345759936e+10	3.8243140855e+03
5.5434763661e+10	3.8250983976e+03
5.5523814670e+10	3.8258827098e+03
5.5612912970e+10	3.8266670219e+03
5.5702058569e+10	3.8274513340e+03
5.5791251473e+10	3.8282356461e+03
5.5880491691e+10	3.8290199582e+03
5.5969779229e+10	3.8298042704e+03
5.6059114095e+10	3.8305885825e+03
5.6148496296e+10	3.8313728946e+03
5.6237925839e+10	3.8321572067e+03
5.6327402733e+10	3.8329415188e+03
5.6416926983e+10	3.8337258309e+03
5.6506498598e+10	3.8345101431e+03
5.6596117585e+10	3.8352944552e+03
5.6685783951e+10	3.8360787673e+03
5.6775497704e+10	3.8368630794e+03
5.6865258850e+10	3.8376473915e+03
5.6955067398e+10	3.8384317037e+03
5.7044923354e+10	3.8392160158e+03
5.7134826726e+10	3.8400003279e+03
5.7224777521e+10	3.8407846400e+03
5.7314775746e+10	3.8415689521e+03
5.7404821410e+10	3.8423532642e+03
5.7494914518e+10	3.8431375764e+03
5.7585055079e+10	3.8439218885e+03
5.7675243100e+10	3.8447062006e+03
5.7765478587e+10	3.8454905127e+03
5.7855761550e+10	3.8462748248e+03
5.7946091993e+10	3.8470591370e+03
5.8036469926e+10	3.8478434491e+03
5.8126895356e+10	3.8486277612e+03
5.8217368289e+10	3.8494120733e+03
5.8307888733e+10	3.8501963854e+03
5.8398456695e+10	3.8509806975e+03
5.8489072183e+10	3.8517650097e+03
5.8579735203e+10	3.8525493218e+03
5.8670445765e+10	3.8533336339e+03
5.8761203873e+10	3.8541179460e+03
5.8852009537e+10	3.8549022581e+03
5.8942862762e+10	3.8556865703e+03
5.9033763557e+10	3.8564708824e+03
5.9124711929e+10	3.8572551945e+03
5.9215707885e+10	3.8580395066e+03
5.9306751433e+10	3.8588238187e+03
5.9397842579e+10	3.8596081308e+03
5.9488981331e+10	3.8603924430e+03
5.9580167697e+10	3.8611767551e+03
5.9671401683e+10	3.8619610672e+03
5.9762683297e+10	3.8627453793e+03
5.9854012546e+10	3.8635296914e+03
5.9945389438e+10	3.8643140036e+03
6.0036813979e+10	3.8650983157e+03
6.0128286178e+10	3.8658826278e+03
6.0219806041e+10	3.8666669399e+03
6.0311373576e+10	3.8674512520e+03
6.0402988790e+10	3.8682355641e+03
6.0494651690e+10	3.8690198763e+03
6.0586362284e+10	3.8698041884e+03
6.0678120579e+10	3.8705885005e+03
6.0769926581e+10	3.8713728126e+03
6.0861780300e+10	3.8721571247e+03
6.0953681741e+10	3.8729414369e+03
6.1045630912e+10	3.8737257490e+03
6.1137627821e+10	3.8745100611e+03
6.1229672474e+10	3.8752943732e+03
6.1321764879e+10	3.8760786853e+03
6.1413905043e+10	3.8768629974e+03
6.1506092974e+10	3.8776473096e+03
6.1598328678e+10	3.8784316217e+03
6.1690612164e+10	3.8792159338e+03
6.1782943438e+10	3.8800002459e+03
6.1875322507e+10	3.8807845580e+03
6.1967749380e+10	3.8815688702e+03
6.2060224062e+10	3.8823531823e+03
6.2152746562e+10	3.8831374944e+03
6.2245316887e+10	3.8839218065e+03
6.2337935044e+10	3.8847061186e+03
6.2430601040e+10	3.8854904307e+03
6.2523314883e+10	3.8862747429e+03
6.2616076580e+10	3.8870590550e+03
6.2708886137e+10	3.8878433671e+03
6.2801743563e+10	3.8886276792e+03
6.2894648865e+10	3.8894119913e+03
6.2987602050e+10	3.8901963035e+03
6.3080603125e+10	3.8909806156e+03
6.3173652097e+10	3.8917649277e+03
6.3266748974e+10	3.8925492398e+03
6.3359893763e+10	3.8933335519e+03
6.3453086472e+10	3.8941178640e+03
6.3546327107e+10	3.8949021762e+03
6.3639615676e+10	3.8956864883e+03
6.3732952185e+10	3.8964708004e+03
6.3826336644e+10	3.8972551125e+03
6.3919769058e+10	3.8980394246e+03
6.4013249434e+10	3.8988237368e+03
6.4106777781e+10	3.8996080489e+03
6.4200354105e+10	3.9003923610e+03
6.4293978414e+10	3.9011766731e+03
6.4387650715e+10	3.9019609852e+03
6.4481371015e+10	3.9027452973e+03
6.4575139321e+10	3.9035296095e+03
6.4668955641e+10	3.9043139216e+03
6.4762819982e+10	3.9050982337e+03
6.4856732351e+10	3.9058825458e+03
6.4950692756e+10	3.9066668579e+03
6.5044701203e+10	3.9074511701e+03
6.5138757700e+10	3.9082354822e+03
6.5232862255e+10	3.9090197943e+03
6.5327014874e+10	3.9098041064e+03
6.5421215564e+10	3.9105884185e+03
6.5515464334e+10	3.9113727306e+03
6.5609761189e+10	3.9121570428e+03
6.5704106139e+10	3.9129413549e+03
6.5798499188e+10	3.9137256670e+03
6.5892940346e+10	3.9145099791e+03
6.5987429619e+10	3.9152942912e+03
6.6081967014e+10	3.9160786034e+03
6.6176552539e+10	3.9168629155e+03
6.6271186201e+10	3.9176472276e+03
6.6365868007e+10	3.9184315397e+03
6.6460597965e+10	3.9192158518e+03
6.6555376081e+10	3.9200001639e+03
6.6650202363e+10	3.9207844761e+03
6.6745076818e+10	3.9215687882e+03
6.6839999453e+10	3.9223531003e+03
6.6934970276e+10	3.9231374124e+03
6.7029989294e+10	3.9239217245e+03
6.7125056514e+10	3.9247060367e+03
6.7220171943e+10	3.9254903488e+03
6.7315335588e+10	3.9262746609e+03
6.7410547458e+10	3.9270589730e+03
6.7505807558e+10	3.9278432851e+03
6.7601115896e+10	3.9286275972e+03
6.7696472480e+10	3.9294119094e+03
6.7791877317e+10	3.9301962215e+03
6.7887330413e+10	3.9309805336e+03
6.7982831777e+10	3.9317648457e+03
6.8078381414e+10	3.9325491578e+03
6.8173979334e+10	3.9333334700e+03
6.8269625542e+10	3.9341177821e+03
6.8365320046e+10	3.9349020942e+03
6.8461062854e+10	3.9356864063e+03
6.8556853972e+10	3.9364707184e+03
6.8652693407e+10	3.9372550305e+03
6.8748581168e+10	3.9380393427e+03
6.8844517260e+10	3.9388236548e+03
6.8940501692e+10	3.9396079669e+03
6.9036534471e+10	3.9403922790e+03
6.9132615603e+10	3.9411765911e+03
6.9228745096e+10	3.9419609033e+03
6.9324922957e+10	3.9427452154e+03
6.9421149194e+10	3.9435295275e+03
6.9517423813e+10	3.9443138396e+03
6.9613746823e+10	3.9450981517e+03
6.9710118229e+10	3.9458824638e+03
6.9806538039e+10	3.9466667760e+03
6.9903006261e+10	3.9474510881e+03
6.9999522902e+10	3.9482354002e+03
7.0096087968e+10	3.9490197123e+03
7.0192701468e+10	3.9498040244e+03
7.0289363408e+10	3.9505883366e+03
7.0386073795e+10	3.9513726487e+03
7.0482832638e+10	3.9521569608e+03
7.0579639942e+10	3.9529412729e+03
7.0676495715e+10	3.9537255850e+03
7.0773399964e+10	3.9545098971e+03
7.0870352697e+10	3.9552942093e+03
7.0967353921e+10	3.9560785214e+03
7.1064403642e+10	3.9568628335e+03
7.1161501869e+10	3.9576471456e+03
7.1258648608e+10	3.9584314577e+03
7.1355843867e+10	3.9592157699e+03
7.1453087652e+10	3.9600000820e+03
7.1550379971e+10	3.9607843941e+03
7.1647720831e+10	3.9615687062e+03
7.1745110240e+10	3.9623530183e+03
7.1842548204e+10	3.9631373304e+03
7.1940034730e+10	3.9639216426e+03
7.2037569827e+10	3.9647059547e+03
7.2135153501e+10	3.9654902668e+03
7.2232785758e+10	3.9662745789e+03
7.2330466608e+10	3.9670588910e+03
7.2428196056e+10	3.9678432032e+03
7.2525974109e+10	3.9686275153e+03
7.2623800776e+10	3.9694118274e+03
7.2721676063e+10	3.9701961395e+03
7.2819599977e+10	3.9709804516e+03
7.2917572526e+10	3.9717647637e+03
7.3015593717e+10	3.9725490759e+03
7.3113663556e+10	3.9733333880e+03
7.3211782052e+10	3.9741177001e+03
7.3309949211e+10	3.9749020122e+03
7.3408165040e+10	3.9756863243e+03
7.3506429547e+10	3.9764706365e+03
7.3604742739e+10	3.9772549486e+03
7.3703104623e+10	3.9780392607e+03
7.3801515206e+10	3.9788235728e+03
7.3899974495e+10	3.9796078849e+03
7.3998482498e+10	3.9803921970e+03
7.4097039222e+10	3.9811765092e+03
7.4195644673e+10	3.9819608213e+03
7.4294298860e+10	3.9827451334e+03
7.4393001788e+10	3.9835294455e+03
7.4491753466e+10	3.9843137576e+03
7.4590553901e+10	3.9850980698e+03
7.4689403099e+10	3.9858823819e+03
7.4788301069e+10	3.9866666940e+03
7.4887247816e+10	3.9874510061e+03
7.4986243349e+10	3.9882353182e+03
7.5085287674e+10	3.9890196303e+03
7.5184380798e+10	3.9898039425e+03
7.5283522729e+10	3.9905882546e+03
7.5382713475e+10	3.9913725667e+03
7.5481953041e+10	3.9921568788e+03
7.5581241435e+10	3.9929411909e+03
7.5680578665e+10	3.9937255031e+03
7.5779964737e+10	3.9945098152e+03
7.5879399659e+10	3.9952941273e+03
7.5978883438e+10	3.9960784394e+03
7.6078416081e+10	3.9968627515e+03
7.6177997595e+10	3.9976470636e+03
7.6277627988e+10	3.9984313758e+03
7.6377307266e+10	3.9992156879e+03
7.6477035436e+10	4.0000000000e+03
8.0596051885e+10	4.0320641283e+03
8.4797283259e+10	4.0641282565e+03
8.9081214975e+10	4.0961923848e+03
9.3448330250e+10	4.1282565130e+03
9.7899110135e+10	4.1603206413e+03
1.0243403355e+11	4.1923847695e+03
1.0705357731e+11	4.2244488978e+03
1.1175821617e+11	4.2565130261e+03
1.1654842282e+11	4.2885771543e+03
1.2142466797e+11	4.3206412826e+03
1.2638742033e+11	4.3527054108e+03
1.3143714665e+11	4.3847695391e+03
1.3657431178e+11	4.4168336673e+03
1.4179937864e+11	4.4488977956e+03
1.4711280830e+11	4.4809619238e+03
1.5251505997e+11	4.5130260521e+03
1.5800659104e+11	4.5450901804e+03
1.6358785712e+11	4.5771543086e+03
1.6925931202e+11	4.6092184369e+03
1.7502140782e+11	4.6412825651e+03
1.8087459487e+11	4.6733466934e+03
1.8681932183e+11	4.7054108216e+03
1.9285603565e+11	4.7374749499e+03
1.9898518165e+11	4.7695390782e+03
2.0520720350e+11	4.8016032064e+03
2.1152254326e+11	4.8336673347e+03
2.1793164138e+11	4.8657314629e+03
2.2443493676e+11	4.8977955912e+03
2.3103286673e+11	4.9298597194e+03
2.3772586707e+11	4.9619238477e+03
2.4451437208e+11	4.9939879760e+03
2.5139881453e+11	5.0260521042e+03
2.5837962572e+11	5.0581162325e+03
2.6545723549e+11	5.0901803607e+03
2.7263207225e+11	5.1222444890e+03
2.7990456294e+11	5.1543086172e+03
2.8727513315e+11	5.1863727455e+03
2.9474420702e+11	5.2184368737e+03
3.0231220736e+11	5.2505010020e+03
3.0997955559e+11	5.2825651303e+03
3.1774667179e+11	5.3146292585e+03
3.2561397471e+11	5.3466933868e+03
3.3358188181e+11	5.3787575150e+03
3.4165080922e+11	5.4108216433e+03
3.4982117180e+11	5.4428857715e+03
3.5809338313e+11	5.4749498998e+03
3.6646785555e+11	5.5070140281e+03
3.7494500015e+11	5.5390781563e+03
3.8352522679e+11	5.5711422846e+03
3.9220894411e+11	5.6032064128e+03
4.0099655957e+11	5.6352705411e+03
4.0988847942e+11	5.6673346693e+03
4.1888510874e+11	5.6993987976e+03
4.2798685145e+11	5.7314629259e+03
4.3719411033e+11	5.7635270541e+03
4.4650728700e+11	5.7955911824e+03
4.5592678197e+11	5.8276553106e+03
4.6545299462e+11	5.8597194389e+03
4.7508632325e+11	5.8917835671e+03
4.8482716505e+11	5.9238476954e+03
4.9467591613e+11	5.9559118236e+03
5.0463297154e+11	5.9879759519e+03
5.1469872528e+11	6.0200400802e+03
5.2487357027e+11	6.0521042084e+03
5.3515789842e+11	6.0841683367e+03
5.4555210061e+11	6.1162324649e+03
5.5605656669e+11	6.1482965932e+03
5.6667168553e+11	6.1803607214e+03
5.7739784497e+11	6.2124248497e+03
5.8823543188e+11	6.2444889780e+03
5.9918483217e+11	6.2765531062e+03
6.1024643074e+11	6.3086172345e+03
6.2142061158e+11	6.3406813627e+03
6.3270775769e+11	6.3727454910e+03
6.4410825115e+11	6.4048096192e+03
6.5562247311e+11	6.4368737475e+03
6.6725080379e+11	6.4689378758e+03
6.7899362250e+11	6.5010020040e+03
6.9085130764e+11	6.5330661323e+03
7.0282423672e+11	6.5651302605e+03
7.1491278635e+11	6.5971943888e+03
7.2711733228e+11	6.6292585170e+03
7.3943824937e+11	6.6613226453e+03
7.5187591162e+11	6.6933867735e+03
7.6443069216e+11	6.7254509018e+03
7.7710296330e+11	6.7575150301e+03
7.8989309649e+11	6.7895791583e+03
8.0280146235e+11	6.8216432866e+03
8.1582843067e+11	6.8537074148e+03
8.2897437042e+11	6.8857715431e+03
8.4223964976e+11	6.9178356713e+03
8.5562463605e+11	6.9498997996e+03
8.6912969585e+11	6.9819639279e+03
8.8275519492e+11	7.0140280561e+03
8.9650149825e+11	7.0460921844e+03
9.1036897004e+11	7.0781563126e+03
9.2435797373e+11	7.1102204409e+03
9.3846887198e+11	7.1422845691e+03
9.5270202671e+11	7.1743486974e+03
9.6705779908e+11	7.2064128257e+03
9.8153654950e+11	7.2384769539e+03
9.9613863765e+11	7.2705410822e+03
1.0108644225e+12	7.3026052104e+03
1.0257142622e+12	7.3346693387e+03
1.0406885143e+12	7.3667334669e+03
1.0557875355e+12	7.3987975952e+03
1.0710116820e+12	7.4308617234e+03
1.0863613091e+12	7.4629258517e+03
1.1018367714e+12	7.4949899800e+03
1.1174384230e+12	7.5270541082e+03
1.1331666172e+12	7.5591182365e+03
1.1490217065e+12	7.5911823647e+03
1.1650040428e+12	7.6232464930e+03
1.1811139775e+12	7.6553106212e+03
1.1973518612e+12	7.6873747495e+03
1.2137180437e+12	7.7194388778e+03
1.2302128744e+12	7.7515030060e+03
1.2468367019e+12	7.7835671343e+03
1.2635898742e+12	7.8156312625e+03
1.2804727386e+12	7.8476953908e+03
1.2974856418e+12	7.8797595190e+03
1.3146289300e+12	7.9118236473e+03
1.3319029486e+12	7.9438877756e+03
1.3493080424e+12	7.9759519038e+03
1.3668445556e+12	8.0080160321e+03
1.3845128319e+12	8.0400801603e+03
1.4023132143e+12	8.0721442886e+03
1.4202460451e+12	8.1042084168e+03
1.4383116662e+12	8.1362725451e+03
1.4565104188e+12	8.1683366733e+03
1.4748426435e+12	8.2004008016e+03
1.4933086803e+12	8.2324649299e+03
1.5119088686e+12	8.2645290581e+03
1.5306435475e+12	8.2965931864e+03
1.5495130551e+12	8.3286573146e+03
1.5685177293e+12	8.3607214429e+03
1.5876579071e+12	8.3927855711e+03
1.6069339252e+12	8.4248496994e+03
1.6263461197e+12	8.4569138277e+03
1.6458948261e+12	8.4889779559e+03
1.6655803792e+12	8.5210420842e+03
1.6854031137e+12	8.5531062124e+03
1.7053633632e+12	8.5851703407e+03
1.7254614612e+12	8.6172344689e+03
1.7456977405e+12	8.6492985972e+03
1.7660725333e+12	8.6813627255e+03
1.7865861713e+12	8.7134268537e+03
1.8072389859e+12	8.7454909820e+03
1.8280313077e+12	8.7775551102e+03
1.8489634669e+12	8.8096192385e+03
1.8700357932e+12	8.8416833667e+03
1.8912486157e+12	8.8737474950e+03
1.9126022632e+12	8.9058116232e+03
1.9340970638e+12	8.9378757515e+03
1.9557333452e+12	8.9699398798e+03
1.9775114345e+12	9.0020040080e+03
1.9994316585e+12	9.0340681363e+03
2.0214943432e+12	9.0661322645e+03
2.0436998145e+12	9.0981963928e+03
2.0660483976e+12	9.1302605210e+03
2.0885404172e+12	9.1623246493e+03
2.1111761975e+12	9.1943887776e+03
2.1339560625e+12	9.2264529058e+03
2.1568803354e+12	9.2585170341e+03
2.1799493391e+12	9.2905811623e+03
2.2031633959e+12	9.3226452906e+03
2.2265228279e+12	9.3547094188e+03
2.2500279566e+12	9.3867735471e+03
2.2736791029e+12	9.4188376754e+03
2.2974765874e+12	9.4509018036e+03
2.3214207302e+12	9.4829659319e+03
2.3455118512e+12	9.5150300601e+03
2.3697502694e+12	9.5470941884e+03
2.3941363037e+12	9.5791583166e+03
2.4186702724e+12	9.6112224449e+03
2.4433524935e+12	9.6432865731e+03
2.4681832845e+12	9.6753507014e+03
2.4931629624e+12	9.7074148297e+03
2.5182918439e+12	9.7394789579e+03
2.5435702452e+12	9.7715430862e+03
2.5689984821e+12	9.8036072144e+03
2.5945768699e+12	9.8356713427e+03
2.6203057236e+12	9.8677354709e+03
2.6461853578e+12	9.8997995992e+03
2.6722160865e+12	9.9318637275e+03
2.6983982236e+12	9.9639278557e+03
2.7247320822e+12	9.9959919840e+03
2.7512179754e+12	1.0028056112e+04
2.7778562155e+12	1.0060120240e+04
2.8046471149e+12	1.0092184369e+04
2.8315909850e+12	1.0124248497e+04
2.8586881373e+12	1.0156312625e+04
2.8859388827e+12	1.0188376754e+04
2.9133435316e+12	1.0220440882e+04
2.9409023943e+12	1.0252505010e+04
2.9686157806e+12	1.0284569138e+04
2.9964839996e+12	1.0316633267e+04
3.0245073606e+12	1.0348697395e+04
3.0526861720e+12	1.0380761523e+04
3.0810207421e+12	1.0412825651e+04
3.1095113788e+12	1.0444889780e+04
3.1381583895e+12	1.0476953908e+04
3.1669620814e+12	1.0509018036e+04
3.1959227612e+12	1.0541082164e+04
3.2250407353e+12	1.0573146293e+04
3.2543163097e+12	1.0605210421e+04
3.2837497900e+12	1.0637274549e+04
3.3133414816e+12	1.0669338677e+04
3.3430916894e+12	1.0701402806e+04
3.3730007179e+12	1.0733466934e+04
3.4030688714e+12	1.0765531062e+04
3.4332964538e+12	1.0797595190e+04
3.4636837685e+12	1.0829659319e+04
3.4942311187e+12	1.0861723447e+04
3.5249388073e+12	1.0893787575e+04
3.5558071367e+12	1.0925851703e+04
3.5868364091e+12	1.0957915832e+04
3.6180269262e+12	1.0989979960e+04
3.6493789895e+12	1.1022044088e+04
3.6808929002e+12	1.1054108216e+04
3.7125689589e+12	1.1086172345e+04
3.7444074662e+12	1.1118236473e+04
3.7764087221e+12	1.1150300601e+04
3.8085730265e+12	1.1182364729e+04
3.8409006788e+12	1.1214428858e+04
3.8733919781e+12	1.1246492986e+04
3.9060472231e+12	1.1278557114e+04
3.9388667125e+12	1.1310621242e+04
3.9718507443e+12	1.1342685371e+04
4.0049996164e+12	1.1374749499e+04
4.0383136263e+12	1.1406813627e+04
4.0717930711e+12	1.1438877756e+04
4.1054382479e+12	1.1470941884e+04
4.1392494530e+12	1.1503006012e+04
4.1732269829e+12	1.1535070140e+04
4.2073711334e+12	1.1567134269e+04
4.2416822001e+12	1.1599198397e+04
4.2761604785e+12	1.1631262525e+04
4.3108062635e+12	1.1663326653e+04
4.3456198498e+12	1.1695390782e+04
4.3806015319e+12	1.1727454910e+04
4.4157516039e+12	1.1759519038e+04
4.4510703596e+12	1.1791583166e+04
4.4865580924e+12	1.1823647295e+04
4.5222150957e+12	1.1855711423e+04
4.5580416624e+12	1.1887775551e+04
4.5940380850e+12	1.1919839679e+04
4.6302046559e+12	1.1951903808e+04
4.6665416672e+12	1.1983967936e+04
4.7030494106e+12	1.2016032064e+04
4.7397281776e+12	1.2048096192e+04
4.7765782593e+12	1.2080160321e+04
4.8135999467e+12	1.2112224449e+04
4.8507935304e+12	1.2144288577e+04
4.8881593007e+12	1.2176352705e+04
4.9256975477e+12	1.2208416834e+04
4.9634085611e+12	1.2240480962e+04
5.0012926304e+12	1.2272545090e+04
5.0393500448e+12	1.2304609218e+04
5.0775810933e+12	1.2336673347e+04
5.1159860644e+12	1.2368737475e+04
5.1545652468e+12	1.2400801603e+04
5.1933189283e+12	1.2432865731e+04
5.2322473969e+12	1.2464929860e+04
5.2713509402e+12	1.2496993988e+04
5.3106298454e+12	1.2529058116e+04
5.3500843996e+12	1.2561122244e+04
5.3897148896e+12	1.2593186373e+04
5.4295216019e+12	1.2625250501e+04
5.4695048228e+12	1.2657314629e+04
5.5096648381e+12	1.2689378758e+04
5.5500019337e+12	1.2721442886e+04
5.5905163950e+12	1.2753507014e+04
5.6312085073e+12	1.2785571142e+04
5.6720785554e+12	1.2817635271e+04
5.7131268241e+12	1.2849699399e+04
5.7543535977e+12	1.2881763527e+04
5.7957591606e+12	1.2913827655e+04
5.8373437966e+12	1.2945891784e+04
5.8791077894e+12	1.2977955912e+04
5.9210514224e+12	1.3010020040e+04
5.9631749789e+12	1.3042084168e+04
6.0054787417e+12	1.3074148297e+04
6.0479629935e+12	1.3106212425e+04
6.0906280168e+12	1.3138276553e+04
6.1334740938e+12	1.3170340681e+04
6.1765015064e+12	1.3202404810e+04
6.2197105364e+12	1.3234468938e+04
6.2631014651e+12	1.3266533066e+04
6.3066745739e+12	1.3298597194e+04
6.3504301437e+12	1.3330661323e+04
6.3943684553e+12	1.3362725451e+04
6.4384897892e+12	1.3394789579e+04
6.4827944257e+12	1.3426853707e+04
6.5272826447e+12	1.3458917836e+04
6.5719547262e+12	1.3490981964e+04
6.6168109496e+12	1.3523046092e+04
6.6618515944e+12	1.3555110220e+04
6.7070769397e+12	1.3587174349e+04
6.7524872642e+12	1.3619238477e+04
6.7980828467e+12	1.3651302605e+04
6.8438639657e+12	1.3683366733e+04
6.8898308992e+12	1.3715430862e+04
6.9359839253e+12	1.3747494990e+04
6.9823233217e+12	1.3779559118e+04
7.0288493659e+12	1.3811623246e+04
7.0755623352e+12	1.3843687375e+04
7.1224625068e+12	1.3875751503e+04
7.1695501574e+12	1.3907815631e+04
7.2168255636e+12	1.3939879760e+04
7.2642890020e+12	1.3971943888e+04
7.3119407487e+12	1.4004008016e+04
7.3597810796e+12	1.4036072144e+04
7.4078102706e+12	1.4068136273e+04
7.4560285972e+12	1.4100200401e+04
7.5044363346e+12	1.4132264529e+04
7.5530337580e+12	1.4164328657e+04
7.6018211424e+12	1.4196392786e+04
7.6507987624e+12	1.4228456914e+04
7.6999668924e+12	1.4260521042e+04
7.7493258068e+12	1.4292585170e+04
7.7988757796e+12	1.4324649299e+04
7.8486170846e+12	1.4356713427e+04
7.8985499955e+12	1.4388777555e+04
7.9486747857e+12	1.4420841683e+04
7.9989917285e+12	1.4452905812e+04
8.0495010968e+12	1.4484969940e+04
8.1002031634e+12	1.4517034068e+04
8.1510982011e+12	1.4549098196e+04
8.2021864821e+12	1.4581162325e+04
8.2534682788e+12	1.4613226453e+04
8.3049438630e+12	1.4645290581e+04
8.3566135066e+12	1.4677354709e+04
8.4084774812e+12	1.4709418838e+04
8.4605360582e+12	1.4741482966e+04
8.5127895089e+12	1.4773547094e+04
8.5652381041e+12	1.4805611222e+04
8.6178821147e+12	1.4837675351e+04
8.6707218114e+12	1.4869739479e+04
8.7237574645e+12	1.4901803607e+04
8.7769893443e+12	1.4933867735e+04
8.8304177208e+12	1.4965931864e+04
8.8840428639e+12	1.4997995992e+04
8.9378650431e+12	1.5030060120e+04
8.9918845280e+12	1.5062124248e+04
9.0461015877e+12	1.5094188377e+04
9.1005164915e+12	1.5126252505e+04
9.1551295081e+12	1.5158316633e+04
9.2099409062e+12	1.5190380762e+04
9.2649509544e+12	1.5222444890e+04
9.3201599210e+12	1.5254509018e+04
9.3755680741e+12	1.5286573146e+04
9.4311756816e+12	1.5318637275e+04
9.4869830113e+12	1.5350701403e+04
9.5429903309e+12	1.5382765531e+04
9.5991979076e+12	1.5414829659e+04
9.6556060087e+12	1.5446893788e+04
9.7122149013e+12	1.5478957916e+04
9.7690248521e+12	1.5511022044e+04
9.8260361278e+12	1.5543086172e+04
9.8832489950e+12	1.5575150301e+04
9.9406637199e+12	1.5607214429e+04
9.9982805687e+12	1.5639278557e+04
1.0056099807e+13	1.5671342685e+04
1.0114121701e+13	1.5703406814e+04
1.0172346517e+13	1.5735470942e+04
1.0230774519e+13	1.5767535070e+04
1.0289405972e+13	1.5799599198e+04
1.0348241143e+13	1.5831663327e+04
1.0407280295e+13	1.5863727455e+04
1.0466523694e+13	1.5895791583e+04
1.0525971604e+13	1.5927855711e+04
1.0585624290e+13	1.5959919840e+04
1.0645482015e+13	1.5991983968e+04
1.0705545044e+13	1.6024048096e+04
1.0765813640e+13	1.6056112224e+04
1.0826288067e+13	1.6088176353e+04
1.0886968590e+13	1.6120240481e+04
1.0947855470e+13	1.6152304609e+04
1.1008948971e+13	1.6184368737e+04
1.1070249357e+13	1.6216432866e+04
1.1131756890e+13	1.6248496994e+04
1.1193471833e+13	1.6280561122e+04
1.1255394448e+13	1.6312625251e+04
1.1317524998e+13	1.6344689379e+04
1.1379863745e+13	1.6376753507e+04
1.1442410951e+13	1.6408817635e+04
1.1505166877e+13	1.6440881764e+04
1.1568131786e+13	1.6472945892e+04
1.1631305939e+13	1.6505010020e+04
1.1694689597e+13	1.6537074148e+04
1.1758283022e+13	1.6569138277e+04
1.1822086475e+13	1.6601202405e+04
1.1886100216e+13	1.6633266533e+04
1.1950324506e+13	1.6665330661e+04
1.2014759606e+13	1.6697394790e+04
1.2079405777e+13	1.6729458918e+04
1.2144263278e+13	1.6761523046e+04
1.2209332369e+13	1.6793587174e+04
1.2274613311e+13	1.6825651303e+04
1.2340106364e+13	1.6857715431e+04
1.2405811786e+13	1.6889779559e+04
1.2471729838e+13	1.6921843687e+04
1.2537860779e+13	1.6953907816e+04
1.2604204868e+13	1.6985971944e+04
1.2670762363e+13	1.7018036072e+04
1.2737533525e+13	1.7050100200e+04
1.2804518611e+13	1.7082164329e+04
1.2871717880e+13	1.7114228457e+04
1.2939131591e+13	1.7146292585e+04
1.3006760001e+13	1.7178356713e+04
1.3074603369e+13	1.7210420842e+04
1.3142661953e+13	1.7242484970e+04
1.3210936011e+13	1.7274549098e+04
1.3279425800e+13	1.7306613226e+04
1.3348131578e+13	1.7338677355e+04
1.3417053602e+13	1.7370741483e+04
1.3486192129e+13	1.7402805611e+04
1.3555547417e+13	1.7434869739e+04
1.3625119722e+13	1.7466933868e+04
1.3694909301e+13	1.7498997996e+04
1.3764916411e+13	1.7531062124e+04
1.3835141308e+13	1.7563126253e+04
1.3905584249e+13	1.7595190381e+04
1.3976245490e+13	1.7627254509e+04
1.4047125286e+13	1.7659318637e+04
1.4118223894e+13	1.7691382766e+04
1.4189541570e+13	1.7723446894e+04
1.4261078569e+13	1.7755511022e+04
1.4332835146e+13	1.7787575150e+04
1.4404811557e+13	1.7819639279e+04
1.4477008058e+13	1.7851703407e+04
1.4549424903e+13	1.7883767535e+04
1.4622062346e+13	1.7915831663e+04
1.4694920644e+13	1.7947895792e+04
1.4768000050e+13	1.7979959920e+04
1.4841300820e+13	1.8012024048e+04
1.4914823207e+13	1.8044088176e+04
1.4988567465e+13	1.8076152305e+04
1.5062533849e+13	1.8108216433e+04
1.5136722613e+13	1.8140280561e+04
1.5211134010e+13	1.8172344689e+04
1.5285768295e+13	1.8204408818e+04
1.5360625720e+13	1.8236472946e+04
1.5435706539e+13	1.8268537074e+04
1.5511011006e+13	1.8300601202e+04
1.5586539374e+13	1.8332665331e+04
1.5662291895e+13	1.8364729459e+04
1.5738268822e+13	1.8396793587e+04
1.5814470408e+13	1.8428857715e+04
1.5890896907e+13	1.8460921844e+04
1.5967548569e+13	1.8492985972e+04
1.6044425649e+13	1.8525050100e+04
1.6121528397e+13	1.8557114228e+04
1.6198857066e+13	1.8589178357e+04
1.6276411908e+13	1.8621242485e+04
1.6354193174e+13	1.8653306613e+04
1.6432201117e+13	1.8685370741e+04
1.6510435988e+13	1.8717434870e+04
1.6588898038e+13	1.8749498998e+04
1.6667587519e+13	1.8781563126e+04
1.6746504682e+13	1.8813627255e+04
1.6825649778e+13	1.8845691383e+04
1.6905023057e+13	1.8877755511e+04
1.6984624771e+13	1.8909819639e+04
1.7064455171e+13	1.8941883768e+04
1.7144514506e+13	1.8973947896e+04
1.7224803028e+13	1.9006012024e+04
1.7305320986e+13	1.9038076152e+04
1.7386068631e+13	1.9070140281e+04
1.7467046213e+13	1.9102204409e+04
1.7548253981e+13	1.9134268537e+04
1.7629692186e+13	1.9166332665e+04
1.7711361077e+13	1.9198396794e+04
1.7793260904e+13	1.9230460922e+04
1.7875391916e+13	1.9262525050e+04
1.7957754362e+13	1.9294589178e+04
1.8040348492e+13	1.9326653307e+04
1.8123174554e+13	1.9358717435e+04
1.8206232799e+13	1.9390781563e+04
1.8289523473e+13	1.9422845691e+04
1.8373046827e+13	1.9454909820e+04
1.8456803109e+13	1.9486973948e+04
1.8540792566e+13	1.9519038076e+04
1.8625015448e+13	1.9551102204e+04
1.8709472003e+13	1.9583166333e+04
1.8794162479e+13	1.9615230461e+04
1.8879087124e+13	1.9647294589e+04
1.8964246185e+13	1.9679358717e+04
1.9049639910e+13	1.9711422846e+04
1.9135268548e+13	1.9743486974e+04
1.9221132345e+13	1.9775551102e+04
1.9307231550e+13	1.9807615230e+04
1.9393566408e+13	1.9839679359e+04
1.9480137168e+13	1.9871743487e+04
1.9566944076e+13	1.9903807615e+04
1.9653987379e+13	1.9935871743e+04
1.9741267325e+13	1.9967935872e+04
1.9828784160e+13	2.0000000000e+04
