# Smith et al. (2018) solid iron EOS (https://doi.org/10.1038/s41550-018-0437-9)
# Vinet fit to experimental data
# Pressure (Pa)	Density (kg m-3)
1.000000e+00	8.430000e+03
2.108660e+04	8.430001e+03
2.108718e+06	8.430100e+03
2.109240e+07	8.431000e+03
1.055781e+08	8.435000e+03
1.478907e+08	8.437000e+03
1.268488e+09	8.489189e+03
2.587393e+09	8.548793e+03
3.958070e+09	8.608815e+03
5.381905e+09	8.669259e+03
6.860309e+09	8.730128e+03
8.394726e+09	8.791424e+03
9.986629e+09	8.853150e+03
1.163752e+10	8.915309e+03
1.334894e+10	8.977905e+03
1.512244e+10	9.040941e+03
1.695963e+10	9.104419e+03
1.886214e+10	9.168343e+03
2.083164e+10	9.232715e+03
2.286981e+10	9.297540e+03
2.497840e+10	9.362820e+03
2.715917e+10	9.428558e+03
2.941392e+10	9.494757e+03
3.174448e+10	9.561422e+03
3.415275e+10	9.628554e+03
3.664062e+10	9.696158e+03
3.921004e+10	9.764237e+03
4.186301e+10	9.832793e+03
4.460155e+10	9.901831e+03
4.742773e+10	9.971353e+03
5.034365e+10	1.004136e+04
5.335147e+10	1.011187e+04
5.645336e+10	1.018286e+04
5.965156e+10	1.025436e+04
6.294835e+10	1.032636e+04
6.634604e+10	1.039886e+04
6.984699e+10	1.047187e+04
7.345361e+10	1.054540e+04
7.716835e+10	1.061944e+04
8.099370e+10	1.069400e+04
8.493221e+10	1.076908e+04
8.898647e+10	1.084470e+04
9.315912e+10	1.092084e+04
9.745285e+10	1.099752e+04
1.018704e+11	1.107473e+04
1.064145e+11	1.115249e+04
1.110881e+11	1.123079e+04
1.158941e+11	1.130965e+04
1.208353e+11	1.138905e+04
1.259148e+11	1.146902e+04
1.311356e+11	1.154954e+04
1.365008e+11	1.163064e+04
1.420137e+11	1.171230e+04
1.476774e+11	1.179453e+04
1.534951e+11	1.187734e+04
1.594703e+11	1.196073e+04
1.656063e+11	1.204471e+04
1.719066e+11	1.212928e+04
1.783747e+11	1.221444e+04
1.850142e+11	1.230020e+04
1.918286e+11	1.238656e+04
1.988218e+11	1.247353e+04
2.059974e+11	1.256111e+04
2.133594e+11	1.264931e+04
2.209115e+11	1.273812e+04
2.286579e+11	1.282756e+04
2.366024e+11	1.291762e+04
2.447492e+11	1.300832e+04
2.531025e+11	1.309965e+04
2.616665e+11	1.319163e+04
2.704456e+11	1.328425e+04
2.794440e+11	1.337752e+04
2.886664e+11	1.347144e+04
2.981171e+11	1.356603e+04
3.078009e+11	1.366128e+04
3.177224e+11	1.375720e+04
3.278863e+11	1.385379e+04
3.382976e+11	1.395106e+04
3.489611e+11	1.404901e+04
3.598819e+11	1.414765e+04
3.710650e+11	1.424699e+04
3.825156e+11	1.434702e+04
3.942390e+11	1.444775e+04
4.062404e+11	1.454919e+04
4.185254e+11	1.465134e+04
4.310994e+11	1.475421e+04
4.439681e+11	1.485780e+04
4.571371e+11	1.496212e+04
4.706122e+11	1.506717e+04
4.843993e+11	1.517296e+04
4.985043e+11	1.527950e+04
5.129334e+11	1.538678e+04
5.276926e+11	1.549481e+04
5.427882e+11	1.560360e+04
5.582267e+11	1.571316e+04
5.740143e+11	1.582348e+04
5.901578e+11	1.593458e+04
6.066636e+11	1.604646e+04
6.235387e+11	1.615913e+04
6.407899e+11	1.627258e+04
6.584240e+11	1.638684e+04
6.764483e+11	1.650189e+04
6.948699e+11	1.661775e+04
7.136960e+11	1.673443e+04
7.329341e+11	1.685193e+04
7.525917e+11	1.697025e+04
7.726764e+11	1.708940e+04
7.931960e+11	1.720938e+04
8.141583e+11	1.733021e+04
8.355714e+11	1.745189e+04
8.574432e+11	1.757443e+04
8.797821e+11	1.769782e+04
9.025963e+11	1.782208e+04
9.258944e+11	1.794721e+04
9.496849e+11	1.807322e+04
9.739765e+11	1.820012e+04
9.987782e+11	1.832790e+04
1.024099e+12	1.845659e+04
1.049947e+12	1.858617e+04
1.076333e+12	1.871667e+04
1.103266e+12	1.884808e+04
1.130755e+12	1.898042e+04
1.158809e+12	1.911368e+04
1.187440e+12	1.924789e+04
1.216655e+12	1.938303e+04
1.246467e+12	1.951912e+04
1.276884e+12	1.965617e+04
1.307917e+12	1.979418e+04
1.339577e+12	1.993316e+04
1.371874e+12	2.007311e+04
1.404820e+12	2.021405e+04
1.438424e+12	2.035597e+04
1.472699e+12	2.049890e+04
1.507655e+12	2.064282e+04
1.543304e+12	2.078776e+04
1.579657e+12	2.093371e+04
1.616727e+12	2.108069e+04
1.654525e+12	2.122871e+04
1.693062e+12	2.137776e+04
1.732352e+12	2.152785e+04
1.772407e+12	2.167900e+04
1.813240e+12	2.183122e+04
1.854862e+12	2.198450e+04
1.897287e+12	2.213885e+04
1.940529e+12	2.229429e+04
1.984600e+12	2.245083e+04
2.029513e+12	2.260846e+04
2.075283e+12	2.276720e+04
2.121923e+12	2.292705e+04
2.169448e+12	2.308802e+04
2.217871e+12	2.325013e+04
2.267206e+12	2.341337e+04
2.317469e+12	2.357776e+04
2.368674e+12	2.374331e+04
2.420836e+12	2.391001e+04
2.473971e+12	2.407789e+04
2.528093e+12	2.424694e+04
2.583217e+12	2.441719e+04
2.639361e+12	2.458862e+04
2.696540e+12	2.476126e+04
2.754769e+12	2.493512e+04
2.814066e+12	2.511019e+04
2.874447e+12	2.528650e+04
2.935928e+12	2.546404e+04
2.998527e+12	2.564282e+04
3.062261e+12	2.582287e+04
3.127147e+12	2.600417e+04
3.193204e+12	2.618675e+04
3.260448e+12	2.637062e+04
3.328899e+12	2.655577e+04
3.398574e+12	2.674222e+04
3.469492e+12	2.692998e+04
3.541671e+12	2.711906e+04
3.615132e+12	2.730947e+04
3.689893e+12	2.750122e+04
3.765973e+12	2.769431e+04
3.843394e+12	2.788875e+04
3.922173e+12	2.808457e+04
4.002333e+12	2.828175e+04
4.083893e+12	2.848032e+04
4.166873e+12	2.868029e+04
4.251297e+12	2.888166e+04
4.337183e+12	2.908444e+04
4.424555e+12	2.928865e+04
4.513433e+12	2.949429e+04
4.603840e+12	2.970138e+04
4.695798e+12	2.990991e+04
4.789331e+12	3.011992e+04
4.884460e+12	3.033139e+04
4.981209e+12	3.054436e+04
5.079601e+12	3.075881e+04
5.179660e+12	3.097478e+04
5.281411e+12	3.119226e+04
5.384877e+12	3.141126e+04
5.490083e+12	3.163181e+04
5.597054e+12	3.185390e+04
5.705814e+12	3.207755e+04
5.816391e+12	3.230278e+04
5.928808e+12	3.252958e+04
6.043093e+12	3.275797e+04
6.159272e+12	3.298797e+04
6.277371e+12	3.321959e+04
6.397418e+12	3.345283e+04
6.519439e+12	3.368771e+04
6.643463e+12	3.392424e+04
6.769517e+12	3.416242e+04
6.897629e+12	3.440228e+04
7.027829e+12	3.464383e+04
7.160145e+12	3.488707e+04
7.294606e+12	3.513202e+04
7.431242e+12	3.537869e+04
7.570083e+12	3.562709e+04
7.711159e+12	3.587723e+04
7.854501e+12	3.612913e+04
8.000140e+12	3.638280e+04
8.148107e+12	3.663825e+04
8.298433e+12	3.689549e+04
8.451152e+12	3.715454e+04
8.606294e+12	3.741541e+04
8.763893e+12	3.767811e+04
8.923982e+12	3.794266e+04
9.086595e+12	3.820906e+04
9.251765e+12	3.847733e+04
9.419526e+12	3.874749e+04
9.589913e+12	3.901954e+04
9.762962e+12	3.929351e+04
9.938707e+12	3.956939e+04
1.011718e+13	3.984722e+04
1.029843e+13	4.012699e+04
1.048248e+13	4.040873e+04
1.066937e+13	4.069245e+04
1.085914e+13	4.097816e+04
1.105183e+13	4.126587e+04
1.124747e+13	4.155561e+04
1.144611e+13	4.184738e+04
1.164778e+13	4.214119e+04
1.185252e+13	4.243708e+04
1.206037e+13	4.273503e+04
1.227138e+13	4.303508e+04
1.248558e+13	4.333724e+04
1.270301e+13	4.364152e+04
1.292372e+13	4.394794e+04
1.314774e+13	4.425650e+04
1.337512e+13	4.456723e+04
1.360591e+13	4.488015e+04
1.384014e+13	4.519526e+04
1.407787e+13	4.551259e+04
1.431912e+13	4.583214e+04
1.456396e+13	4.615393e+04
1.481242e+13	4.647799e+04
1.506454e+13	4.680432e+04
1.532039e+13	4.713294e+04
1.557999e+13	4.746387e+04
1.584341e+13	4.779712e+04
1.611068e+13	4.813271e+04
1.638186e+13	4.847066e+04
1.665699e+13	4.881098e+04
1.693612e+13	4.915369e+04
1.721930e+13	4.949881e+04
1.750659e+13	4.984635e+04
1.779803e+13	5.019633e+04
1.809367e+13	5.054877e+04
1.839357e+13	5.090368e+04
1.869777e+13	5.126109e+04
1.900634e+13	5.162100e+04
1.931931e+13	5.198344e+04
1.963676e+13	5.234842e+04
1.995872e+13	5.271597e+04
2.028526e+13	5.308610e+04
2.061643e+13	5.345883e+04
2.095229e+13	5.383417e+04
2.129289e+13	5.421215e+04
2.163829e+13	5.459278e+04
2.198854e+13	5.497609e+04
2.234372e+13	5.536209e+04
2.270386e+13	5.575079e+04
2.306904e+13	5.614223e+04
2.343932e+13	5.653642e+04
2.381475e+13	5.693337e+04
2.419539e+13	5.733311e+04
2.458131e+13	5.773565e+04
2.497256e+13	5.814103e+04
2.536922e+13	5.854925e+04
2.577134e+13	5.896033e+04
2.617900e+13	5.937430e+04
2.659224e+13	5.979118e+04
2.701114e+13	6.021098e+04
2.743577e+13	6.063374e+04
2.786619e+13	6.105946e+04
2.830246e+13	6.148817e+04
2.874466e+13	6.191989e+04
2.919285e+13	6.235464e+04
2.964711e+13	6.279244e+04
3.010750e+13	6.323332e+04
3.057409e+13	6.367729e+04
3.104696e+13	6.412438e+04
3.152617e+13	6.457461e+04
3.201180e+13	6.502800e+04
3.250392e+13	6.548457e+04
3.300261e+13	6.594435e+04
3.350793e+13	6.640736e+04
3.401997e+13	6.687362e+04
3.453880e+13	6.734315e+04
3.506449e+13	6.781598e+04
3.559713e+13	6.829212e+04
3.613679e+13	6.877162e+04
3.668355e+13	6.925447e+04
3.723749e+13	6.974072e+04
3.779869e+13	7.023038e+04
3.836722e+13	7.072348e+04
3.894318e+13	7.122005e+04
3.952665e+13	7.172010e+04
4.011770e+13	7.222366e+04
4.071642e+13	7.273075e+04
4.132289e+13	7.324141e+04
4.193721e+13	7.375565e+04
4.255945e+13	7.427350e+04
4.318971e+13	7.479499e+04
4.382806e+13	7.532014e+04
4.447461e+13	7.584897e+04
4.512944e+13	7.638152e+04
4.579263e+13	7.691781e+04
4.646428e+13	7.745787e+04
4.714448e+13	7.800171e+04
4.783333e+13	7.854938e+04
4.853091e+13	7.910088e+04
4.923732e+13	7.965627e+04
4.995266e+13	8.021555e+04
5.067701e+13	8.077876e+04
5.141049e+13	8.134592e+04
5.215318e+13	8.191706e+04
5.290518e+13	8.249222e+04
5.366659e+13	8.307141e+04
5.443752e+13	8.365467e+04
5.521805e+13	8.424202e+04
5.600831e+13	8.483350e+04
5.680837e+13	8.542913e+04
5.761836e+13	8.602895e+04
5.843838e+13	8.663297e+04
5.926852e+13	8.724124e+04
6.010890e+13	8.785377e+04
6.095962e+13	8.847061e+04
6.182079e+13	8.909178e+04
6.269252e+13	8.971731e+04
6.357492e+13	9.034723e+04
6.446810e+13	9.098157e+04
6.537217e+13	9.162037e+04
6.628725e+13	9.226366e+04
6.721344e+13	9.291146e+04
6.815087e+13	9.356380e+04
6.909964e+13	9.422073e+04
7.005988e+13	9.488227e+04
7.103170e+13	9.554846e+04
7.201522e+13	9.621932e+04
7.301055e+13	9.689490e+04
7.401783e+13	9.757521e+04
7.503717e+13	9.826031e+04
7.606869e+13	9.895021e+04
7.711252e+13	9.964496e+04
7.816878e+13	1.003446e+05
7.923760e+13	1.010491e+05
8.031910e+13	1.017586e+05
8.141341e+13	1.024731e+05
8.252066e+13	1.031926e+05
8.364098e+13	1.039171e+05
8.477450e+13	1.046467e+05
8.592134e+13	1.053814e+05
8.708166e+13	1.061214e+05
8.825557e+13	1.068664e+05
8.944321e+13	1.076168e+05
9.064472e+13	1.083724e+05
9.186024e+13	1.091333e+05
9.308991e+13	1.098995e+05
9.433385e+13	1.106711e+05
9.559222e+13	1.114482e+05
9.686516e+13	1.122307e+05
9.815281e+13	1.130187e+05
9.945530e+13	1.138122e+05
1.007728e+14	1.146113e+05
1.021054e+14	1.154160e+05
1.034534e+14	1.162264e+05
1.048167e+14	1.170424e+05
1.061957e+14	1.178642e+05
1.075904e+14	1.186917e+05
1.090010e+14	1.195251e+05
1.104276e+14	1.203643e+05
1.118705e+14	1.212094e+05
1.133297e+14	1.220604e+05
1.148054e+14	1.229174e+05
1.162977e+14	1.237805e+05
1.178069e+14	1.246495e+05
1.193331e+14	1.255247e+05
1.208765e+14	1.264061e+05
1.224372e+14	1.272936e+05
1.240153e+14	1.281873e+05
1.256111e+14	1.290874e+05
1.272247e+14	1.299937e+05
1.288563e+14	1.309064e+05
1.305060e+14	1.318255e+05
1.321741e+14	1.327511e+05
1.338607e+14	1.336832e+05
1.355659e+14	1.346218e+05
1.372900e+14	1.355670e+05
1.390330e+14	1.365188e+05
1.407953e+14	1.374774e+05
1.425770e+14	1.384426e+05
1.443782e+14	1.394146e+05
1.461991e+14	1.403935e+05
1.480400e+14	1.413792e+05
1.499010e+14	1.423719e+05
1.517822e+14	1.433715e+05
1.536840e+14	1.443781e+05
1.556064e+14	1.453918e+05
1.575496e+14	1.464127e+05
1.595139e+14	1.474406e+05
1.614995e+14	1.484759e+05
1.635064e+14	1.495183e+05
1.655350e+14	1.505681e+05
1.675855e+14	1.516253e+05
1.696579e+14	1.526899e+05
1.717526e+14	1.537619e+05
1.738697e+14	1.548415e+05
1.760094e+14	1.559287e+05
1.781720e+14	1.570235e+05
1.803576e+14	1.581260e+05
1.825665e+14	1.592362e+05
1.847988e+14	1.603543e+05
1.870548e+14	1.614801e+05
1.893347e+14	1.626139e+05
1.916386e+14	1.637557e+05
1.939669e+14	1.649054e+05
1.963197e+14	1.660632e+05
1.986972e+14	1.672292e+05
2.010997e+14	1.684034e+05
2.035274e+14	1.695857e+05
2.059805e+14	1.707764e+05
2.084592e+14	1.719755e+05
2.109638e+14	1.731830e+05
2.134945e+14	1.743989e+05
2.160515e+14	1.756234e+05
2.186350e+14	1.768565e+05
2.212453e+14	1.780982e+05
2.238827e+14	1.793487e+05
2.265473e+14	1.806079e+05
2.292394e+14	1.818760e+05
2.319592e+14	1.831530e+05
2.347070e+14	1.844389e+05
2.374830e+14	1.857339e+05
2.402875e+14	1.870380e+05
2.431206e+14	1.883512e+05
2.459828e+14	1.896737e+05
2.488741e+14	1.910054e+05
2.517949e+14	1.923465e+05
2.547454e+14	1.936970e+05
2.577259e+14	1.950570e+05
2.607366e+14	1.964265e+05
2.637778e+14	1.978056e+05
2.668498e+14	1.991945e+05
2.699527e+14	2.005930e+05
2.730869e+14	2.020014e+05
2.762527e+14	2.034197e+05
2.794502e+14	2.048480e+05
2.826799e+14	2.062863e+05
2.859419e+14	2.077346e+05
2.892365e+14	2.091932e+05
2.925640e+14	2.106620e+05
2.959247e+14	2.121411e+05
2.993188e+14	2.136305e+05
3.027467e+14	2.151305e+05
3.062086e+14	2.166409e+05
3.097048e+14	2.181620e+05
3.132356e+14	2.196938e+05
3.168013e+14	2.212363e+05
3.204022e+14	2.227896e+05
3.240385e+14	2.243539e+05
3.277106e+14	2.259291e+05
3.314188e+14	2.275154e+05
3.351633e+14	2.291128e+05
3.389445e+14	2.307215e+05
3.427626e+14	2.323414e+05
3.466180e+14	2.339727e+05
3.505110e+14	2.356155e+05
3.544419e+14	2.372698e+05
3.584110e+14	2.389357e+05
3.624186e+14	2.406133e+05
3.664650e+14	2.423027e+05
3.705506e+14	2.440039e+05
3.746756e+14	2.457171e+05
3.788404e+14	2.474424e+05
3.830454e+14	2.491797e+05
3.872908e+14	2.509292e+05
3.915769e+14	2.526910e+05
3.959042e+14	2.544652e+05
4.002729e+14	2.562519e+05
4.046833e+14	2.580511e+05
4.091359e+14	2.598629e+05
4.136309e+14	2.616874e+05
4.181687e+14	2.635248e+05
4.227497e+14	2.653751e+05
4.273741e+14	2.672383e+05
4.320423e+14	2.691146e+05
4.367548e+14	2.710041e+05
4.415118e+14	2.729069e+05
4.463136e+14	2.748230e+05
4.511607e+14	2.767526e+05
4.560535e+14	2.786957e+05
4.609921e+14	2.806525e+05
4.659772e+14	2.826230e+05
4.710089e+14	2.846074e+05
4.760877e+14	2.866057e+05
4.812140e+14	2.886180e+05
4.863881e+14	2.906444e+05
4.916104e+14	2.926851e+05
4.968812e+14	2.947401e+05
5.022011e+14	2.968095e+05
5.075703e+14	2.988934e+05
5.129892e+14	3.009920e+05
5.184582e+14	3.031053e+05
5.239778e+14	3.052335e+05
5.295482e+14	3.073766e+05
5.351700e+14	3.095348e+05
5.408435e+14	3.117081e+05
5.465691e+14	3.138966e+05
5.523472e+14	3.161005e+05
5.581783e+14	3.183199e+05
5.640627e+14	3.205549e+05
5.700008e+14	3.228056e+05
5.759931e+14	3.250721e+05
5.820400e+14	3.273545e+05
5.881418e+14	3.296529e+05
5.942991e+14	3.319674e+05
6.005123e+14	3.342982e+05
6.067817e+14	3.366454e+05
6.131079e+14	3.390090e+05
6.194912e+14	3.413893e+05
6.259320e+14	3.437862e+05
6.324309e+14	3.462000e+05
6.389883e+14	3.486308e+05
6.456046e+14	3.510786e+05
6.522802e+14	3.535436e+05
6.590156e+14	3.560258e+05
6.658114e+14	3.585256e+05
6.726678e+14	3.610428e+05
6.795854e+14	3.635778e+05
6.865647e+14	3.661305e+05
6.936060e+14	3.687012e+05
7.007099e+14	3.712899e+05
7.078769e+14	3.738968e+05
7.151074e+14	3.765220e+05
7.224019e+14	3.791656e+05
7.297609e+14	3.818278e+05
7.371849e+14	3.845087e+05
7.446743e+14	3.872084e+05
7.522296e+14	3.899271e+05
7.598513e+14	3.926648e+05
7.675400e+14	3.954218e+05
7.752961e+14	3.981981e+05
7.831201e+14	4.009939e+05
7.910126e+14	4.038094e+05
7.989739e+14	4.066446e+05
8.070047e+14	4.094997e+05
8.151055e+14	4.123749e+05
8.232768e+14	4.152703e+05
8.315190e+14	4.181860e+05
8.398327e+14	4.211221e+05
8.482185e+14	4.240789e+05
8.566769e+14	4.270564e+05
8.652084e+14	4.300549e+05
8.738135e+14	4.330744e+05
8.824928e+14	4.361151e+05
8.912468e+14	4.391771e+05
9.000761e+14	4.422606e+05
9.089811e+14	4.453658e+05
9.179626e+14	4.484928e+05
9.270210e+14	4.516418e+05
9.361568e+14	4.548128e+05
9.453708e+14	4.580062e+05
9.546633e+14	4.612219e+05
9.640350e+14	4.644602e+05
9.734864e+14	4.677213e+05
9.830182e+14	4.710052e+05
9.926309e+14	4.743123e+05
1.002325e+15	4.776425e+05
1.012101e+15	4.809961e+05
1.021960e+15	4.843733e+05
1.031902e+15	4.877741e+05
1.041928e+15	4.911989e+05
1.052039e+15	4.946477e+05
1.062234e+15	4.981207e+05
1.072516e+15	5.016181e+05
1.082883e+15	5.051400e+05
1.093338e+15	5.086867e+05
1.103880e+15	5.122583e+05
1.114510e+15	5.158550e+05
1.125228e+15	5.194769e+05
1.136037e+15	5.231242e+05
1.146935e+15	5.267972e+05
1.157924e+15	5.304959e+05
1.169004e+15	5.342206e+05
1.180176e+15	5.379715e+05
1.191441e+15	5.417487e+05
1.202799e+15	5.455524e+05
1.214251e+15	5.493828e+05
1.225797e+15	5.532401e+05
1.237439e+15	5.571245e+05
1.249177e+15	5.610362e+05
1.261011e+15	5.649753e+05
1.272942e+15	5.689421e+05
1.284971e+15	5.729368e+05
1.297099e+15	5.769595e+05
1.309327e+15	5.810104e+05
1.321654e+15	5.850898e+05
1.334082e+15	5.891978e+05
1.346611e+15	5.933347e+05
1.359243e+15	5.975006e+05
1.371977e+15	6.016957e+05
1.384814e+15	6.059204e+05
1.397756e+15	6.101746e+05
1.410803e+15	6.144588e+05
1.423956e+15	6.187730e+05
1.437215e+15	6.231175e+05
1.450581e+15	6.274925e+05
1.464055e+15	6.318983e+05
1.477637e+15	6.363350e+05
1.491329e+15	6.408028e+05
1.505131e+15	6.453020e+05
1.519044e+15	6.498328e+05
1.533068e+15	6.543954e+05
1.547205e+15	6.589900e+05
1.561455e+15	6.636169e+05
1.575819e+15	6.682762e+05
1.590298e+15	6.729683e+05
1.604892e+15	6.776934e+05
1.619602e+15	6.824516e+05
1.634430e+15	6.872432e+05
1.649375e+15	6.920684e+05
1.664439e+15	6.969276e+05
1.679622e+15	7.018208e+05
1.694926e+15	7.067485e+05
1.710350e+15	7.117107e+05
1.725897e+15	7.167077e+05
1.741566e+15	7.217398e+05
1.757359e+15	7.268073e+05
1.773276e+15	7.319104e+05
1.789319e+15	7.370492e+05
1.805487e+15	7.422242e+05
1.821782e+15	7.474355e+05
1.838205e+15	7.526834e+05
1.854757e+15	7.579681e+05
1.871438e+15	7.632899e+05
1.888249e+15	7.686491e+05
1.905192e+15	7.740459e+05
1.922266e+15	7.794807e+05
1.939474e+15	7.849535e+05
1.956815e+15	7.904648e+05
1.974292e+15	7.960148e+05
1.991903e+15	8.016038e+05
2.009651e+15	8.072320e+05
2.027537e+15	8.128997e+05
2.045561e+15	8.186072e+05
2.063724e+15	8.243548e+05
2.082028e+15	8.301428e+05
2.100472e+15	8.359714e+05
2.119058e+15	8.418409e+05
2.137788e+15	8.477516e+05
2.156661e+15	8.537038e+05
2.175679e+15	8.596978e+05
2.194843e+15	8.657339e+05
2.214154e+15	8.718124e+05
2.233612e+15	8.779335e+05
2.253219e+15	8.840977e+05
2.272975e+15	8.903051e+05
2.292883e+15	8.965561e+05
2.312941e+15	9.028509e+05
2.333153e+15	9.091900e+05
2.353518e+15	9.155736e+05
2.374037e+15	9.220020e+05
2.394713e+15	9.284756e+05
2.415544e+15	9.349946e+05
2.436534e+15	9.415593e+05
2.457682e+15	9.481702e+05
2.478989e+15	9.548275e+05
2.500458e+15	9.615315e+05
2.522088e+15	9.682826e+05
2.543881e+15	9.750811e+05
2.565838e+15	9.819273e+05
2.587959e+15	9.888216e+05
2.610247e+15	9.957643e+05
2.632701e+15	1.002756e+06
2.655324e+15	1.009796e+06
2.678116e+15	1.016886e+06
2.701078e+15	1.024026e+06
2.724212e+15	1.031216e+06
2.747518e+15	1.038456e+06
2.770997e+15	1.045747e+06
2.794651e+15	1.053090e+06
2.818481e+15	1.060484e+06
2.842488e+15	1.067930e+06
2.866673e+15	1.075428e+06
2.891037e+15	1.082978e+06
2.915581e+15	1.090582e+06
2.940307e+15	1.098239e+06
2.965215e+15	1.105950e+06
2.990307e+15	1.113715e+06
3.015585e+15	1.121535e+06
3.041048e+15	1.129409e+06
3.066698e+15	1.137339e+06
3.092537e+15	1.145325e+06
3.118566e+15	1.153366e+06
3.144785e+15	1.161464e+06
3.171196e+15	1.169619e+06
3.197801e+15	1.177831e+06
3.224600e+15	1.186101e+06
3.251595e+15	1.194429e+06
3.278787e+15	1.202815e+06
3.306177e+15	1.211260e+06
3.333767e+15	1.219765e+06
3.361557e+15	1.228329e+06
3.389549e+15	1.236953e+06
3.417744e+15	1.245638e+06
3.446144e+15	1.254384e+06
3.474749e+15	1.263191e+06
3.503562e+15	1.272060e+06
3.532582e+15	1.280992e+06
3.561813e+15	1.289986e+06
3.591254e+15	1.299043e+06
3.620908e+15	1.308164e+06
3.650775e+15	1.317349e+06
3.680857e+15	1.326598e+06
3.711155e+15	1.335912e+06
3.741671e+15	1.345292e+06
3.772405e+15	1.354738e+06
3.803360e+15	1.364249e+06
3.834537e+15	1.373828e+06
3.865936e+15	1.383474e+06
3.897560e+15	1.393188e+06
3.929409e+15	1.402969e+06
3.961486e+15	1.412820e+06
3.993791e+15	1.422740e+06
4.026327e+15	1.432729e+06
4.059093e+15	1.442788e+06
4.092093e+15	1.452918e+06
4.125326e+15	1.463120e+06
4.158796e+15	1.473392e+06
4.192502e+15	1.483737e+06
4.226447e+15	1.494155e+06
4.260632e+15	1.504646e+06
4.295058e+15	1.515210e+06
4.329727e+15	1.525849e+06
4.364641e+15	1.536562e+06
4.399801e+15	1.547350e+06
4.435208e+15	1.558215e+06
4.470864e+15	1.569155e+06
4.506771e+15	1.580173e+06
4.542929e+15	1.591267e+06
4.579341e+15	1.602440e+06
4.616008e+15	1.613691e+06
4.652932e+15	1.625021e+06
4.690114e+15	1.636430e+06
4.727555e+15	1.647920e+06
4.765258e+15	1.659490e+06
4.803224e+15	1.671142e+06
4.841454e+15	1.682875e+06
4.879950e+15	1.694691e+06
4.918714e+15	1.706590e+06
4.957747e+15	1.718572e+06
4.997051e+15	1.730639e+06
5.036628e+15	1.742790e+06
5.076479e+15	1.755026e+06
5.116605e+15	1.767348e+06
5.157009e+15	1.779757e+06
5.197693e+15	1.792253e+06
5.238657e+15	1.804837e+06
5.279903e+15	1.817509e+06
5.321434e+15	1.830270e+06
5.363250e+15	1.843121e+06
5.405355e+15	1.856062e+06
5.447748e+15	1.869094e+06
5.490433e+15	1.882217e+06
5.533410e+15	1.895432e+06
5.576682e+15	1.908740e+06
5.620251e+15	1.922142e+06
5.664117e+15	1.935638e+06
5.708283e+15	1.949228e+06
5.752751e+15	1.962914e+06
5.797522e+15	1.976696e+06
5.842598e+15	1.990575e+06
5.887982e+15	2.004551e+06
5.933674e+15	2.018625e+06
5.979677e+15	2.032798e+06
6.025993e+15	2.047071e+06
6.072623e+15	2.061444e+06
6.119569e+15	2.075918e+06
6.166833e+15	2.090493e+06
6.214417e+15	2.105171e+06
6.262323e+15	2.119952e+06
6.310553e+15	2.134836e+06
6.359108e+15	2.149825e+06
6.407991e+15	2.164919e+06
6.457204e+15	2.180120e+06
6.506748e+15	2.195427e+06
6.556626e+15	2.210841e+06
6.606838e+15	2.226364e+06
6.657389e+15	2.241996e+06
6.708278e+15	2.257737e+06
6.759509e+15	2.273589e+06
6.811083e+15	2.289552e+06
6.863002e+15	2.305628e+06
6.915269e+15	2.321816e+06
6.967885e+15	2.338118e+06
7.020853e+15	2.354534e+06
7.074174e+15	2.371066e+06
7.127850e+15	2.387714e+06
7.181884e+15	2.404478e+06
7.236278e+15	2.421360e+06
7.291033e+15	2.438361e+06
7.346153e+15	2.455481e+06
7.401638e+15	2.472722e+06
7.457492e+15	2.490083e+06
7.513716e+15	2.507567e+06
7.570312e+15	2.525173e+06
7.627283e+15	2.542902e+06
7.684630e+15	2.560756e+06
7.742356e+15	2.578736e+06
7.800464e+15	2.596842e+06
7.858955e+15	2.615075e+06
7.917831e+15	2.633436e+06
7.977095e+15	2.651925e+06
8.036750e+15	2.670545e+06
8.096796e+15	2.689295e+06
8.157237e+15	2.708177e+06
8.218075e+15	2.727192e+06
8.279312e+15	2.746340e+06
8.340950e+15	2.765623e+06
8.402992e+15	2.785041e+06
8.465440e+15	2.804595e+06
8.528296e+15	2.824287e+06
8.591563e+15	2.844116e+06
8.655243e+15	2.864085e+06
8.719338e+15	2.884195e+06
8.783851e+15	2.904445e+06
8.848785e+15	2.924838e+06
8.914141e+15	2.945374e+06
8.979922e+15	2.966054e+06
9.046130e+15	2.986879e+06
9.112768e+15	3.007850e+06
9.179839e+15	3.028969e+06
9.247344e+15	3.050236e+06
9.315287e+15	3.071652e+06
9.383670e+15	3.093219e+06
9.452495e+15	3.114937e+06
9.521764e+15	3.136807e+06
9.591481e+15	3.158831e+06
9.661648e+15	3.181010e+06
9.732267e+15	3.203345e+06
9.803342e+15	3.225836e+06
9.874874e+15	3.248485e+06
9.946866e+15	3.271293e+06
1.001932e+16	3.294262e+06
1.009224e+16	3.317391e+06
1.016563e+16	3.340683e+06
1.023949e+16	3.364139e+06
1.031382e+16	3.387759e+06
1.038863e+16	3.411545e+06
1.046392e+16	3.435498e+06
1.053969e+16	3.459619e+06
1.061594e+16	3.483910e+06
1.069268e+16	3.508371e+06
1.076991e+16	3.533004e+06
1.084763e+16	3.557810e+06
1.092585e+16	3.582790e+06
1.100456e+16	3.607945e+06
1.108378e+16	3.633277e+06
1.116350e+16	3.658787e+06
1.124372e+16	3.684476e+06
1.132446e+16	3.710346e+06
1.140571e+16	3.736397e+06
1.148747e+16	3.762631e+06
1.156975e+16	3.789049e+06
1.165255e+16	3.815652e+06
1.173587e+16	3.842443e+06
1.181973e+16	3.869421e+06
1.190411e+16	3.896589e+06
1.198902e+16	3.923948e+06
1.207447e+16	3.951499e+06
1.216046e+16	3.979243e+06
1.224699e+16	4.007182e+06
1.233406e+16	4.035317e+06
1.242168e+16	4.063650e+06
1.250985e+16	4.092181e+06
1.259858e+16	4.120913e+06
1.268786e+16	4.149847e+06
1.277770e+16	4.178984e+06
1.286811e+16	4.208325e+06
1.295908e+16	4.237872e+06
1.305062e+16	4.267627e+06
1.314273e+16	4.297591e+06
1.323542e+16	4.327765e+06
1.332869e+16	4.358151e+06
1.342254e+16	4.388751e+06
1.351697e+16	4.419565e+06
1.361200e+16	4.450595e+06
1.370761e+16	4.481844e+06
1.380382e+16	4.513312e+06
1.390063e+16	4.545000e+06
1.399804e+16	4.576912e+06
1.409606e+16	4.609047e+06
1.419468e+16	4.641408e+06
1.429392e+16	4.673996e+06
1.439377e+16	4.706813e+06
1.449424e+16	4.739861e+06
1.459533e+16	4.773140e+06
1.469704e+16	4.806653e+06
1.479939e+16	4.840401e+06
1.490236e+16	4.874387e+06
1.500598e+16	4.908611e+06
1.511023e+16	4.943075e+06
1.521512e+16	4.977781e+06
1.532066e+16	5.012731e+06
1.542685e+16	5.047926e+06
1.553370e+16	5.083369e+06
1.564120e+16	5.119060e+06
1.574936e+16	5.155002e+06
1.585818e+16	5.191196e+06
1.596768e+16	5.227644e+06
1.607784e+16	5.264349e+06
1.618868e+16	5.301311e+06
1.630020e+16	5.338532e+06
1.641240e+16	5.376015e+06
1.652529e+16	5.413761e+06
1.663887e+16	5.451772e+06
1.675314e+16	5.490050e+06
1.686811e+16	5.528596e+06
1.698378e+16	5.567414e+06
1.710015e+16	5.606504e+06
1.721723e+16	5.645868e+06
1.733503e+16	5.685508e+06
1.745355e+16	5.725427e+06
1.757278e+16	5.765627e+06
1.769274e+16	5.806108e+06
1.781343e+16	5.846874e+06
1.793485e+16	5.887926e+06
1.805701e+16	5.929266e+06
1.817990e+16	5.970897e+06
1.830354e+16	6.012819e+06
1.842794e+16	6.055036e+06
1.855308e+16	6.097550e+06
1.867898e+16	6.140362e+06
1.880564e+16	6.183475e+06
1.893306e+16	6.226890e+06
1.906126e+16	6.270610e+06
1.919023e+16	6.314637e+06
1.931997e+16	6.358973e+06
1.945050e+16	6.403621e+06
1.958181e+16	6.448582e+06
1.971392e+16	6.493858e+06
1.984681e+16	6.539453e+06
1.998051e+16	6.585368e+06
2.011501e+16	6.631605e+06
2.025031e+16	6.678166e+06
2.038643e+16	6.725055e+06
2.052337e+16	6.772273e+06
2.066112e+16	6.819822e+06
2.079970e+16	6.867705e+06
2.093911e+16	6.915925e+06
2.107935e+16	6.964483e+06
2.122043e+16	7.013382e+06
2.136235e+16	7.062624e+06
2.150513e+16	7.112212e+06
2.164875e+16	7.162148e+06
2.179323e+16	7.212435e+06
2.193857e+16	7.263075e+06
2.208477e+16	7.314070e+06
2.223185e+16	7.365423e+06
2.237980e+16	7.417137e+06
2.252863e+16	7.469214e+06
2.267834e+16	7.521657e+06
2.282895e+16	7.574468e+06
2.298045e+16	7.627650e+06
2.313284e+16	7.681205e+06
2.328614e+16	7.735136e+06
2.344035e+16	7.789446e+06
2.359547e+16	7.844137e+06
2.375151e+16	7.899212e+06
2.390847e+16	7.954674e+06
2.406636e+16	8.010525e+06
2.422518e+16	8.066768e+06
2.438495e+16	8.123407e+06
2.454565e+16	8.180442e+06
2.470730e+16	8.237879e+06
2.486990e+16	8.295719e+06
2.503346e+16	8.353964e+06
2.519799e+16	8.412619e+06
2.536348e+16	8.471685e+06
2.552995e+16	8.531167e+06
2.569739e+16	8.591066e+06
2.586582e+16	8.651385e+06
2.603524e+16	8.712128e+06
2.620565e+16	8.773297e+06
2.637706e+16	8.834896e+06
2.654948e+16	8.896928e+06
2.672290e+16	8.959395e+06
2.689734e+16	9.022300e+06
2.707280e+16	9.085647e+06
2.724929e+16	9.149439e+06
2.742681e+16	9.213679e+06
2.760537e+16	9.278370e+06
2.778497e+16	9.343515e+06
2.796561e+16	9.409118e+06
2.814732e+16	9.475181e+06
2.833008e+16	9.541708e+06
2.851390e+16	9.608702e+06
2.869880e+16	9.676166e+06
2.888477e+16	9.744105e+06
2.907182e+16	9.812520e+06
2.925996e+16	9.881415e+06
2.944920e+16	9.950794e+06
2.963953e+16	1.002066e+07
2.983097e+16	1.009102e+07
3.002352e+16	1.016187e+07
3.021718e+16	1.023322e+07
3.041197e+16	1.030507e+07
3.060789e+16	1.037742e+07
3.080494e+16	1.045028e+07
3.100313e+16	1.052365e+07
3.120247e+16	1.059754e+07
3.140296e+16	1.067195e+07
3.160460e+16	1.074688e+07
3.180742e+16	1.082234e+07
3.201140e+16	1.089832e+07
3.221656e+16	1.097484e+07
3.242290e+16	1.105190e+07
3.263043e+16	1.112949e+07
3.283916e+16	1.120764e+07
3.304908e+16	1.128633e+07
3.326022e+16	1.136557e+07
3.347257e+16	1.144537e+07
3.368614e+16	1.152573e+07
3.390094e+16	1.160665e+07
3.411697e+16	1.168815e+07
3.433424e+16	1.177021e+07
3.455276e+16	1.185285e+07
3.477253e+16	1.193607e+07
3.499356e+16	1.201988e+07
3.521585e+16	1.210427e+07
3.543942e+16	1.218926e+07
3.566427e+16	1.227484e+07
3.589040e+16	1.236103e+07
3.611782e+16	1.244782e+07
3.634655e+16	1.253521e+07
3.657658e+16	1.262323e+07
3.680793e+16	1.271186e+07
3.704059e+16	1.280111e+07
3.727458e+16	1.289099e+07
3.750990e+16	1.298150e+07
3.774657e+16	1.307264e+07
3.798458e+16	1.316443e+07
3.822395e+16	1.325686e+07
3.846468e+16	1.334994e+07
3.870678e+16	1.344367e+07
3.895025e+16	1.353806e+07
3.919511e+16	1.363311e+07
3.944135e+16	1.372883e+07
3.968900e+16	1.382523e+07
3.993804e+16	1.392229e+07
4.018850e+16	1.402005e+07
4.044038e+16	1.411848e+07
4.069369e+16	1.421761e+07
4.094843e+16	1.431744e+07
4.120461e+16	1.441796e+07
4.146225e+16	1.451919e+07
4.172133e+16	1.462113e+07
4.198188e+16	1.472379e+07
4.224391e+16	1.482717e+07
4.250741e+16	1.493127e+07
4.277240e+16	1.503611e+07
4.303888e+16	1.514168e+07
4.330687e+16	1.524799e+07
4.357637e+16	1.535505e+07
4.384738e+16	1.546286e+07
4.411992e+16	1.557143e+07
4.439400e+16	1.568076e+07
4.466961e+16	1.579086e+07
4.494678e+16	1.590173e+07
4.522550e+16	1.601338e+07
4.550579e+16	1.612581e+07
4.578765e+16	1.623903e+07
4.607110e+16	1.635305e+07
4.635613e+16	1.646787e+07
4.664276e+16	1.658349e+07
4.693100e+16	1.669993e+07
4.722085e+16	1.681718e+07
4.751233e+16	1.693526e+07
4.780544e+16	1.705416e+07
4.810019e+16	1.717390e+07
4.839658e+16	1.729448e+07
4.869463e+16	1.741591e+07
4.899435e+16	1.753819e+07
4.929574e+16	1.766133e+07
4.959882e+16	1.778533e+07
4.990358e+16	1.791021e+07
5.021005e+16	1.803596e+07
5.051822e+16	1.816259e+07
5.082811e+16	1.829011e+07
5.113973e+16	1.841853e+07
5.145308e+16	1.854785e+07
5.176818e+16	1.867808e+07
5.208503e+16	1.880922e+07
5.240364e+16	1.894129e+07
5.272402e+16	1.907428e+07
5.304618e+16	1.920820e+07
5.337013e+16	1.934306e+07
5.369588e+16	1.947888e+07
5.402344e+16	1.961564e+07
5.435281e+16	1.975337e+07
5.468401e+16	1.989206e+07
5.501705e+16	2.003172e+07
5.535192e+16	2.017237e+07
5.568866e+16	2.031400e+07
5.602726e+16	2.045663e+07
5.636773e+16	2.060026e+07
5.671008e+16	2.074490e+07
5.705433e+16	2.089055e+07
5.740047e+16	2.103723e+07
5.774853e+16	2.118494e+07
5.809852e+16	2.133368e+07
5.845043e+16	2.148347e+07
5.880428e+16	2.163431e+07
5.916009e+16	2.178620e+07
5.951786e+16	2.193917e+07
5.987760e+16	2.209321e+07
6.023931e+16	2.224833e+07
6.060303e+16	2.240454e+07
6.096874e+16	2.256184e+07
6.133646e+16	2.272026e+07
6.170621e+16	2.287978e+07
6.207799e+16	2.304042e+07
6.245181e+16	2.320219e+07
6.282768e+16	2.336510e+07
6.320562e+16	2.352915e+07
6.358563e+16	2.369435e+07
6.396773e+16	2.386071e+07
6.435192e+16	2.402824e+07
6.473821e+16	2.419695e+07
6.512663e+16	2.436684e+07
6.551717e+16	2.453793e+07
6.590985e+16	2.471021e+07
6.630468e+16	2.488371e+07
6.670166e+16	2.505842e+07
6.710082e+16	2.523436e+07
6.750216e+16	2.541153e+07
6.790570e+16	2.558995e+07
6.831143e+16	2.576963e+07
6.871939e+16	2.595056e+07
6.912957e+16	2.613276e+07
6.954198e+16	2.631624e+07
6.995665e+16	2.650102e+07
7.037358e+16	2.668708e+07
7.079278e+16	2.687446e+07
7.121426e+16	2.706315e+07
7.163804e+16	2.725316e+07
7.206412e+16	2.744451e+07
7.249253e+16	2.763721e+07
7.292326e+16	2.783125e+07
7.335633e+16	2.802666e+07
7.379176e+16	2.822344e+07
7.422956e+16	2.842160e+07
7.466973e+16	2.862116e+07
7.511229e+16	2.882211e+07
7.555726e+16	2.902448e+07
7.600463e+16	2.922826e+07
7.645444e+16	2.943348e+07
7.690668e+16	2.964014e+07
7.736137e+16	2.984825e+07
7.781853e+16	3.005782e+07
7.827816e+16	3.026886e+07
7.874028e+16	3.048138e+07
7.920490e+16	3.069540e+07
7.967204e+16	3.091091e+07
8.014170e+16	3.112794e+07
8.061390e+16	3.134650e+07
8.108865e+16	3.156659e+07
8.156596e+16	3.178822e+07
8.204585e+16	3.201142e+07
8.252833e+16	3.223617e+07
8.301342e+16	3.246251e+07
8.350112e+16	3.269043e+07
8.399145e+16	3.291996e+07
8.448443e+16	3.315110e+07
8.498006e+16	3.338386e+07
8.547836e+16	3.361825e+07
8.597934e+16	3.385429e+07
8.648302e+16	3.409199e+07
8.698941e+16	3.433135e+07
8.749853e+16	3.457240e+07
8.801038e+16	3.481514e+07
8.852498e+16	3.505958e+07
8.904235e+16	3.530574e+07
8.956249e+16	3.555363e+07
9.008543e+16	3.580326e+07
9.061118e+16	3.605464e+07
9.113974e+16	3.630779e+07
9.167114e+16	3.656271e+07
9.220540e+16	3.681942e+07
9.274251e+16	3.707794e+07
9.328250e+16	3.733827e+07
9.382539e+16	3.760043e+07
9.437118e+16	3.786443e+07
9.491990e+16	3.813028e+07
9.547155e+16	3.839800e+07
9.602615e+16	3.866760e+07
9.658372e+16	3.893909e+07
9.714427e+16	3.921249e+07
9.770781e+16	3.948781e+07
9.827436e+16	3.976506e+07
9.884394e+16	4.004426e+07
9.941657e+16	4.032542e+07
9.999224e+16	4.060855e+07
1.005710e+17	4.089367e+07
1.011528e+17	4.118079e+07
1.017378e+17	4.146993e+07
1.023258e+17	4.176110e+07
1.029170e+17	4.205431e+07
1.035113e+17	4.234958e+07
1.041088e+17	4.264692e+07
1.047095e+17	4.294635e+07
1.053134e+17	4.324789e+07
1.059205e+17	4.355154e+07
1.065308e+17	4.385732e+07
1.071444e+17	4.416525e+07
1.077612e+17	4.447535e+07
1.083813e+17	4.478762e+07
1.090047e+17	4.510208e+07
1.096314e+17	4.541875e+07
1.102615e+17	4.573764e+07
1.108948e+17	4.605877e+07
1.115316e+17	4.638216e+07
1.121717e+17	4.670782e+07
1.128152e+17	4.703576e+07
1.134621e+17	4.736601e+07
1.141125e+17	4.769857e+07
1.147662e+17	4.803347e+07
1.154235e+17	4.837073e+07
1.160842e+17	4.871034e+07
1.167484e+17	4.905235e+07
1.174162e+17	4.939675e+07
1.180875e+17	4.974358e+07
1.187623e+17	5.009284e+07
1.194407e+17	5.044455e+07
1.201226e+17	5.079873e+07
1.208082e+17	5.115539e+07
1.214974e+17	5.151457e+07
1.221902e+17	5.187626e+07
1.228867e+17	5.224049e+07
1.235869e+17	5.260728e+07
1.242907e+17	5.297665e+07
1.249983e+17	5.334861e+07
1.257096e+17	5.372318e+07
1.264246e+17	5.410038e+07
1.271434e+17	5.448022e+07
1.278660e+17	5.486274e+07
1.285924e+17	5.524794e+07
1.293226e+17	5.563585e+07
1.300567e+17	5.602648e+07
1.307946e+17	5.641985e+07
1.315364e+17	5.681598e+07
1.322821e+17	5.721490e+07
1.330318e+17	5.761661e+07
1.337853e+17	5.802115e+07
1.345428e+17	5.842853e+07
1.353043e+17	5.883877e+07
1.360698e+17	5.925188e+07
1.368393e+17	5.966790e+07
1.376129e+17	6.008684e+07
1.383905e+17	6.050872e+07
1.391722e+17	6.093356e+07
1.399579e+17	6.136139e+07
1.407478e+17	6.179222e+07
1.415419e+17	6.222607e+07
1.423401e+17	6.266297e+07
1.431424e+17	6.310294e+07
1.439490e+17	6.354600e+07
1.447598e+17	6.399217e+07
1.455748e+17	6.444147e+07
1.463941e+17	6.489392e+07
1.472177e+17	6.534955e+07
1.480456e+17	6.580839e+07
1.488778e+17	6.627044e+07
1.497144e+17	6.673574e+07
1.505553e+17	6.720430e+07
1.514006e+17	6.767615e+07
1.522503e+17	6.815132e+07
1.531045e+17	6.862982e+07
1.539631e+17	6.911168e+07
1.548262e+17	6.959693e+07
1.556938e+17	7.008558e+07
1.565659e+17	7.057767e+07
1.574426e+17	7.107321e+07
1.583238e+17	7.157222e+07
1.592097e+17	7.207474e+07
1.601001e+17	7.258079e+07
1.609952e+17	7.309040e+07
1.618949e+17	7.360358e+07
1.627993e+17	7.412036e+07
1.637084e+17	7.464077e+07
1.646223e+17	7.516484e+07
1.655409e+17	7.569259e+07
1.664642e+17	7.622404e+07
1.673924e+17	7.675922e+07
1.683254e+17	7.729816e+07
1.692632e+17	7.784089e+07
1.702059e+17	7.838742e+07
1.711535e+17	7.893779e+07
1.721061e+17	7.949203e+07
1.730635e+17	8.005016e+07
1.740259e+17	8.061220e+07
1.749934e+17	8.117820e+07
1.759658e+17	8.174816e+07
1.769433e+17	8.232213e+07
1.779258e+17	8.290013e+07
1.789134e+17	8.348219e+07
1.799061e+17	8.406833e+07
1.809040e+17	8.465859e+07
1.819071e+17	8.525299e+07
1.829153e+17	8.585157e+07
1.839287e+17	8.645435e+07
1.849474e+17	8.706136e+07
1.859714e+17	8.767264e+07
1.870007e+17	8.828820e+07
1.880352e+17	8.890809e+07
1.890751e+17	8.953233e+07
1.901204e+17	9.016095e+07
1.911711e+17	9.079399e+07
1.922272e+17	9.143147e+07
1.932888e+17	9.207343e+07
1.943558e+17	9.271989e+07
1.954284e+17	9.337089e+07
1.965065e+17	9.402647e+07
1.975901e+17	9.468664e+07
1.986793e+17	9.535146e+07
1.997742e+17	9.602094e+07
2.008747e+17	9.669512e+07
2.019808e+17	9.737403e+07
2.030927e+17	9.805771e+07
2.042103e+17	9.874619e+07
2.053336e+17	9.943951e+07
2.064627e+17	1.001377e+08
2.075976e+17	1.008408e+08
2.087384e+17	1.015488e+08
2.098850e+17	1.022618e+08
2.110375e+17	1.029798e+08
2.121960e+17	1.037028e+08
2.133604e+17	1.044309e+08
2.145308e+17	1.051642e+08
2.157072e+17	1.059025e+08
2.168896e+17	1.066461e+08
2.180782e+17	1.073949e+08
2.192728e+17	1.081489e+08
2.204735e+17	1.089083e+08
2.216804e+17	1.096729e+08
2.228935e+17	1.104430e+08
2.241129e+17	1.112184e+08
2.253384e+17	1.119993e+08
2.265703e+17	1.127857e+08
2.278085e+17	1.135775e+08
2.290530e+17	1.143750e+08
2.303039e+17	1.151780e+08
2.315612e+17	1.159867e+08
2.328249e+17	1.168011e+08
2.340951e+17	1.176212e+08
2.353718e+17	1.184470e+08
2.366551e+17	1.192786e+08
2.379449e+17	1.201161e+08
2.392413e+17	1.209595e+08
2.405443e+17	1.218088e+08
2.418541e+17	1.226640e+08
2.431704e+17	1.235252e+08
2.444936e+17	1.243925e+08
2.458235e+17	1.252659e+08
2.471601e+17	1.261454e+08
2.485036e+17	1.270311e+08
2.498540e+17	1.279230e+08
2.512113e+17	1.288212e+08
2.525754e+17	1.297257e+08
2.539466e+17	1.306365e+08
2.553247e+17	1.315537e+08
2.567099e+17	1.324774e+08
2.581021e+17	1.334075e+08
2.595015e+17	1.343442e+08
2.609079e+17	1.352875e+08
2.623216e+17	1.362374e+08
2.637424e+17	1.371939e+08
2.651705e+17	1.381572e+08
2.666058e+17	1.391272e+08
2.680485e+17	1.401040e+08
2.694985e+17	1.410877e+08
2.709559e+17	1.420783e+08
2.724207e+17	1.430759e+08
2.738929e+17	1.440805e+08
2.753727e+17	1.450921e+08
2.768599e+17	1.461108e+08
2.783548e+17	1.471367e+08
2.798572e+17	1.481697e+08
2.813672e+17	1.492101e+08
2.828850e+17	1.502577e+08
2.844104e+17	1.513127e+08
2.859436e+17	1.523751e+08
2.874846e+17	1.534449e+08
2.890334e+17	1.545223e+08
2.905901e+17	1.556072e+08
2.921546e+17	1.566998e+08
2.937271e+17	1.578000e+08
2.953076e+17	1.589079e+08
2.968961e+17	1.600236e+08
2.984927e+17	1.611472e+08
3.000973e+17	1.622786e+08
3.017101e+17	1.634180e+08
3.033311e+17	1.645654e+08
3.049602e+17	1.657209e+08
3.065977e+17	1.668844e+08
3.082434e+17	1.680561e+08
3.098974e+17	1.692361e+08
3.115598e+17	1.704243e+08
3.132307e+17	1.716209e+08
3.149100e+17	1.728259e+08
3.165978e+17	1.740393e+08
3.182941e+17	1.752613e+08
3.199990e+17	1.764918e+08
3.217125e+17	1.777310e+08
3.234347e+17	1.789789e+08
3.251656e+17	1.802355e+08
3.269053e+17	1.815010e+08
3.286537e+17	1.827754e+08
3.304110e+17	1.840587e+08
3.321772e+17	1.853510e+08
3.339522e+17	1.866523e+08
3.357363e+17	1.879629e+08
3.375293e+17	1.892826e+08
3.393314e+17	1.906116e+08
3.411426e+17	1.919499e+08
3.429629e+17	1.932976e+08
3.447924e+17	1.946548e+08
3.466312e+17	1.960215e+08
3.484792e+17	1.973978e+08
3.503365e+17	1.987838e+08
3.522032e+17	2.001795e+08
3.540793e+17	2.015850e+08
3.559648e+17	2.030003e+08
3.578598e+17	2.044256e+08
3.597644e+17	2.058609e+08
3.616786e+17	2.073063e+08
3.636024e+17	2.087619e+08
3.655359e+17	2.102276e+08
3.674792e+17	2.117037e+08
3.694322e+17	2.131901e+08
3.713950e+17	2.146869e+08
3.733678e+17	2.161943e+08
3.753504e+17	2.177122e+08
3.773430e+17	2.192408e+08
3.793457e+17	2.207801e+08
3.813583e+17	2.223303e+08
3.833812e+17	2.238913e+08
3.854141e+17	2.254633e+08
3.874573e+17	2.270463e+08
3.895108e+17	2.286404e+08
3.915746e+17	2.302458e+08
3.936487e+17	2.318623e+08
3.957332e+17	2.334903e+08
3.978283e+17	2.351297e+08
3.999338e+17	2.367806e+08
4.020499e+17	2.384430e+08
4.041766e+17	2.401172e+08
4.063140e+17	2.418031e+08
4.084621e+17	2.435008e+08
4.106209e+17	2.452105e+08
4.127906e+17	2.469322e+08
4.149712e+17	2.486659e+08
4.171627e+17	2.504119e+08
4.193652e+17	2.521700e+08
4.215787e+17	2.539406e+08
4.238033e+17	2.557235e+08
4.260391e+17	2.575190e+08
4.282860e+17	2.593271e+08
4.305442e+17	2.611479e+08
4.328137e+17	2.629815e+08
4.350946e+17	2.648279e+08
4.373868e+17	2.666873e+08
4.396906e+17	2.685598e+08
4.420058e+17	2.704454e+08
4.443327e+17	2.723442e+08
4.466712e+17	2.742564e+08
4.490214e+17	2.761820e+08
4.513833e+17	2.781211e+08
4.537570e+17	2.800739e+08
4.561426e+17	2.820403e+08
4.585401e+17	2.840206e+08
4.609496e+17	2.860147e+08
4.633712e+17	2.880229e+08
4.658048e+17	2.900452e+08
4.682506e+17	2.920816e+08
4.707086e+17	2.941324e+08
4.731789e+17	2.961975e+08
4.756614e+17	2.982772e+08
4.781564e+17	3.003714e+08
4.806639e+17	3.024804e+08
4.831838e+17	3.046042e+08
4.857163e+17	3.067429e+08
4.882615e+17	3.088966e+08
4.908193e+17	3.110654e+08
4.933899e+17	3.132494e+08
4.959733e+17	3.154488e+08
4.985696e+17	3.176636e+08
5.011788e+17	3.198940e+08
5.038010e+17	3.221400e+08
5.064363e+17	3.244018e+08
5.090847e+17	3.266795e+08
5.117463e+17	3.289732e+08
5.144211e+17	3.312830e+08
5.171093e+17	3.336090e+08
5.198109e+17	3.359513e+08
5.225259e+17	3.383101e+08
5.252544e+17	3.406854e+08
5.279965e+17	3.430774e+08
5.307522e+17	3.454862e+08
5.335216e+17	3.479120e+08
5.363048e+17	3.503547e+08
5.391019e+17	3.528146e+08
5.419128e+17	3.552918e+08
5.447377e+17	3.577864e+08
5.475767e+17	3.602984e+08
5.504298e+17	3.628282e+08
5.532970e+17	3.653756e+08
5.561785e+17	3.679410e+08
5.590744e+17	3.705244e+08
5.619846e+17	3.731259e+08
5.649092e+17	3.757457e+08
5.678484e+17	3.783839e+08
5.708021e+17	3.810406e+08
5.737705e+17	3.837159e+08
5.767537e+17	3.864101e+08
5.797517e+17	3.891231e+08
5.827645e+17	3.918552e+08
5.857923e+17	3.946065e+08
5.888351e+17	3.973771e+08
5.918930e+17	4.001672e+08
5.949660e+17	4.029768e+08
5.980543e+17	4.058062e+08
6.011579e+17	4.086554e+08
6.042769e+17	4.115247e+08
6.074113e+17	4.144141e+08
6.105613e+17	4.173237e+08
6.137269e+17	4.202539e+08
6.169081e+17	4.232045e+08
6.201051e+17	4.261759e+08
6.233180e+17	4.291682e+08
6.265467e+17	4.321815e+08
6.297915e+17	4.352159e+08
6.330523e+17	4.382716e+08
6.363292e+17	4.413488e+08
6.396224e+17	4.444476e+08
6.429318e+17	4.475681e+08
6.462577e+17	4.507106e+08
6.496000e+17	4.538751e+08
6.529588e+17	4.570618e+08
6.563342e+17	4.602710e+08
6.597263e+17	4.635026e+08
6.631352e+17	4.667569e+08
6.665609e+17	4.700341e+08
6.700036e+17	4.733343e+08
6.734633e+17	4.766577e+08
6.769401e+17	4.800044e+08
6.804340e+17	4.833746e+08
6.839452e+17	4.867684e+08
6.874738e+17	4.901861e+08
6.910198e+17	4.936278e+08
6.945833e+17	4.970937e+08
6.981644e+17	5.005839e+08
7.017632e+17	5.040985e+08
7.053797e+17	5.076379e+08
7.090141e+17	5.112021e+08
7.126664e+17	5.147914e+08
7.163367e+17	5.184058e+08
7.200252e+17	5.220456e+08
7.237318e+17	5.257110e+08
7.274568e+17	5.294021e+08
7.312001e+17	5.331192e+08
7.349618e+17	5.368623e+08
7.387421e+17	5.406317e+08
7.425410e+17	5.444276e+08
7.463587e+17	5.482501e+08
7.501952e+17	5.520995e+08
7.540506e+17	5.559758e+08
7.579249e+17	5.598795e+08
7.618184e+17	5.638105e+08
7.657310e+17	5.677691e+08
7.696630e+17	5.717555e+08
7.736142e+17	5.757699e+08
7.775850e+17	5.798125e+08
7.815752e+17	5.838834e+08
7.855852e+17	5.879830e+08
7.896148e+17	5.921113e+08
7.936643e+17	5.962687e+08
7.977337e+17	6.004552e+08
8.018232e+17	6.046711e+08
8.059327e+17	6.089166e+08
8.100625e+17	6.131919e+08
8.142126e+17	6.174972e+08
8.183831e+17	6.218328e+08
8.225741e+17	6.261988e+08
8.267857e+17	6.305954e+08
8.310180e+17	6.350230e+08
8.352711e+17	6.394816e+08
8.395452e+17	6.439715e+08
8.438402e+17	6.484929e+08
8.481563e+17	6.530461e+08
8.524937e+17	6.576313e+08
8.568523e+17	6.622486e+08
8.612323e+17	6.668984e+08
8.656339e+17	6.715808e+08
8.700571e+17	6.762961e+08
8.745020e+17	6.810445e+08
8.789687e+17	6.858262e+08
8.834573e+17	6.906415e+08
8.879680e+17	6.954907e+08
8.925008e+17	7.003738e+08
8.970559e+17	7.052913e+08
9.016333e+17	7.102433e+08
9.062331e+17	7.152300e+08
9.108555e+17	7.202518e+08
9.155006e+17	7.253088e+08
9.201685e+17	7.304013e+08
9.248593e+17	7.355296e+08
9.295730e+17	7.406939e+08
9.343099e+17	7.458944e+08
9.390700e+17	7.511315e+08
9.438534e+17	7.564053e+08
9.486603e+17	7.617162e+08
9.534907e+17	7.670643e+08
9.583448e+17	7.724500e+08
9.632227e+17	7.778735e+08
9.681245e+17	7.833351e+08
9.730502e+17	7.888350e+08
9.780001e+17	7.943736e+08
9.829743e+17	7.999510e+08
9.879728e+17	8.055676e+08
9.929957e+17	8.112237e+08
9.980433e+17	8.169194e+08
1.003116e+18	8.226552e+08
1.008213e+18	8.284312e+08
1.013335e+18	8.342477e+08
1.018482e+18	8.401052e+08
1.023654e+18	8.460037e+08
1.028852e+18	8.519436e+08
1.034075e+18	8.579253e+08
1.039323e+18	8.639489e+08
1.044597e+18	8.700149e+08
1.049897e+18	8.761234e+08
1.055223e+18	8.822748e+08
1.060575e+18	8.884694e+08
1.065953e+18	8.947075e+08
1.071358e+18	9.009894e+08
1.076789e+18	9.073155e+08
1.082246e+18	9.136859e+08
1.087730e+18	9.201010e+08
1.093241e+18	9.265612e+08
1.098778e+18	9.330668e+08
1.104343e+18	9.396180e+08
1.109935e+18	9.462152e+08
1.115555e+18	9.528588e+08
1.121201e+18	9.595490e+08
1.126876e+18	9.662862e+08
1.132577e+18	9.730706e+08
1.138307e+18	9.799027e+08
1.144065e+18	9.867828e+08
1.149851e+18	9.937112e+08
1.155665e+18	1.000688e+09
1.161508e+18	1.007714e+09
1.167379e+18	1.014790e+09
1.173278e+18	1.021915e+09
1.179207e+18	1.029090e+09
1.185164e+18	1.036315e+09
1.191150e+18	1.043591e+09
1.197166e+18	1.050918e+09
1.203211e+18	1.058297e+09
1.209285e+18	1.065728e+09
1.215389e+18	1.073210e+09
1.221523e+18	1.080746e+09
1.227687e+18	1.088334e+09
1.233880e+18	1.095975e+09
1.240104e+18	1.103670e+09
1.246358e+18	1.111419e+09
1.252643e+18	1.119223e+09
1.258958e+18	1.127081e+09
1.265304e+18	1.134994e+09
1.271681e+18	1.142963e+09
1.278089e+18	1.150988e+09
1.284528e+18	1.159070e+09
1.290999e+18	1.167208e+09
1.297501e+18	1.175403e+09
1.304035e+18	1.183655e+09
1.310600e+18	1.191966e+09
1.317198e+18	1.200335e+09
1.323827e+18	1.208763e+09
1.330489e+18	1.217250e+09
1.337183e+18	1.225796e+09
1.343910e+18	1.234403e+09
1.350670e+18	1.243070e+09
1.357462e+18	1.251798e+09
1.364288e+18	1.260587e+09
1.371146e+18	1.269438e+09
1.378038e+18	1.278351e+09
1.384964e+18	1.287326e+09
1.391923e+18	1.296365e+09
1.398916e+18	1.305467e+09
1.405943e+18	1.314633e+09
1.413004e+18	1.323863e+09
1.420100e+18	1.333158e+09
1.427230e+18	1.342518e+09
1.434394e+18	1.351944e+09
1.441594e+18	1.361437e+09
1.448828e+18	1.370996e+09
1.456098e+18	1.380622e+09
1.463403e+18	1.390315e+09
1.470743e+18	1.400077e+09
1.478119e+18	1.409907e+09
1.485531e+18	1.419806e+09
1.492979e+18	1.429775e+09
1.500463e+18	1.439814e+09
1.507983e+18	1.449923e+09
1.515540e+18	1.460103e+09
1.523133e+18	1.470355e+09
1.530764e+18	1.480678e+09
1.538431e+18	1.491074e+09
1.546136e+18	1.501543e+09
1.553877e+18	1.512086e+09
1.561657e+18	1.522703e+09
1.569474e+18	1.533394e+09
1.577329e+18	1.544160e+09
1.585223e+18	1.555002e+09
1.593154e+18	1.565920e+09
1.601124e+18	1.576914e+09
1.609133e+18	1.587986e+09
1.617181e+18	1.599136e+09
1.625267e+18	1.610364e+09
1.633393e+18	1.621670e+09
1.641558e+18	1.633056e+09
1.649763e+18	1.644522e+09
1.658007e+18	1.656069e+09
1.666292e+18	1.667696e+09
1.674616e+18	1.679406e+09
1.682981e+18	1.691197e+09
1.691386e+18	1.703071e+09
1.699833e+18	1.715029e+09
1.708320e+18	1.727070e+09
1.716848e+18	1.739196e+09
1.725417e+18	1.751408e+09
1.734028e+18	1.763705e+09
1.742681e+18	1.776088e+09
1.751375e+18	1.788558e+09
1.760112e+18	1.801116e+09
1.768891e+18	1.813762e+09
1.777712e+18	1.826497e+09
1.786577e+18	1.839321e+09
1.795484e+18	1.852235e+09
1.804434e+18	1.865240e+09
1.813427e+18	1.878336e+09
1.822464e+18	1.891524e+09
1.831545e+18	1.904805e+09
1.840670e+18	1.918179e+09
1.849838e+18	1.931647e+09
1.859052e+18	1.945209e+09
1.868309e+18	1.958867e+09
1.877612e+18	1.972620e+09
1.886959e+18	1.986471e+09
1.896352e+18	2.000418e+09
1.905790e+18	2.014463e+09
1.915274e+18	2.028607e+09
1.924803e+18	2.042850e+09
1.934379e+18	2.057194e+09
1.944001e+18	2.071637e+09
1.953669e+18	2.086183e+09
1.963384e+18	2.100830e+09
1.973146e+18	2.115581e+09
1.982955e+18	2.130434e+09
1.992812e+18	2.145393e+09
2.002716e+18	2.160456e+09
2.012668e+18	2.175625e+09
2.022669e+18	2.190900e+09
2.032717e+18	2.206283e+09
2.042814e+18	2.221774e+09
2.052960e+18	2.237373e+09
2.063155e+18	2.253082e+09
2.073399e+18	2.268901e+09
2.083692e+18	2.284832e+09
2.094035e+18	2.300874e+09
2.104428e+18	2.317029e+09
2.114872e+18	2.333297e+09
2.125365e+18	2.349680e+09
2.135910e+18	2.366177e+09
2.146505e+18	2.382791e+09
2.157151e+18	2.399521e+09
2.167849e+18	2.416368e+09
2.178598e+18	2.433334e+09
2.189399e+18	2.450419e+09
2.200252e+18	2.467623e+09
2.211158e+18	2.484949e+09
2.222116e+18	2.502396e+09
2.233127e+18	2.519966e+09
2.244192e+18	2.537659e+09
2.255309e+18	2.555477e+09
2.266480e+18	2.573419e+09
2.277705e+18	2.591488e+09
2.288984e+18	2.609683e+09
2.300318e+18	2.628006e+09
2.311706e+18	2.646458e+09
2.323149e+18	2.665039e+09
2.334647e+18	2.683751e+09
2.346201e+18	2.702594e+09
2.357810e+18	2.721569e+09
2.369475e+18	2.740678e+09
2.381197e+18	2.759921e+09
2.392975e+18	2.779298e+09
2.404809e+18	2.798812e+09
2.416701e+18	2.818463e+09
2.428650e+18	2.838252e+09
2.440657e+18	2.858180e+09
2.452721e+18	2.878248e+09
2.464843e+18	2.898457e+09
2.477024e+18	2.918807e+09
2.489264e+18	2.939301e+09
2.501562e+18	2.959938e+09
2.513920e+18	2.980720e+09
2.526337e+18	3.001649e+09
2.538814e+18	3.022724e+09
2.551350e+18	3.043947e+09
2.563948e+18	3.065319e+09
2.576606e+18	3.086841e+09
2.589324e+18	3.108514e+09
2.602104e+18	3.130340e+09
2.614946e+18	3.152318e+09
2.627849e+18	3.174451e+09
2.640815e+18	3.196740e+09
2.653843e+18	3.219185e+09
2.666933e+18	3.241787e+09
2.680086e+18	3.264548e+09
2.693303e+18	3.287469e+09
2.706583e+18	3.310551e+09
2.719927e+18	3.333795e+09
2.733336e+18	3.357203e+09
2.746808e+18	3.380774e+09
2.760346e+18	3.404511e+09
2.773949e+18	3.428415e+09
2.787617e+18	3.452486e+09
2.801350e+18	3.476727e+09
2.815150e+18	3.501138e+09
2.829016e+18	3.525720e+09
2.842949e+18	3.550474e+09
2.856949e+18	3.575403e+09
2.871016e+18	3.600506e+09
2.885150e+18	3.625786e+09
2.899353e+18	3.651244e+09
2.913624e+18	3.676880e+09
2.927963e+18	3.702696e+09
2.942371e+18	3.728693e+09
2.956848e+18	3.754873e+09
2.971395e+18	3.781236e+09
2.986012e+18	3.807785e+09
3.000699e+18	3.834520e+09
3.015457e+18	3.861443e+09
3.030285e+18	3.888555e+09
3.045185e+18	3.915857e+09
3.060156e+18	3.943351e+09
3.075199e+18	3.971038e+09
3.090314e+18	3.998920e+09
3.105502e+18	4.026997e+09
3.120763e+18	4.055271e+09
3.136097e+18	4.083744e+09
3.151505e+18	4.112417e+09
3.166986e+18	4.141291e+09
3.182542e+18	4.170367e+09
3.198172e+18	4.199648e+09
3.213878e+18	4.229135e+09
3.229659e+18	4.258828e+09
3.245515e+18	4.288730e+09
3.261448e+18	4.318842e+09
3.277457e+18	4.349166e+09
3.293543e+18	4.379702e+09
3.309706e+18	4.410453e+09
3.325947e+18	4.441419e+09
3.342265e+18	4.472603e+09
3.358662e+18	4.504006e+09
3.375137e+18	4.535630e+09
3.391692e+18	4.567475e+09
3.408326e+18	4.599544e+09
3.425039e+18	4.631838e+09
3.441833e+18	4.664359e+09
3.458707e+18	4.697109e+09
3.475662e+18	4.730088e+09
3.492698e+18	4.763299e+09
3.509816e+18	4.796743e+09
3.527016e+18	4.830421e+09
3.544299e+18	4.864337e+09
3.561664e+18	4.898490e+09
3.579113e+18	4.932883e+09
3.596645e+18	4.967518e+09
3.614261e+18	5.002396e+09
3.631962e+18	5.037519e+09
3.649747e+18	5.072888e+09
3.667618e+18	5.108506e+09
3.685574e+18	5.144373e+09
3.703616e+18	5.180493e+09
3.721745e+18	5.216866e+09
3.739960e+18	5.253495e+09
3.758263e+18	5.290380e+09
3.776653e+18	5.327525e+09
3.795131e+18	5.364931e+09
3.813698e+18	5.402599e+09
3.832354e+18	5.440531e+09
3.851099e+18	5.478730e+09
3.869934e+18	5.517198e+09
3.888859e+18	5.555935e+09
3.907875e+18	5.594944e+09
3.926981e+18	5.634227e+09
3.946180e+18	5.673786e+09
3.965470e+18	5.713623e+09
3.984852e+18	5.753739e+09
4.004327e+18	5.794137e+09
4.023895e+18	5.834819e+09
4.043557e+18	5.875786e+09
4.063313e+18	5.917041e+09
4.083164e+18	5.958586e+09
4.103109e+18	6.000422e+09
4.123150e+18	6.042552e+09
4.143287e+18	6.084978e+09
4.163520e+18	6.127702e+09
4.183850e+18	6.170725e+09
4.204278e+18	6.214051e+09
4.224802e+18	6.257681e+09
4.245425e+18	6.301617e+09
4.266147e+18	6.345862e+09
4.286968e+18	6.390418e+09
4.307888e+18	6.435286e+09
4.328909e+18	6.480469e+09
4.350030e+18	6.525970e+09
4.371251e+18	6.571790e+09
4.392575e+18	6.617932e+09
4.414000e+18	6.664397e+09
4.435528e+18	6.711189e+09
4.457158e+18	6.758310e+09
4.478892e+18	6.805761e+09
4.500730e+18	6.853546e+09
4.522672e+18	6.901666e+09
4.544719e+18	6.950123e+09
4.566872e+18	6.998921e+09
4.589130e+18	7.048062e+09
4.611495e+18	7.097548e+09
4.633966e+18	7.147381e+09
4.656545e+18	7.197564e+09
4.679232e+18	7.248099e+09
4.702027e+18	7.298990e+09
4.724931e+18	7.350237e+09
4.747945e+18	7.401845e+09
4.771068e+18	7.453814e+09
4.794302e+18	7.506149e+09
4.817647e+18	7.558851e+09
4.841103e+18	7.611923e+09
4.864671e+18	7.665368e+09
4.888352e+18	7.719188e+09
4.912146e+18	7.773385e+09
4.936054e+18	7.827964e+09
4.960076e+18	7.882925e+09
4.984212e+18	7.938273e+09
5.008464e+18	7.994009e+09
5.032831e+18	8.050136e+09
5.057315e+18	8.106658e+09
5.081915e+18	8.163576e+09
5.106633e+18	8.220894e+09
5.131469e+18	8.278614e+09
5.156424e+18	8.336740e+09
5.181498e+18	8.395274e+09
5.206691e+18	8.454218e+09
5.232005e+18	8.513577e+09
5.257439e+18	8.573352e+09
5.282995e+18	8.633548e+09
5.308672e+18	8.694165e+09
5.334472e+18	8.755209e+09
5.360396e+18	8.816680e+09
5.386442e+18	8.878584e+09
5.412614e+18	8.940922e+09
5.438910e+18	9.003698e+09
5.465331e+18	9.066915e+09
5.491878e+18	9.130575e+09
5.518553e+18	9.194682e+09
5.545354e+18	9.259240e+09
5.572283e+18	9.324251e+09
5.599341e+18	9.389718e+09
5.626527e+18	9.455645e+09
5.653843e+18	9.522035e+09
5.681290e+18	9.588891e+09
5.708867e+18	9.656216e+09
5.736576e+18	9.724014e+09
5.764417e+18	9.792288e+09
5.792390e+18	9.861042e+09
5.820497e+18	9.930278e+09
5.848738e+18	1.000000e+10
