# Diamond EOS from Swift et al. (2022), using a modified Vinet form
# Pressure (Pa)	Density (kg/m^3)
1.0000000000e+00	3.5112556278e+03
1.5283993953e+08	3.5112556278e+03
5.7984708740e+08	3.5147573787e+03
1.0079730914e+09	3.5182591296e+03
1.4372180067e+09	3.5217608804e+03
1.8675818875e+09	3.5252626313e+03
2.2990647869e+09	3.5287643822e+03
2.7316667571e+09	3.5322661331e+03
3.1653878492e+09	3.5357678839e+03
3.6002281136e+09	3.5392696348e+03
4.0361875993e+09	3.5427713857e+03
4.4732663546e+09	3.5462731366e+03
4.9114644268e+09	3.5497748874e+03
5.3507818621e+09	3.5532766383e+03
5.7912187058e+09	3.5567783892e+03
6.2327750023e+09	3.5602801401e+03
6.6754507950e+09	3.5637818909e+03
7.1192461263e+09	3.5672836418e+03
7.5641610376e+09	3.5707853927e+03
8.0101955695e+09	3.5742871436e+03
8.4573497616e+09	3.5777888944e+03
8.9056236525e+09	3.5812906453e+03
9.3550172799e+09	3.5847923962e+03
9.8055306806e+09	3.5882941471e+03
1.0257163890e+10	3.5917958979e+03
1.0709916944e+10	3.5952976488e+03
1.1163789876e+10	3.5987993997e+03
1.1618782719e+10	3.6023011506e+03
1.2074895505e+10	3.6058029015e+03
1.2532128266e+10	3.6093046523e+03
1.2990481031e+10	3.6128064032e+03
1.3449953831e+10	3.6163081541e+03
1.3910546694e+10	3.6198099050e+03
1.4372259646e+10	3.6233116558e+03
1.4835092716e+10	3.6268134067e+03
1.5299045929e+10	3.6303151576e+03
1.5764119310e+10	3.6338169085e+03
1.6230312884e+10	3.6373186593e+03
1.6697626672e+10	3.6408204102e+03
1.7166060698e+10	3.6443221611e+03
1.7635614983e+10	3.6478239120e+03
1.8106289547e+10	3.6513256628e+03
1.8578084411e+10	3.6548274137e+03
1.9050999593e+10	3.6583291646e+03
1.9525035111e+10	3.6618309155e+03
2.0000190983e+10	3.6653326663e+03
2.0476467224e+10	3.6688344172e+03
2.0953863850e+10	3.6723361681e+03
2.1432380876e+10	3.6758379190e+03
2.1912018316e+10	3.6793396698e+03
2.2392776181e+10	3.6828414207e+03
2.2874654486e+10	3.6863431716e+03
2.3357653240e+10	3.6898449225e+03
2.3841772454e+10	3.6933466733e+03
2.4327012138e+10	3.6968484242e+03
2.4813372300e+10	3.7003501751e+03
2.5300852950e+10	3.7038519260e+03
2.5789454092e+10	3.7073536768e+03
2.6279175735e+10	3.7108554277e+03
2.6770017884e+10	3.7143571786e+03
2.7261980543e+10	3.7178589295e+03
2.7755063716e+10	3.7213606803e+03
2.8249267406e+10	3.7248624312e+03
2.8744591616e+10	3.7283641821e+03
2.9241036348e+10	3.7318659330e+03
2.9738601602e+10	3.7353676838e+03
3.0237287377e+10	3.7388694347e+03
3.0737093674e+10	3.7423711856e+03
3.1238020491e+10	3.7458729365e+03
3.1740067825e+10	3.7493746873e+03
3.2243235673e+10	3.7528764382e+03
3.2747524032e+10	3.7563781891e+03
3.3252932896e+10	3.7598799400e+03
3.3759462260e+10	3.7633816908e+03
3.4267112119e+10	3.7668834417e+03
3.4775882465e+10	3.7703851926e+03
3.5285773290e+10	3.7738869435e+03
3.5796784586e+10	3.7773886943e+03
3.6308916343e+10	3.7808904452e+03
3.6822168553e+10	3.7843921961e+03
3.7336541204e+10	3.7878939470e+03
3.7852034285e+10	3.7913956978e+03
3.8368647783e+10	3.7948974487e+03
3.8886381686e+10	3.7983991996e+03
3.9405235980e+10	3.8019009505e+03
3.9925210651e+10	3.8054027014e+03
4.0446305684e+10	3.8089044522e+03
4.0968521063e+10	3.8124062031e+03
4.1491856771e+10	3.8159079540e+03
4.2016312792e+10	3.8194097049e+03
4.2541889107e+10	3.8229114557e+03
4.3068585697e+10	3.8264132066e+03
4.3596402545e+10	3.8299149575e+03
4.4125339628e+10	3.8334167084e+03
4.4655396927e+10	3.8369184592e+03
4.5186574421e+10	3.8404202101e+03
4.5718872086e+10	3.8439219610e+03
4.6252289901e+10	3.8474237119e+03
4.6786827841e+10	3.8509254627e+03
4.7322485884e+10	3.8544272136e+03
4.7859264002e+10	3.8579289645e+03
4.8397162173e+10	3.8614307154e+03
4.8936180367e+10	3.8649324662e+03
4.9476318560e+10	3.8684342171e+03
5.0017576724e+10	3.8719359680e+03
5.0559954830e+10	3.8754377189e+03
5.1103452849e+10	3.8789394697e+03
5.1648070751e+10	3.8824412206e+03
5.2193808508e+10	3.8859429715e+03
5.2740666087e+10	3.8894447224e+03
5.3288643457e+10	3.8929464732e+03
5.3837740585e+10	3.8964482241e+03
5.4387957440e+10	3.8999499750e+03
5.4939293988e+10	3.9034517259e+03
5.5491750194e+10	3.9069534767e+03
5.6045326023e+10	3.9104552276e+03
5.6600021441e+10	3.9139569785e+03
5.7155836411e+10	3.9174587294e+03
5.7712770896e+10	3.9209604802e+03
5.8270824860e+10	3.9244622311e+03
5.8829998264e+10	3.9279639820e+03
5.9390291069e+10	3.9314657329e+03
5.9951703237e+10	3.9349674837e+03
6.0514234727e+10	3.9384692346e+03
6.1077885500e+10	3.9419709855e+03
6.1642655514e+10	3.9454727364e+03
6.2208544727e+10	3.9489744872e+03
6.2775553098e+10	3.9524762381e+03
6.3343680583e+10	3.9559779890e+03
6.3912927139e+10	3.9594797399e+03
6.4483292722e+10	3.9629814907e+03
6.5054777287e+10	3.9664832416e+03
6.5627380788e+10	3.9699849925e+03
6.6201103181e+10	3.9734867434e+03
6.6775944418e+10	3.9769884942e+03
6.7351904452e+10	3.9804902451e+03
6.7928983236e+10	3.9839919960e+03
6.8507180722e+10	3.9874937469e+03
6.9086496861e+10	3.9909954977e+03
6.9666931602e+10	3.9944972486e+03
7.0248484898e+10	3.9979989995e+03
7.0831156696e+10	4.0015007504e+03
7.1414946945e+10	4.0050025013e+03
7.1999855595e+10	4.0085042521e+03
7.2585882592e+10	4.0120060030e+03
7.3173027884e+10	4.0155077539e+03
7.3761291418e+10	4.0190095048e+03
7.4350673140e+10	4.0225112556e+03
7.4941172994e+10	4.0260130065e+03
7.5532790926e+10	4.0295147574e+03
7.6125526881e+10	4.0330165083e+03
7.6719380802e+10	4.0365182591e+03
7.7314352632e+10	4.0400200100e+03
7.7910442315e+10	4.0435217609e+03
7.8507649792e+10	4.0470235118e+03
7.9105975005e+10	4.0505252626e+03
7.9705417895e+10	4.0540270135e+03
8.0305978403e+10	4.0575287644e+03
8.0907656468e+10	4.0610305153e+03
8.1510452031e+10	4.0645322661e+03
8.2114365030e+10	4.0680340170e+03
8.2719395404e+10	4.0715357679e+03
8.3325543090e+10	4.0750375188e+03
8.3932808026e+10	4.0785392696e+03
8.4541190149e+10	4.0820410205e+03
8.5150689395e+10	4.0855427714e+03
8.5761305700e+10	4.0890445223e+03
8.6373039000e+10	4.0925462731e+03
8.6985889228e+10	4.0960480240e+03
8.7599856320e+10	4.0995497749e+03
8.8214940209e+10	4.1030515258e+03
8.8831140829e+10	4.1065532766e+03
8.9448458112e+10	4.1100550275e+03
9.0066891990e+10	4.1135567784e+03
9.0686442395e+10	4.1170585293e+03
9.1307109259e+10	4.1205602801e+03
9.1928892512e+10	4.1240620310e+03
9.2551792085e+10	4.1275637819e+03
9.3175807907e+10	4.1310655328e+03
9.3800939908e+10	4.1345672836e+03
9.4427188017e+10	4.1380690345e+03
9.5054552161e+10	4.1415707854e+03
9.5683032268e+10	4.1450725363e+03
9.6312628267e+10	4.1485742871e+03
9.6943340084e+10	4.1520760380e+03
9.7575167644e+10	4.1555777889e+03
9.8208110875e+10	4.1590795398e+03
9.8842169702e+10	4.1625812906e+03
9.9477344050e+10	4.1660830415e+03
1.0011363384e+11	4.1695847924e+03
1.0075103900e+11	4.1730865433e+03
1.0138955946e+11	4.1765882941e+03
1.0202919513e+11	4.1800900450e+03
1.0266994594e+11	4.1835917959e+03
1.0331181181e+11	4.1870935468e+03
1.0395479266e+11	4.1905952976e+03
1.0459888842e+11	4.1940970485e+03
1.0524409900e+11	4.1975987994e+03
1.0589042432e+11	4.2011005503e+03
1.0653786431e+11	4.2046023012e+03
1.0718641889e+11	4.2081040520e+03
1.0783608797e+11	4.2116058029e+03
1.0848687147e+11	4.2151075538e+03
1.0913876931e+11	4.2186093047e+03
1.0979178141e+11	4.2221110555e+03
1.1044590769e+11	4.2256128064e+03
1.1110114805e+11	4.2291145573e+03
1.1175750243e+11	4.2326163082e+03
1.1241497073e+11	4.2361180590e+03
1.1307355287e+11	4.2396198099e+03
1.1373324876e+11	4.2431215608e+03
1.1439405833e+11	4.2466233117e+03
1.1505598148e+11	4.2501250625e+03
1.1571901813e+11	4.2536268134e+03
1.1638316819e+11	4.2571285643e+03
1.1704843157e+11	4.2606303152e+03
1.1771480819e+11	4.2641320660e+03
1.1838229796e+11	4.2676338169e+03
1.1905090079e+11	4.2711355678e+03
1.1972061660e+11	4.2746373187e+03
1.2039144528e+11	4.2781390695e+03
1.2106338676e+11	4.2816408204e+03
1.2173644095e+11	4.2851425713e+03
1.2241060775e+11	4.2886443222e+03
1.2308588707e+11	4.2921460730e+03
1.2376227883e+11	4.2956478239e+03
1.2443978292e+11	4.2991495748e+03
1.2511839926e+11	4.3026513257e+03
1.2579812776e+11	4.3061530765e+03
1.2647896833e+11	4.3096548274e+03
1.2716092086e+11	4.3131565783e+03
1.2784398528e+11	4.3166583292e+03
1.2852816147e+11	4.3201600800e+03
1.2921344936e+11	4.3236618309e+03
1.2989984884e+11	4.3271635818e+03
1.3058735982e+11	4.3306653327e+03
1.3127598220e+11	4.3341670835e+03
1.3196571590e+11	4.3376688344e+03
1.3265656080e+11	4.3411705853e+03
1.3334851683e+11	4.3446723362e+03
1.3404158387e+11	4.3481740870e+03
1.3473576183e+11	4.3516758379e+03
1.3543105062e+11	4.3551775888e+03
1.3612745013e+11	4.3586793397e+03
1.3682496028e+11	4.3621810905e+03
1.3752358095e+11	4.3656828414e+03
1.3822331205e+11	4.3691845923e+03
1.3892415348e+11	4.3726863432e+03
1.3962610515e+11	4.3761880940e+03
1.4032916694e+11	4.3796898449e+03
1.4103333877e+11	4.3831915958e+03
1.4173862053e+11	4.3866933467e+03
1.4244501211e+11	4.3901950975e+03
1.4315251342e+11	4.3936968484e+03
1.4386112436e+11	4.3971985993e+03
1.4457084481e+11	4.4007003502e+03
1.4528167469e+11	4.4042021011e+03
1.4599361389e+11	4.4077038519e+03
1.4670666230e+11	4.4112056028e+03
1.4742081982e+11	4.4147073537e+03
1.4813608634e+11	4.4182091046e+03
1.4885246177e+11	4.4217108554e+03
1.4956994599e+11	4.4252126063e+03
1.5028853891e+11	4.4287143572e+03
1.5100824041e+11	4.4322161081e+03
1.5172905039e+11	4.4357178589e+03
1.5245096875e+11	4.4392196098e+03
1.5317399538e+11	4.4427213607e+03
1.5389813017e+11	4.4462231116e+03
1.5462337301e+11	4.4497248624e+03
1.5534972380e+11	4.4532266133e+03
1.5607718244e+11	4.4567283642e+03
1.5680574880e+11	4.4602301151e+03
1.5753542279e+11	4.4637318659e+03
1.5826620429e+11	4.4672336168e+03
1.5899809320e+11	4.4707353677e+03
1.5973108940e+11	4.4742371186e+03
1.6046519280e+11	4.4777388694e+03
1.6120040327e+11	4.4812406203e+03
1.6193672070e+11	4.4847423712e+03
1.6267414500e+11	4.4882441221e+03
1.6341267604e+11	4.4917458729e+03
1.6415231371e+11	4.4952476238e+03
1.6489305791e+11	4.4987493747e+03
1.6563490852e+11	4.5022511256e+03
1.6637786543e+11	4.5057528764e+03
1.6712192853e+11	4.5092546273e+03
1.6786709770e+11	4.5127563782e+03
1.6861337283e+11	4.5162581291e+03
1.6936075382e+11	4.5197598799e+03
1.7010924053e+11	4.5232616308e+03
1.7085883287e+11	4.5267633817e+03
1.7160953071e+11	4.5302651326e+03
1.7236133395e+11	4.5337668834e+03
1.7311424247e+11	4.5372686343e+03
1.7386825614e+11	4.5407703852e+03
1.7462337487e+11	4.5442721361e+03
1.7537959852e+11	4.5477738869e+03
1.7613692700e+11	4.5512756378e+03
1.7689536017e+11	4.5547773887e+03
1.7765489793e+11	4.5582791396e+03
1.7841554015e+11	4.5617808904e+03
1.7917728672e+11	4.5652826413e+03
1.7994013753e+11	4.5687843922e+03
1.8070409245e+11	4.5722861431e+03
1.8146915136e+11	4.5757878939e+03
1.8223531416e+11	4.5792896448e+03
1.8300258072e+11	4.5827913957e+03
1.8377095091e+11	4.5862931466e+03
1.8454042464e+11	4.5897948974e+03
1.8531100176e+11	4.5932966483e+03
1.8608268217e+11	4.5967983992e+03
1.8685546575e+11	4.6003001501e+03
1.8762935236e+11	4.6038019010e+03
1.8840434191e+11	4.6073036518e+03
1.8918043426e+11	4.6108054027e+03
1.8995762929e+11	4.6143071536e+03
1.9073592688e+11	4.6178089045e+03
1.9151532691e+11	4.6213106553e+03
1.9229582927e+11	4.6248124062e+03
1.9307743382e+11	4.6283141571e+03
1.9386014044e+11	4.6318159080e+03
1.9464394902e+11	4.6353176588e+03
1.9542885943e+11	4.6388194097e+03
1.9621487155e+11	4.6423211606e+03
1.9700198525e+11	4.6458229115e+03
1.9779020041e+11	4.6493246623e+03
1.9857951691e+11	4.6528264132e+03
1.9936993463e+11	4.6563281641e+03
2.0016145343e+11	4.6598299150e+03
2.0095407320e+11	4.6633316658e+03
2.0174779381e+11	4.6668334167e+03
2.0254261514e+11	4.6703351676e+03
2.0333853706e+11	4.6738369185e+03
2.0413555944e+11	4.6773386693e+03
2.0493368217e+11	4.6808404202e+03
2.0573290511e+11	4.6843421711e+03
2.0653322814e+11	4.6878439220e+03
2.0733465113e+11	4.6913456728e+03
2.0813717395e+11	4.6948474237e+03
2.0894079649e+11	4.6983491746e+03
2.0974551861e+11	4.7018509255e+03
2.1055134018e+11	4.7053526763e+03
2.1135826108e+11	4.7088544272e+03
2.1216628118e+11	4.7123561781e+03
2.1297540035e+11	4.7158579290e+03
2.1378561847e+11	4.7193596798e+03
2.1459693541e+11	4.7228614307e+03
2.1540935103e+11	4.7263631816e+03
2.1622286521e+11	4.7298649325e+03
2.1703747782e+11	4.7333666833e+03
2.1785318873e+11	4.7368684342e+03
2.1866999782e+11	4.7403701851e+03
2.1948790494e+11	4.7438719360e+03
2.2030690998e+11	4.7473736868e+03
2.2112701280e+11	4.7508754377e+03
2.2194821327e+11	4.7543771886e+03
2.2277051126e+11	4.7578789395e+03
2.2359390664e+11	4.7613806903e+03
2.2441839928e+11	4.7648824412e+03
2.2524398906e+11	4.7683841921e+03
2.2607067582e+11	4.7718859430e+03
2.2689845946e+11	4.7753876938e+03
2.2772733983e+11	4.7788894447e+03
2.2855731680e+11	4.7823911956e+03
2.2938839024e+11	4.7858929465e+03
2.3022056002e+11	4.7893946973e+03
2.3105382601e+11	4.7928964482e+03
2.3188818806e+11	4.7963981991e+03
2.3272364606e+11	4.7998999500e+03
2.3356019987e+11	4.8034017009e+03
2.3439784934e+11	4.8069034517e+03
2.3523659436e+11	4.8104052026e+03
2.3607643478e+11	4.8139069535e+03
2.3691737048e+11	4.8174087044e+03
2.3775940131e+11	4.8209104552e+03
2.3860252715e+11	4.8244122061e+03
2.3944674786e+11	4.8279139570e+03
2.4029206330e+11	4.8314157079e+03
2.4113847334e+11	4.8349174587e+03
2.4198597785e+11	4.8384192096e+03
2.4283457669e+11	4.8419209605e+03
2.4368426972e+11	4.8454227114e+03
2.4453505681e+11	4.8489244622e+03
2.4538693782e+11	4.8524262131e+03
2.4623991262e+11	4.8559279640e+03
2.4709398107e+11	4.8594297149e+03
2.4794914304e+11	4.8629314657e+03
2.4880539838e+11	4.8664332166e+03
2.4966274697e+11	4.8699349675e+03
2.5052118865e+11	4.8734367184e+03
2.5138072331e+11	4.8769384692e+03
2.5224135080e+11	4.8804402201e+03
2.5310307098e+11	4.8839419710e+03
2.5396588371e+11	4.8874437219e+03
2.5482978886e+11	4.8909454727e+03
2.5569478630e+11	4.8944472236e+03
2.5656087587e+11	4.8979489745e+03
2.5742805745e+11	4.9014507254e+03
2.5829633089e+11	4.9049524762e+03
2.5916569606e+11	4.9084542271e+03
2.6003615281e+11	4.9119559780e+03
2.6090770102e+11	4.9154577289e+03
2.6178034053e+11	4.9189594797e+03
2.6265407122e+11	4.9224612306e+03
2.6352889293e+11	4.9259629815e+03
2.6440480554e+11	4.9294647324e+03
2.6528180890e+11	4.9329664832e+03
2.6615990287e+11	4.9364682341e+03
2.6703908731e+11	4.9399699850e+03
2.6791936208e+11	4.9434717359e+03
2.6880072705e+11	4.9469734867e+03
2.6968318207e+11	4.9504752376e+03
2.7056672699e+11	4.9539769885e+03
2.7145136169e+11	4.9574787394e+03
2.7233708601e+11	4.9609804902e+03
2.7322389982e+11	4.9644822411e+03
2.7411180298e+11	4.9679839920e+03
2.7500079534e+11	4.9714857429e+03
2.7589087676e+11	4.9749874937e+03
2.7678204710e+11	4.9784892446e+03
2.7767430622e+11	4.9819909955e+03
2.7856765399e+11	4.9854927464e+03
2.7946209024e+11	4.9889944972e+03
2.8035761485e+11	4.9924962481e+03
2.8125422767e+11	4.9959979990e+03
2.8215192855e+11	4.9994997499e+03
2.8305071736e+11	5.0030015008e+03
2.8395059395e+11	5.0065032516e+03
2.8485155818e+11	5.0100050025e+03
2.8575360991e+11	5.0135067534e+03
2.8665674899e+11	5.0170085043e+03
2.8756097527e+11	5.0205102551e+03
2.8846628863e+11	5.0240120060e+03
2.8937268890e+11	5.0275137569e+03
2.9028017595e+11	5.0310155078e+03
2.9118874963e+11	5.0345172586e+03
2.9209840981e+11	5.0380190095e+03
2.9300915633e+11	5.0415207604e+03
2.9392098905e+11	5.0450225113e+03
2.9483390783e+11	5.0485242621e+03
2.9574791251e+11	5.0520260130e+03
2.9666300297e+11	5.0555277639e+03
2.9757917904e+11	5.0590295148e+03
2.9849644060e+11	5.0625312656e+03
2.9941478748e+11	5.0660330165e+03
3.0033421955e+11	5.0695347674e+03
3.0125473666e+11	5.0730365183e+03
3.0217633867e+11	5.0765382691e+03
3.0309902543e+11	5.0800400200e+03
3.0402279679e+11	5.0835417709e+03
3.0494765261e+11	5.0870435218e+03
3.0587359274e+11	5.0905452726e+03
3.0680061703e+11	5.0940470235e+03
3.0772872535e+11	5.0975487744e+03
3.0865791753e+11	5.1010505253e+03
3.0958819345e+11	5.1045522761e+03
3.1051955294e+11	5.1080540270e+03
3.1145199587e+11	5.1115557779e+03
3.1238552208e+11	5.1150575288e+03
3.1332013143e+11	5.1185592796e+03
3.1425582377e+11	5.1220610305e+03
3.1519259896e+11	5.1255627814e+03
3.1613045684e+11	5.1290645323e+03
3.1706939728e+11	5.1325662831e+03
3.1800942011e+11	5.1360680340e+03
3.1895052520e+11	5.1395697849e+03
3.1989271240e+11	5.1430715358e+03
3.2083598156e+11	5.1465732866e+03
3.2178033253e+11	5.1500750375e+03
3.2272576515e+11	5.1535767884e+03
3.2367227930e+11	5.1570785393e+03
3.2461987481e+11	5.1605802901e+03
3.2556855154e+11	5.1640820410e+03
3.2651830933e+11	5.1675837919e+03
3.2746914805e+11	5.1710855428e+03
3.2842106754e+11	5.1745872936e+03
3.2937406765e+11	5.1780890445e+03
3.3032814824e+11	5.1815907954e+03
3.3128330915e+11	5.1850925463e+03
3.3223955023e+11	5.1885942971e+03
3.3319687134e+11	5.1920960480e+03
3.3415527233e+11	5.1955977989e+03
3.3511475305e+11	5.1990995498e+03
3.3607531334e+11	5.2026013007e+03
3.3703695307e+11	5.2061030515e+03
3.3799967207e+11	5.2096048024e+03
3.3896347020e+11	5.2131065533e+03
3.3992834730e+11	5.2166083042e+03
3.4089430324e+11	5.2201100550e+03
3.4186133786e+11	5.2236118059e+03
3.4282945100e+11	5.2271135568e+03
3.4379864252e+11	5.2306153077e+03
3.4476891227e+11	5.2341170585e+03
3.4574026010e+11	5.2376188094e+03
3.4671268585e+11	5.2411205603e+03
3.4768618938e+11	5.2446223112e+03
3.4866077053e+11	5.2481240620e+03
3.4963642916e+11	5.2516258129e+03
3.5061316511e+11	5.2551275638e+03
3.5159097824e+11	5.2586293147e+03
3.5256986838e+11	5.2621310655e+03
3.5354983539e+11	5.2656328164e+03
3.5453087913e+11	5.2691345673e+03
3.5551299943e+11	5.2726363182e+03
3.5649619614e+11	5.2761380690e+03
3.5748046912e+11	5.2796398199e+03
3.5846581821e+11	5.2831415708e+03
3.5945224327e+11	5.2866433217e+03
3.6043974413e+11	5.2901450725e+03
3.6142832065e+11	5.2936468234e+03
3.6241797267e+11	5.2971485743e+03
3.6340870005e+11	5.3006503252e+03
3.6440050263e+11	5.3041520760e+03
3.6539338026e+11	5.3076538269e+03
3.6638733278e+11	5.3111555778e+03
3.6738236005e+11	5.3146573287e+03
3.6837846191e+11	5.3181590795e+03
3.6937563821e+11	5.3216608304e+03
3.7037388880e+11	5.3251625813e+03
3.7137321352e+11	5.3286643322e+03
3.7237361223e+11	5.3321660830e+03
3.7337508476e+11	5.3356678339e+03
3.7437763097e+11	5.3391695848e+03
3.7538125070e+11	5.3426713357e+03
3.7638594380e+11	5.3461730865e+03
3.7739171012e+11	5.3496748374e+03
3.7839854950e+11	5.3531765883e+03
3.7940646180e+11	5.3566783392e+03
3.8041544685e+11	5.3601800900e+03
3.8142550450e+11	5.3636818409e+03
3.8243663461e+11	5.3671835918e+03
3.8344883701e+11	5.3706853427e+03
3.8446211156e+11	5.3741870935e+03
3.8547645809e+11	5.3776888444e+03
3.8649187647e+11	5.3811905953e+03
3.8750836652e+11	5.3846923462e+03
3.8852592811e+11	5.3881940970e+03
3.8954456107e+11	5.3916958479e+03
3.9056426525e+11	5.3951975988e+03
3.9158504050e+11	5.3986993497e+03
3.9260688666e+11	5.4022011006e+03
3.9362980358e+11	5.4057028514e+03
3.9465379110e+11	5.4092046023e+03
3.9567884908e+11	5.4127063532e+03
3.9670497735e+11	5.4162081041e+03
3.9773217577e+11	5.4197098549e+03
3.9876044417e+11	5.4232116058e+03
3.9978978241e+11	5.4267133567e+03
4.0082019032e+11	5.4302151076e+03
4.0185166776e+11	5.4337168584e+03
4.0288421457e+11	5.4372186093e+03
4.0391783060e+11	5.4407203602e+03
4.0495251568e+11	5.4442221111e+03
4.0598826967e+11	5.4477238619e+03
4.0702509241e+11	5.4512256128e+03
4.0806298375e+11	5.4547273637e+03
4.0910194352e+11	5.4582291146e+03
4.1014197159e+11	5.4617308654e+03
4.1118306778e+11	5.4652326163e+03
4.1222523195e+11	5.4687343672e+03
4.1326846394e+11	5.4722361181e+03
4.1431276360e+11	5.4757378689e+03
4.1535813077e+11	5.4792396198e+03
4.1640456529e+11	5.4827413707e+03
4.1745206701e+11	5.4862431216e+03
4.1850063577e+11	5.4897448724e+03
4.1955027143e+11	5.4932466233e+03
4.2060097382e+11	5.4967483742e+03
4.2165274278e+11	5.5002501251e+03
4.2270557817e+11	5.5037518759e+03
4.2375947983e+11	5.5072536268e+03
4.2481444759e+11	5.5107553777e+03
4.2587048132e+11	5.5142571286e+03
4.2692758084e+11	5.5177588794e+03
4.2798574600e+11	5.5212606303e+03
4.2904497666e+11	5.5247623812e+03
4.3010527265e+11	5.5282641321e+03
4.3116663381e+11	5.5317658829e+03
4.3222905999e+11	5.5352676338e+03
4.3329255104e+11	5.5387693847e+03
4.3435710680e+11	5.5422711356e+03
4.3542272711e+11	5.5457728864e+03
4.3648941182e+11	5.5492746373e+03
4.3755716076e+11	5.5527763882e+03
4.3862597379e+11	5.5562781391e+03
4.3969585075e+11	5.5597798899e+03
4.4076679148e+11	5.5632816408e+03
4.4183879583e+11	5.5667833917e+03
4.4291186364e+11	5.5702851426e+03
4.4398599475e+11	5.5737868934e+03
4.4506118900e+11	5.5772886443e+03
4.4613744625e+11	5.5807903952e+03
4.4721476633e+11	5.5842921461e+03
4.4829314908e+11	5.5877938969e+03
4.4937259436e+11	5.5912956478e+03
4.5045310200e+11	5.5947973987e+03
4.5153467185e+11	5.5982991496e+03
4.5261730375e+11	5.6018009005e+03
4.5370099755e+11	5.6053026513e+03
4.5478575308e+11	5.6088044022e+03
4.5587157020e+11	5.6123061531e+03
4.5695844874e+11	5.6158079040e+03
4.5804638854e+11	5.6193096548e+03
4.5913538946e+11	5.6228114057e+03
4.6022545133e+11	5.6263131566e+03
4.6131657400e+11	5.6298149075e+03
4.6240875731e+11	5.6333166583e+03
4.6350200111e+11	5.6368184092e+03
4.6459630523e+11	5.6403201601e+03
4.6569166952e+11	5.6438219110e+03
4.6678809383e+11	5.6473236618e+03
4.6788557799e+11	5.6508254127e+03
4.6898412185e+11	5.6543271636e+03
4.7008372525e+11	5.6578289145e+03
4.7118438804e+11	5.6613306653e+03
4.7228611005e+11	5.6648324162e+03
4.7338889114e+11	5.6683341671e+03
4.7449273114e+11	5.6718359180e+03
4.7559762989e+11	5.6753376688e+03
4.7670358725e+11	5.6788394197e+03
4.7781060305e+11	5.6823411706e+03
4.7891867713e+11	5.6858429215e+03
4.8002780934e+11	5.6893446723e+03
4.8113799953e+11	5.6928464232e+03
4.8224924752e+11	5.6963481741e+03
4.8336155318e+11	5.6998499250e+03
4.8447491633e+11	5.7033516758e+03
4.8558933682e+11	5.7068534267e+03
4.8670481450e+11	5.7103551776e+03
4.8782134921e+11	5.7138569285e+03
4.8893894078e+11	5.7173586793e+03
4.9005758907e+11	5.7208604302e+03
4.9117729392e+11	5.7243621811e+03
4.9229805516e+11	5.7278639320e+03
4.9341987264e+11	5.7313656828e+03
4.9454274621e+11	5.7348674337e+03
4.9566667570e+11	5.7383691846e+03
4.9679166096e+11	5.7418709355e+03
4.9791770183e+11	5.7453726863e+03
4.9904479816e+11	5.7488744372e+03
5.0017294978e+11	5.7523761881e+03
5.0130215654e+11	5.7558779390e+03
5.0243241828e+11	5.7593796898e+03
5.0356373484e+11	5.7628814407e+03
5.0469610607e+11	5.7663831916e+03
5.0582953181e+11	5.7698849425e+03
5.0696401190e+11	5.7733866933e+03
5.0809954618e+11	5.7768884442e+03
5.0923613450e+11	5.7803901951e+03
5.1037377670e+11	5.7838919460e+03
5.1151247262e+11	5.7873936968e+03
5.1265222210e+11	5.7908954477e+03
5.1379302499e+11	5.7943971986e+03
5.1493488113e+11	5.7978989495e+03
5.1607779036e+11	5.8014007004e+03
5.1722175252e+11	5.8049024512e+03
5.1836676745e+11	5.8084042021e+03
5.1951283501e+11	5.8119059530e+03
5.2065995502e+11	5.8154077039e+03
5.2180812734e+11	5.8189094547e+03
5.2295735181e+11	5.8224112056e+03
5.2410762826e+11	5.8259129565e+03
5.2525895654e+11	5.8294147074e+03
5.2641133649e+11	5.8329164582e+03
5.2756476796e+11	5.8364182091e+03
5.2871925079e+11	5.8399199600e+03
5.2987478481e+11	5.8434217109e+03
5.3103136988e+11	5.8469234617e+03
5.3218900584e+11	5.8504252126e+03
5.3334769252e+11	5.8539269635e+03
5.3450742977e+11	5.8574287144e+03
5.3566821743e+11	5.8609304652e+03
5.3683005534e+11	5.8644322161e+03
5.3799294336e+11	5.8679339670e+03
5.3915688131e+11	5.8714357179e+03
5.4032186904e+11	5.8749374687e+03
5.4148790640e+11	5.8784392196e+03
5.4265499322e+11	5.8819409705e+03
5.4382312935e+11	5.8854427214e+03
5.4499231463e+11	5.8889444722e+03
5.4616254891e+11	5.8924462231e+03
5.4733383202e+11	5.8959479740e+03
5.4850616381e+11	5.8994497249e+03
5.4967954412e+11	5.9029514757e+03
5.5085397280e+11	5.9064532266e+03
5.5202944968e+11	5.9099549775e+03
5.5320597461e+11	5.9134567284e+03
5.5438354743e+11	5.9169584792e+03
5.5556216799e+11	5.9204602301e+03
5.5674183611e+11	5.9239619810e+03
5.5792255166e+11	5.9274637319e+03
5.5910431447e+11	5.9309654827e+03
5.6028712438e+11	5.9344672336e+03
5.6147098124e+11	5.9379689845e+03
5.6265588489e+11	5.9414707354e+03
5.6384183516e+11	5.9449724862e+03
5.6502883191e+11	5.9484742371e+03
5.6621687498e+11	5.9519759880e+03
5.6740596421e+11	5.9554777389e+03
5.6859609943e+11	5.9589794897e+03
5.6978728050e+11	5.9624812406e+03
5.7097950726e+11	5.9659829915e+03
5.7217277955e+11	5.9694847424e+03
5.7336709720e+11	5.9729864932e+03
5.7456246007e+11	5.9764882441e+03
5.7575886800e+11	5.9799899950e+03
5.7695632083e+11	5.9834917459e+03
5.7815481840e+11	5.9869934967e+03
5.7935436056e+11	5.9904952476e+03
5.8055494714e+11	5.9939969985e+03
5.8175657800e+11	5.9974987494e+03
5.8295925296e+11	6.0010005003e+03
5.8416297189e+11	6.0045022511e+03
5.8536773461e+11	6.0080040020e+03
5.8657354098e+11	6.0115057529e+03
5.8778039082e+11	6.0150075038e+03
5.8898828400e+11	6.0185092546e+03
5.9019722035e+11	6.0220110055e+03
5.9140719971e+11	6.0255127564e+03
5.9261822192e+11	6.0290145073e+03
5.9383028683e+11	6.0325162581e+03
5.9504339429e+11	6.0360180090e+03
5.9625754413e+11	6.0395197599e+03
5.9747273620e+11	6.0430215108e+03
5.9868897034e+11	6.0465232616e+03
5.9990624639e+11	6.0500250125e+03
6.0112456420e+11	6.0535267634e+03
6.0234392360e+11	6.0570285143e+03
6.0356432445e+11	6.0605302651e+03
6.0478576659e+11	6.0640320160e+03
6.0600824986e+11	6.0675337669e+03
6.0723177409e+11	6.0710355178e+03
6.0845633915e+11	6.0745372686e+03
6.0968194486e+11	6.0780390195e+03
6.1090859107e+11	6.0815407704e+03
6.1213627763e+11	6.0850425213e+03
6.1336500437e+11	6.0885442721e+03
6.1459477115e+11	6.0920460230e+03
6.1582557780e+11	6.0955477739e+03
6.1705742416e+11	6.0990495248e+03
6.1829031009e+11	6.1025512756e+03
6.1952423543e+11	6.1060530265e+03
6.2075920001e+11	6.1095547774e+03
6.2199520368e+11	6.1130565283e+03
6.2323224629e+11	6.1165582791e+03
6.2447032767e+11	6.1200600300e+03
6.2570944768e+11	6.1235617809e+03
6.2694960615e+11	6.1270635318e+03
6.2819080293e+11	6.1305652826e+03
6.2943303787e+11	6.1340670335e+03
6.3067631080e+11	6.1375687844e+03
6.3192062156e+11	6.1410705353e+03
6.3316597001e+11	6.1445722861e+03
6.3441235599e+11	6.1480740370e+03
6.3565977934e+11	6.1515757879e+03
6.3690823990e+11	6.1550775388e+03
6.3815773752e+11	6.1585792896e+03
6.3940827204e+11	6.1620810405e+03
6.4065984331e+11	6.1655827914e+03
6.4191245117e+11	6.1690845423e+03
6.4316609546e+11	6.1725862931e+03
6.4442077602e+11	6.1760880440e+03
6.4567649271e+11	6.1795897949e+03
6.4693324536e+11	6.1830915458e+03
6.4819103382e+11	6.1865932966e+03
6.4944985794e+11	6.1900950475e+03
6.5070971755e+11	6.1935967984e+03
6.5197061250e+11	6.1970985493e+03
6.5323254264e+11	6.2006003002e+03
6.5449550780e+11	6.2041020510e+03
6.5575950784e+11	6.2076038019e+03
6.5702454260e+11	6.2111055528e+03
6.5829061192e+11	6.2146073037e+03
6.5955771565e+11	6.2181090545e+03
6.6082585363e+11	6.2216108054e+03
6.6209502570e+11	6.2251125563e+03
6.6336523171e+11	6.2286143072e+03
6.6463647151e+11	6.2321160580e+03
6.6590874493e+11	6.2356178089e+03
6.6718205182e+11	6.2391195598e+03
6.6845639204e+11	6.2426213107e+03
6.6973176541e+11	6.2461230615e+03
6.7100817179e+11	6.2496248124e+03
6.7228561103e+11	6.2531265633e+03
6.7356408295e+11	6.2566283142e+03
6.7484358742e+11	6.2601300650e+03
6.7612412428e+11	6.2636318159e+03
6.7740569336e+11	6.2671335668e+03
6.7868829452e+11	6.2706353177e+03
6.7997192760e+11	6.2741370685e+03
6.8125659244e+11	6.2776388194e+03
6.8254228889e+11	6.2811405703e+03
6.8382901680e+11	6.2846423212e+03
6.8511677600e+11	6.2881440720e+03
6.8640556635e+11	6.2916458229e+03
6.8769538769e+11	6.2951475738e+03
6.8898623986e+11	6.2986493247e+03
6.9027812272e+11	6.3021510755e+03
6.9157103610e+11	6.3056528264e+03
6.9286497984e+11	6.3091545773e+03
6.9415995381e+11	6.3126563282e+03
6.9545595783e+11	6.3161580790e+03
6.9675299176e+11	6.3196598299e+03
6.9805105544e+11	6.3231615808e+03
6.9935014872e+11	6.3266633317e+03
7.0065027145e+11	6.3301650825e+03
7.0195142346e+11	6.3336668334e+03
7.0325360460e+11	6.3371685843e+03
7.0455681472e+11	6.3406703352e+03
7.0586105367e+11	6.3441720860e+03
7.0716632128e+11	6.3476738369e+03
7.0847261742e+11	6.3511755878e+03
7.0977994191e+11	6.3546773387e+03
7.1108829462e+11	6.3581790895e+03
7.1239767537e+11	6.3616808404e+03
7.1370808403e+11	6.3651825913e+03
7.1501952043e+11	6.3686843422e+03
7.1633198443e+11	6.3721860930e+03
7.1764547586e+11	6.3756878439e+03
7.1895999457e+11	6.3791895948e+03
7.2027554042e+11	6.3826913457e+03
7.2159211324e+11	6.3861930965e+03
7.2290971288e+11	6.3896948474e+03
7.2422833919e+11	6.3931965983e+03
7.2554799201e+11	6.3966983492e+03
7.2686867120e+11	6.4002001001e+03
7.2819037659e+11	6.4037018509e+03
7.2951310804e+11	6.4072036018e+03
7.3083686539e+11	6.4107053527e+03
7.3216164848e+11	6.4142071036e+03
7.3348745717e+11	6.4177088544e+03
7.3481429130e+11	6.4212106053e+03
7.3614215072e+11	6.4247123562e+03
7.3747103526e+11	6.4282141071e+03
7.3880094479e+11	6.4317158579e+03
7.4013187915e+11	6.4352176088e+03
7.4146383818e+11	6.4387193597e+03
7.4279682173e+11	6.4422211106e+03
7.4413082965e+11	6.4457228614e+03
7.4546586178e+11	6.4492246123e+03
7.4680191798e+11	6.4527263632e+03
7.4813899808e+11	6.4562281141e+03
7.4947710194e+11	6.4597298649e+03
7.5081622941e+11	6.4632316158e+03
7.5215638032e+11	6.4667333667e+03
7.5349755453e+11	6.4702351176e+03
7.5483975189e+11	6.4737368684e+03
7.5618297224e+11	6.4772386193e+03
7.5752721543e+11	6.4807403702e+03
7.5887248131e+11	6.4842421211e+03
7.6021876972e+11	6.4877438719e+03
7.6156608052e+11	6.4912456228e+03
7.6291441355e+11	6.4947473737e+03
7.6426376865e+11	6.4982491246e+03
7.6561414568e+11	6.5017508754e+03
7.6696554449e+11	6.5052526263e+03
7.6831796492e+11	6.5087543772e+03
7.6967140681e+11	6.5122561281e+03
7.7102587003e+11	6.5157578789e+03
7.7238135441e+11	6.5192596298e+03
7.7373785980e+11	6.5227613807e+03
7.7509538605e+11	6.5262631316e+03
7.7645393302e+11	6.5297648824e+03
7.7781350054e+11	6.5332666333e+03
7.7917408847e+11	6.5367683842e+03
7.8053569666e+11	6.5402701351e+03
7.8189832494e+11	6.5437718859e+03
7.8326197318e+11	6.5472736368e+03
7.8462664122e+11	6.5507753877e+03
7.8599232891e+11	6.5542771386e+03
7.8735903610e+11	6.5577788894e+03
7.8872676263e+11	6.5612806403e+03
7.9009550836e+11	6.5647823912e+03
7.9146527313e+11	6.5682841421e+03
7.9283605679e+11	6.5717858929e+03
7.9420785920e+11	6.5752876438e+03
7.9558068019e+11	6.5787893947e+03
7.9695451962e+11	6.5822911456e+03
7.9832937735e+11	6.5857928964e+03
7.9970525321e+11	6.5892946473e+03
8.0108214705e+11	6.5927963982e+03
8.0246005873e+11	6.5962981491e+03
8.0383898810e+11	6.5997998999e+03
8.0521893500e+11	6.6033016508e+03
8.0659989929e+11	6.6068034017e+03
8.0798188081e+11	6.6103051526e+03
8.0936487941e+11	6.6138069035e+03
8.1074889494e+11	6.6173086543e+03
8.1213392726e+11	6.6208104052e+03
8.1351997621e+11	6.6243121561e+03
8.1490704164e+11	6.6278139070e+03
8.1629512340e+11	6.6313156578e+03
8.1768422134e+11	6.6348174087e+03
8.1907433531e+11	6.6383191596e+03
8.2046546517e+11	6.6418209105e+03
8.2185761075e+11	6.6453226613e+03
8.2325077192e+11	6.6488244122e+03
8.2464494852e+11	6.6523261631e+03
8.2604014040e+11	6.6558279140e+03
8.2743634741e+11	6.6593296648e+03
8.2883356940e+11	6.6628314157e+03
8.3023180623e+11	6.6663331666e+03
8.3163105774e+11	6.6698349175e+03
8.3303132378e+11	6.6733366683e+03
8.3443260421e+11	6.6768384192e+03
8.3583489887e+11	6.6803401701e+03
8.3723820761e+11	6.6838419210e+03
8.3864253030e+11	6.6873436718e+03
8.4004786677e+11	6.6908454227e+03
8.4145421688e+11	6.6943471736e+03
8.4286158047e+11	6.6978489245e+03
8.4426995741e+11	6.7013506753e+03
8.4567934754e+11	6.7048524262e+03
8.4708975071e+11	6.7083541771e+03
8.4850116677e+11	6.7118559280e+03
8.4991359558e+11	6.7153576788e+03
8.5132703698e+11	6.7188594297e+03
8.5274149083e+11	6.7223611806e+03
8.5415695698e+11	6.7258629315e+03
8.5557343528e+11	6.7293646823e+03
8.5699092558e+11	6.7328664332e+03
8.5840942774e+11	6.7363681841e+03
8.5982894160e+11	6.7398699350e+03
8.6124946701e+11	6.7433716858e+03
8.6267100384e+11	6.7468734367e+03
8.6409355193e+11	6.7503751876e+03
8.6551711112e+11	6.7538769385e+03
8.6694168129e+11	6.7573786893e+03
8.6836726227e+11	6.7608804402e+03
8.6979385391e+11	6.7643821911e+03
8.7122145608e+11	6.7678839420e+03
8.7265006862e+11	6.7713856928e+03
8.7407969139e+11	6.7748874437e+03
8.7551032424e+11	6.7783891946e+03
8.7694196701e+11	6.7818909455e+03
8.7837461957e+11	6.7853926963e+03
8.7980828177e+11	6.7888944472e+03
8.8124295345e+11	6.7923961981e+03
8.8267863447e+11	6.7958979490e+03
8.8411532469e+11	6.7993996998e+03
8.8555302395e+11	6.8029014507e+03
8.8699173211e+11	6.8064032016e+03
8.8843144903e+11	6.8099049525e+03
8.8987217455e+11	6.8134067034e+03
8.9131390853e+11	6.8169084542e+03
8.9275665082e+11	6.8204102051e+03
8.9420040127e+11	6.8239119560e+03
8.9564515975e+11	6.8274137069e+03
8.9709092610e+11	6.8309154577e+03
8.9853770017e+11	6.8344172086e+03
8.9998548182e+11	6.8379189595e+03
9.0143427090e+11	6.8414207104e+03
9.0288406727e+11	6.8449224612e+03
9.0433487078e+11	6.8484242121e+03
9.0578668128e+11	6.8519259630e+03
9.0723949863e+11	6.8554277139e+03
9.0869332268e+11	6.8589294647e+03
9.1014815328e+11	6.8624312156e+03
9.1160399030e+11	6.8659329665e+03
9.1306083357e+11	6.8694347174e+03
9.1451868297e+11	6.8729364682e+03
9.1597753834e+11	6.8764382191e+03
9.1743739953e+11	6.8799399700e+03
9.1889826641e+11	6.8834417209e+03
9.2036013882e+11	6.8869434717e+03
9.2182301662e+11	6.8904452226e+03
9.2328689966e+11	6.8939469735e+03
9.2475178781e+11	6.8974487244e+03
9.2621768090e+11	6.9009504752e+03
9.2768457881e+11	6.9044522261e+03
9.2915248138e+11	6.9079539770e+03
9.3062138847e+11	6.9114557279e+03
9.3209129993e+11	6.9149574787e+03
9.3356221562e+11	6.9184592296e+03
9.3503413539e+11	6.9219609805e+03
9.3650705910e+11	6.9254627314e+03
9.3798098661e+11	6.9289644822e+03
9.3945591777e+11	6.9324662331e+03
9.4093185243e+11	6.9359679840e+03
9.4240879045e+11	6.9394697349e+03
9.4388673169e+11	6.9429714857e+03
9.4536567600e+11	6.9464732366e+03
9.4684562324e+11	6.9499749875e+03
9.4832657327e+11	6.9534767384e+03
9.4980852593e+11	6.9569784892e+03
9.5129148108e+11	6.9604802401e+03
9.5277543859e+11	6.9639819910e+03
9.5426039831e+11	6.9674837419e+03
9.5574636009e+11	6.9709854927e+03
9.5723332379e+11	6.9744872436e+03
9.5872128927e+11	6.9779889945e+03
9.6021025638e+11	6.9814907454e+03
9.6170022497e+11	6.9849924962e+03
9.6319119492e+11	6.9884942471e+03
9.6468316607e+11	6.9919959980e+03
9.6617613827e+11	6.9954977489e+03
9.6767011139e+11	6.9989994997e+03
9.6916508529e+11	7.0025012506e+03
9.7066105981e+11	7.0060030015e+03
9.7215803482e+11	7.0095047524e+03
9.7365601017e+11	7.0130065033e+03
9.7515498572e+11	7.0165082541e+03
9.7665496134e+11	7.0200100050e+03
9.7815593686e+11	7.0235117559e+03
9.7965791216e+11	7.0270135068e+03
9.8116088709e+11	7.0305152576e+03
9.8266486151e+11	7.0340170085e+03
9.8416983527e+11	7.0375187594e+03
9.8567580823e+11	7.0410205103e+03
9.8718278025e+11	7.0445222611e+03
9.8869075120e+11	7.0480240120e+03
9.9019972091e+11	7.0515257629e+03
9.9170968926e+11	7.0550275138e+03
9.9322065611e+11	7.0585292646e+03
9.9473262130e+11	7.0620310155e+03
9.9624558470e+11	7.0655327664e+03
9.9775954617e+11	7.0690345173e+03
9.9927450556e+11	7.0725362681e+03
1.0007904627e+12	7.0760380190e+03
1.0023074176e+12	7.0795397699e+03
1.0038253699e+12	7.0830415208e+03
1.0053443195e+12	7.0865432716e+03
1.0068642664e+12	7.0900450225e+03
1.0083852104e+12	7.0935467734e+03
1.0099071513e+12	7.0970485243e+03
1.0114300890e+12	7.1005502751e+03
1.0129540234e+12	7.1040520260e+03
1.0144789542e+12	7.1075537769e+03
1.0160048815e+12	7.1110555278e+03
1.0175318049e+12	7.1145572786e+03
1.0190597245e+12	7.1180590295e+03
1.0205886400e+12	7.1215607804e+03
1.0221185513e+12	7.1250625313e+03
1.0236494583e+12	7.1285642821e+03
1.0251813608e+12	7.1320660330e+03
1.0267142587e+12	7.1355677839e+03
1.0282481518e+12	7.1390695348e+03
1.0297830400e+12	7.1425712856e+03
1.0313189233e+12	7.1460730365e+03
1.0328558013e+12	7.1495747874e+03
1.0343936740e+12	7.1530765383e+03
1.0359325413e+12	7.1565782891e+03
1.0374724030e+12	7.1600800400e+03
1.0390132589e+12	7.1635817909e+03
1.0405551090e+12	7.1670835418e+03
1.0420979531e+12	7.1705852926e+03
1.0436417910e+12	7.1740870435e+03
1.0451866226e+12	7.1775887944e+03
1.0467324478e+12	7.1810905453e+03
1.0482792664e+12	7.1845922961e+03
1.0498270783e+12	7.1880940470e+03
1.0513758834e+12	7.1915957979e+03
1.0529256815e+12	7.1950975488e+03
1.0544764724e+12	7.1985992996e+03
1.0560282561e+12	7.2021010505e+03
1.0575810324e+12	7.2056028014e+03
1.0591348012e+12	7.2091045523e+03
1.0606895622e+12	7.2126063032e+03
1.0622453155e+12	7.2161080540e+03
1.0638020608e+12	7.2196098049e+03
1.0653597980e+12	7.2231115558e+03
1.0669185269e+12	7.2266133067e+03
1.0684782475e+12	7.2301150575e+03
1.0700389596e+12	7.2336168084e+03
1.0716006631e+12	7.2371185593e+03
1.0731633577e+12	7.2406203102e+03
1.0747270434e+12	7.2441220610e+03
1.0762917201e+12	7.2476238119e+03
1.0778573875e+12	7.2511255628e+03
1.0794240457e+12	7.2546273137e+03
1.0809916943e+12	7.2581290645e+03
1.0825603334e+12	7.2616308154e+03
1.0841299626e+12	7.2651325663e+03
1.0857005820e+12	7.2686343172e+03
1.0872721914e+12	7.2721360680e+03
1.0888447906e+12	7.2756378189e+03
1.0904183796e+12	7.2791395698e+03
1.0919929580e+12	7.2826413207e+03
1.0935685260e+12	7.2861430715e+03
1.0951450832e+12	7.2896448224e+03
1.0967226295e+12	7.2931465733e+03
1.0983011649e+12	7.2966483242e+03
1.0998806891e+12	7.3001500750e+03
1.1014612021e+12	7.3036518259e+03
1.1030427037e+12	7.3071535768e+03
1.1046251938e+12	7.3106553277e+03
1.1062086722e+12	7.3141570785e+03
1.1077931388e+12	7.3176588294e+03
1.1093785935e+12	7.3211605803e+03
1.1109650361e+12	7.3246623312e+03
1.1125524665e+12	7.3281640820e+03
1.1141408846e+12	7.3316658329e+03
1.1157302901e+12	7.3351675838e+03
1.1173206831e+12	7.3386693347e+03
1.1189120633e+12	7.3421710855e+03
1.1205044306e+12	7.3456728364e+03
1.1220977849e+12	7.3491745873e+03
1.1236921260e+12	7.3526763382e+03
1.1252874538e+12	7.3561780890e+03
1.1268837682e+12	7.3596798399e+03
1.1284810691e+12	7.3631815908e+03
1.1300793562e+12	7.3666833417e+03
1.1316786295e+12	7.3701850925e+03
1.1332788889e+12	7.3736868434e+03
1.1348801341e+12	7.3771885943e+03
1.1364823651e+12	7.3806903452e+03
1.1380855817e+12	7.3841920960e+03
1.1396897839e+12	7.3876938469e+03
1.1412949713e+12	7.3911955978e+03
1.1429011440e+12	7.3946973487e+03
1.1445083018e+12	7.3981990995e+03
1.1461164446e+12	7.4017008504e+03
1.1477255721e+12	7.4052026013e+03
1.1493356844e+12	7.4087043522e+03
1.1509467812e+12	7.4122061031e+03
1.1525588624e+12	7.4157078539e+03
1.1541719279e+12	7.4192096048e+03
1.1557859776e+12	7.4227113557e+03
1.1574010113e+12	7.4262131066e+03
1.1590170288e+12	7.4297148574e+03
1.1606340302e+12	7.4332166083e+03
1.1622520151e+12	7.4367183592e+03
1.1638709835e+12	7.4402201101e+03
1.1654909353e+12	7.4437218609e+03
1.1671118703e+12	7.4472236118e+03
1.1687337883e+12	7.4507253627e+03
1.1703566893e+12	7.4542271136e+03
1.1719805732e+12	7.4577288644e+03
1.1736054397e+12	7.4612306153e+03
1.1752312888e+12	7.4647323662e+03
1.1768581203e+12	7.4682341171e+03
1.1784859341e+12	7.4717358679e+03
1.1801147300e+12	7.4752376188e+03
1.1817445080e+12	7.4787393697e+03
1.1833752679e+12	7.4822411206e+03
1.1850070095e+12	7.4857428714e+03
1.1866397327e+12	7.4892446223e+03
1.1882734375e+12	7.4927463732e+03
1.1899081236e+12	7.4962481241e+03
1.1915437909e+12	7.4997498749e+03
1.1931804394e+12	7.5032516258e+03
1.1948180688e+12	7.5067533767e+03
1.1964566790e+12	7.5102551276e+03
1.1980962700e+12	7.5137568784e+03
1.1997368415e+12	7.5172586293e+03
1.2013783934e+12	7.5207603802e+03
1.2030209257e+12	7.5242621311e+03
1.2046644382e+12	7.5277638819e+03
1.2063089307e+12	7.5312656328e+03
1.2079544031e+12	7.5347673837e+03
1.2096008553e+12	7.5382691346e+03
1.2112482871e+12	7.5417708854e+03
1.2128966985e+12	7.5452726363e+03
1.2145460893e+12	7.5487743872e+03
1.2161964593e+12	7.5522761381e+03
1.2178478085e+12	7.5557778889e+03
1.2195001367e+12	7.5592796398e+03
1.2211534438e+12	7.5627813907e+03
1.2228077295e+12	7.5662831416e+03
1.2244629939e+12	7.5697848924e+03
1.2261192368e+12	7.5732866433e+03
1.2277764581e+12	7.5767883942e+03
1.2294346575e+12	7.5802901451e+03
1.2310938351e+12	7.5837918959e+03
1.2327539906e+12	7.5872936468e+03
1.2344151239e+12	7.5907953977e+03
1.2360772350e+12	7.5942971486e+03
1.2377403236e+12	7.5977988994e+03
1.2394043897e+12	7.6013006503e+03
1.2410694331e+12	7.6048024012e+03
1.2427354537e+12	7.6083041521e+03
1.2444024513e+12	7.6118059030e+03
1.2460704258e+12	7.6153076538e+03
1.2477393772e+12	7.6188094047e+03
1.2494093052e+12	7.6223111556e+03
1.2510802098e+12	7.6258129065e+03
1.2527520908e+12	7.6293146573e+03
1.2544249480e+12	7.6328164082e+03
1.2560987815e+12	7.6363181591e+03
1.2577735909e+12	7.6398199100e+03
1.2594493763e+12	7.6433216608e+03
1.2611261374e+12	7.6468234117e+03
1.2628038741e+12	7.6503251626e+03
1.2644825864e+12	7.6538269135e+03
1.2661622741e+12	7.6573286643e+03
1.2678429370e+12	7.6608304152e+03
1.2695245750e+12	7.6643321661e+03
1.2712071881e+12	7.6678339170e+03
1.2728907760e+12	7.6713356678e+03
1.2745753387e+12	7.6748374187e+03
1.2762608760e+12	7.6783391696e+03
1.2779473878e+12	7.6818409205e+03
1.2796348740e+12	7.6853426713e+03
1.2813233344e+12	7.6888444222e+03
1.2830127689e+12	7.6923461731e+03
1.2847031774e+12	7.6958479240e+03
1.2863945597e+12	7.6993496748e+03
1.2880869158e+12	7.7028514257e+03
1.2897802455e+12	7.7063531766e+03
1.2914745486e+12	7.7098549275e+03
1.2931698252e+12	7.7133566783e+03
1.2948660749e+12	7.7168584292e+03
1.2965632977e+12	7.7203601801e+03
1.2982614936e+12	7.7238619310e+03
1.2999606622e+12	7.7273636818e+03
1.3016608036e+12	7.7308654327e+03
1.3033619176e+12	7.7343671836e+03
1.3050640040e+12	7.7378689345e+03
1.3067670628e+12	7.7413706853e+03
1.3084710938e+12	7.7448724362e+03
1.3101760969e+12	7.7483741871e+03
1.3118820719e+12	7.7518759380e+03
1.3135890188e+12	7.7553776888e+03
1.3152969374e+12	7.7588794397e+03
1.3170058276e+12	7.7623811906e+03
1.3187156892e+12	7.7658829415e+03
1.3204265222e+12	7.7693846923e+03
1.3221383264e+12	7.7728864432e+03
1.3238511017e+12	7.7763881941e+03
1.3255648480e+12	7.7798899450e+03
1.3272795651e+12	7.7833916958e+03
1.3289952529e+12	7.7868934467e+03
1.3307119113e+12	7.7903951976e+03
1.3324295401e+12	7.7938969485e+03
1.3341481393e+12	7.7973986993e+03
1.3358677088e+12	7.8009004502e+03
1.3375882483e+12	7.8044022011e+03
1.3393097577e+12	7.8079039520e+03
1.3410322371e+12	7.8114057029e+03
1.3427556861e+12	7.8149074537e+03
1.3444801047e+12	7.8184092046e+03
1.3462054928e+12	7.8219109555e+03
1.3479318503e+12	7.8254127064e+03
1.3496591770e+12	7.8289144572e+03
1.3513874727e+12	7.8324162081e+03
1.3531167375e+12	7.8359179590e+03
1.3548469711e+12	7.8394197099e+03
1.3565781735e+12	7.8429214607e+03
1.3583103444e+12	7.8464232116e+03
1.3600434838e+12	7.8499249625e+03
1.3617775916e+12	7.8534267134e+03
1.3635126677e+12	7.8569284642e+03
1.3652487118e+12	7.8604302151e+03
1.3669857239e+12	7.8639319660e+03
1.3687237039e+12	7.8674337169e+03
1.3704626517e+12	7.8709354677e+03
1.3722025671e+12	7.8744372186e+03
1.3739434500e+12	7.8779389695e+03
1.3756853002e+12	7.8814407204e+03
1.3774281178e+12	7.8849424712e+03
1.3791719024e+12	7.8884442221e+03
1.3809166541e+12	7.8919459730e+03
1.3826623726e+12	7.8954477239e+03
1.3844090580e+12	7.8989494747e+03
1.3861567100e+12	7.9024512256e+03
1.3879053285e+12	7.9059529765e+03
1.3896549134e+12	7.9094547274e+03
1.3914054646e+12	7.9129564782e+03
1.3931569820e+12	7.9164582291e+03
1.3949094654e+12	7.9199599800e+03
1.3966629147e+12	7.9234617309e+03
1.3984173298e+12	7.9269634817e+03
1.4001727106e+12	7.9304652326e+03
1.4019290570e+12	7.9339669835e+03
1.4036863688e+12	7.9374687344e+03
1.4054446459e+12	7.9409704852e+03
1.4072038882e+12	7.9444722361e+03
1.4089640956e+12	7.9479739870e+03
1.4107252679e+12	7.9514757379e+03
1.4124874051e+12	7.9549774887e+03
1.4142505069e+12	7.9584792396e+03
1.4160145734e+12	7.9619809905e+03
1.4177796044e+12	7.9654827414e+03
1.4195455997e+12	7.9689844922e+03
1.4213125592e+12	7.9724862431e+03
1.4230804828e+12	7.9759879940e+03
1.4248493705e+12	7.9794897449e+03
1.4266192220e+12	7.9829914957e+03
1.4283900372e+12	7.9864932466e+03
1.4301618161e+12	7.9899949975e+03
1.4319345586e+12	7.9934967484e+03
1.4337082644e+12	7.9969984992e+03
1.4354829334e+12	8.0005002501e+03
1.4372585657e+12	8.0040020010e+03
1.4390351610e+12	8.0075037519e+03
1.4408127192e+12	8.0110055028e+03
1.4425912402e+12	8.0145072536e+03
1.4443707239e+12	8.0180090045e+03
1.4461511701e+12	8.0215107554e+03
1.4479325788e+12	8.0250125063e+03
1.4497149498e+12	8.0285142571e+03
1.4514982831e+12	8.0320160080e+03
1.4532825784e+12	8.0355177589e+03
1.4550678357e+12	8.0390195098e+03
1.4568540548e+12	8.0425212606e+03
1.4586412357e+12	8.0460230115e+03
1.4604293782e+12	8.0495247624e+03
1.4622184822e+12	8.0530265133e+03
1.4640085475e+12	8.0565282641e+03
1.4657995742e+12	8.0600300150e+03
1.4675915620e+12	8.0635317659e+03
1.4693845108e+12	8.0670335168e+03
1.4711784205e+12	8.0705352676e+03
1.4729732910e+12	8.0740370185e+03
1.4747691222e+12	8.0775387694e+03
1.4765659140e+12	8.0810405203e+03
1.4783636662e+12	8.0845422711e+03
1.4801623787e+12	8.0880440220e+03
1.4819620515e+12	8.0915457729e+03
1.4837626843e+12	8.0950475238e+03
1.4855642771e+12	8.0985492746e+03
1.4873668298e+12	8.1020510255e+03
1.4891703422e+12	8.1055527764e+03
1.4909748142e+12	8.1090545273e+03
1.4927802458e+12	8.1125562781e+03
1.4945866367e+12	8.1160580290e+03
1.4963939869e+12	8.1195597799e+03
1.4982022963e+12	8.1230615308e+03
1.5000115647e+12	8.1265632816e+03
1.5018217921e+12	8.1300650325e+03
1.5036329783e+12	8.1335667834e+03
1.5054451231e+12	8.1370685343e+03
1.5072582266e+12	8.1405702851e+03
1.5090722885e+12	8.1440720360e+03
1.5108873088e+12	8.1475737869e+03
1.5127032873e+12	8.1510755378e+03
1.5145202239e+12	8.1545772886e+03
1.5163381186e+12	8.1580790395e+03
1.5181569711e+12	8.1615807904e+03
1.5199767814e+12	8.1650825413e+03
1.5217975494e+12	8.1685842921e+03
1.5236192749e+12	8.1720860430e+03
1.5254419579e+12	8.1755877939e+03
1.5272655982e+12	8.1790895448e+03
1.5290901956e+12	8.1825912956e+03
1.5309157502e+12	8.1860930465e+03
1.5327422618e+12	8.1895947974e+03
1.5345697302e+12	8.1930965483e+03
1.5363981553e+12	8.1965982991e+03
1.5382275371e+12	8.2001000500e+03
1.5400578754e+12	8.2036018009e+03
1.5418891701e+12	8.2071035518e+03
1.5437214211e+12	8.2106053027e+03
1.5455546283e+12	8.2141070535e+03
1.5473887916e+12	8.2176088044e+03
1.5492239108e+12	8.2211105553e+03
1.5510599858e+12	8.2246123062e+03
1.5528970166e+12	8.2281140570e+03
1.5547350030e+12	8.2316158079e+03
1.5565739448e+12	8.2351175588e+03
1.5584138421e+12	8.2386193097e+03
1.5602546946e+12	8.2421210605e+03
1.5620965023e+12	8.2456228114e+03
1.5639392651e+12	8.2491245623e+03
1.5657829828e+12	8.2526263132e+03
1.5676276553e+12	8.2561280640e+03
1.5694732825e+12	8.2596298149e+03
1.5713198643e+12	8.2631315658e+03
1.5731674006e+12	8.2666333167e+03
1.5750158912e+12	8.2701350675e+03
1.5768653362e+12	8.2736368184e+03
1.5787157352e+12	8.2771385693e+03
1.5805670884e+12	8.2806403202e+03
1.5824193954e+12	8.2841420710e+03
1.5842726563e+12	8.2876438219e+03
1.5861268708e+12	8.2911455728e+03
1.5879820390e+12	8.2946473237e+03
1.5898381606e+12	8.2981490745e+03
1.5916952356e+12	8.3016508254e+03
1.5935532639e+12	8.3051525763e+03
1.5954122453e+12	8.3086543272e+03
1.5972721797e+12	8.3121560780e+03
1.5991330671e+12	8.3156578289e+03
1.6009949073e+12	8.3191595798e+03
1.6028577001e+12	8.3226613307e+03
1.6047214456e+12	8.3261630815e+03
1.6065861436e+12	8.3296648324e+03
1.6084517939e+12	8.3331665833e+03
1.6103183965e+12	8.3366683342e+03
1.6121859512e+12	8.3401700850e+03
1.6140544580e+12	8.3436718359e+03
1.6159239167e+12	8.3471735868e+03
1.6177943273e+12	8.3506753377e+03
1.6196656895e+12	8.3541770885e+03
1.6215380033e+12	8.3576788394e+03
1.6234112687e+12	8.3611805903e+03
1.6252854854e+12	8.3646823412e+03
1.6271606534e+12	8.3681840920e+03
1.6290367725e+12	8.3716858429e+03
1.6309138427e+12	8.3751875938e+03
1.6327918639e+12	8.3786893447e+03
1.6346708359e+12	8.3821910955e+03
1.6365507586e+12	8.3856928464e+03
1.6384316319e+12	8.3891945973e+03
1.6403134557e+12	8.3926963482e+03
1.6421962299e+12	8.3961980990e+03
1.6440799545e+12	8.3996998499e+03
1.6459646292e+12	8.4032016008e+03
1.6478502540e+12	8.4067033517e+03
1.6497368287e+12	8.4102051026e+03
1.6516243533e+12	8.4137068534e+03
1.6535128276e+12	8.4172086043e+03
1.6554022516e+12	8.4207103552e+03
1.6572926252e+12	8.4242121061e+03
1.6591839481e+12	8.4277138569e+03
1.6610762204e+12	8.4312156078e+03
1.6629694418e+12	8.4347173587e+03
1.6648636124e+12	8.4382191096e+03
1.6667587320e+12	8.4417208604e+03
1.6686548004e+12	8.4452226113e+03
1.6705518177e+12	8.4487243622e+03
1.6724497836e+12	8.4522261131e+03
1.6743486980e+12	8.4557278639e+03
1.6762485610e+12	8.4592296148e+03
1.6781493722e+12	8.4627313657e+03
1.6800511318e+12	8.4662331166e+03
1.6819538394e+12	8.4697348674e+03
1.6838574951e+12	8.4732366183e+03
1.6857620987e+12	8.4767383692e+03
1.6876676501e+12	8.4802401201e+03
1.6895741493e+12	8.4837418709e+03
1.6914815960e+12	8.4872436218e+03
1.6933899902e+12	8.4907453727e+03
1.6952993319e+12	8.4942471236e+03
1.6972096208e+12	8.4977488744e+03
1.6991208569e+12	8.5012506253e+03
1.7010330400e+12	8.5047523762e+03
1.7029461702e+12	8.5082541271e+03
1.7048602472e+12	8.5117558779e+03
1.7067752709e+12	8.5152576288e+03
1.7086912413e+12	8.5187593797e+03
1.7106081583e+12	8.5222611306e+03
1.7125260217e+12	8.5257628814e+03
1.7144448314e+12	8.5292646323e+03
1.7163645874e+12	8.5327663832e+03
1.7182852894e+12	8.5362681341e+03
1.7202069375e+12	8.5397698849e+03
1.7221295316e+12	8.5432716358e+03
1.7240530714e+12	8.5467733867e+03
1.7259775569e+12	8.5502751376e+03
1.7279029880e+12	8.5537768884e+03
1.7298293647e+12	8.5572786393e+03
1.7317566867e+12	8.5607803902e+03
1.7336849540e+12	8.5642821411e+03
1.7356141665e+12	8.5677838919e+03
1.7375443241e+12	8.5712856428e+03
1.7394754266e+12	8.5747873937e+03
1.7414074740e+12	8.5782891446e+03
1.7433404662e+12	8.5817908954e+03
1.7452744031e+12	8.5852926463e+03
1.7472092845e+12	8.5887943972e+03
1.7491451104e+12	8.5922961481e+03
1.7510818806e+12	8.5957978989e+03
1.7530195951e+12	8.5992996498e+03
1.7549582537e+12	8.6028014007e+03
1.7568978564e+12	8.6063031516e+03
1.7588384030e+12	8.6098049025e+03
1.7607798934e+12	8.6133066533e+03
1.7627223276e+12	8.6168084042e+03
1.7646657054e+12	8.6203101551e+03
1.7666100267e+12	8.6238119060e+03
1.7685552915e+12	8.6273136568e+03
1.7705014996e+12	8.6308154077e+03
1.7724486509e+12	8.6343171586e+03
1.7743967454e+12	8.6378189095e+03
1.7763457828e+12	8.6413206603e+03
1.7782957632e+12	8.6448224112e+03
1.7802466863e+12	8.6483241621e+03
1.7821985522e+12	8.6518259130e+03
1.7841513607e+12	8.6553276638e+03
1.7861051117e+12	8.6588294147e+03
1.7880598052e+12	8.6623311656e+03
1.7900154409e+12	8.6658329165e+03
1.7919720188e+12	8.6693346673e+03
1.7939295388e+12	8.6728364182e+03
1.7958880008e+12	8.6763381691e+03
1.7978474048e+12	8.6798399200e+03
1.7998077505e+12	8.6833416708e+03
1.8017690379e+12	8.6868434217e+03
1.8037312669e+12	8.6903451726e+03
1.8056944374e+12	8.6938469235e+03
1.8076585493e+12	8.6973486743e+03
1.8096236025e+12	8.7008504252e+03
1.8115895969e+12	8.7043521761e+03
1.8135565324e+12	8.7078539270e+03
1.8155244088e+12	8.7113556778e+03
1.8174932262e+12	8.7148574287e+03
1.8194629843e+12	8.7183591796e+03
1.8214336832e+12	8.7218609305e+03
1.8234053226e+12	8.7253626813e+03
1.8253779026e+12	8.7288644322e+03
1.8273514229e+12	8.7323661831e+03
1.8293258835e+12	8.7358679340e+03
1.8313012843e+12	8.7393696848e+03
1.8332776252e+12	8.7428714357e+03
1.8352549061e+12	8.7463731866e+03
1.8372331269e+12	8.7498749375e+03
1.8392122875e+12	8.7533766883e+03
1.8411923878e+12	8.7568784392e+03
1.8431734276e+12	8.7603801901e+03
1.8451554070e+12	8.7638819410e+03
1.8471383258e+12	8.7673836918e+03
1.8491221839e+12	8.7708854427e+03
1.8511069812e+12	8.7743871936e+03
1.8530927175e+12	8.7778889445e+03
1.8550793929e+12	8.7813906953e+03
1.8570670072e+12	8.7848924462e+03
1.8590555603e+12	8.7883941971e+03
1.8610450521e+12	8.7918959480e+03
1.8630354826e+12	8.7953976988e+03
1.8650268515e+12	8.7988994497e+03
1.8670191588e+12	8.8024012006e+03
1.8690124045e+12	8.8059029515e+03
1.8710065884e+12	8.8094047024e+03
1.8730017104e+12	8.8129064532e+03
1.8749977705e+12	8.8164082041e+03
1.8769947684e+12	8.8199099550e+03
1.8789927042e+12	8.8234117059e+03
1.8809915777e+12	8.8269134567e+03
1.8829913889e+12	8.8304152076e+03
1.8849921376e+12	8.8339169585e+03
1.8869938238e+12	8.8374187094e+03
1.8889964473e+12	8.8409204602e+03
1.8910000080e+12	8.8444222111e+03
1.8930045059e+12	8.8479239620e+03
1.8950099408e+12	8.8514257129e+03
1.8970163127e+12	8.8549274637e+03
1.8990236215e+12	8.8584292146e+03
1.9010318670e+12	8.8619309655e+03
1.9030410492e+12	8.8654327164e+03
1.9050511680e+12	8.8689344672e+03
1.9070622232e+12	8.8724362181e+03
1.9090742149e+12	8.8759379690e+03
1.9110871428e+12	8.8794397199e+03
1.9131010069e+12	8.8829414707e+03
1.9151158071e+12	8.8864432216e+03
1.9171315433e+12	8.8899449725e+03
1.9191482154e+12	8.8934467234e+03
1.9211658233e+12	8.8969484742e+03
1.9231843669e+12	8.9004502251e+03
1.9252038461e+12	8.9039519760e+03
1.9272242609e+12	8.9074537269e+03
1.9292456111e+12	8.9109554777e+03
1.9312678966e+12	8.9144572286e+03
1.9332911173e+12	8.9179589795e+03
1.9353152732e+12	8.9214607304e+03
1.9373403642e+12	8.9249624812e+03
1.9393663901e+12	8.9284642321e+03
1.9413933508e+12	8.9319659830e+03
1.9434212463e+12	8.9354677339e+03
1.9454500765e+12	8.9389694847e+03
1.9474798413e+12	8.9424712356e+03
1.9495105405e+12	8.9459729865e+03
1.9515421741e+12	8.9494747374e+03
1.9535747421e+12	8.9529764882e+03
1.9556082442e+12	8.9564782391e+03
1.9576426804e+12	8.9599799900e+03
1.9596780507e+12	8.9634817409e+03
1.9617143548e+12	8.9669834917e+03
1.9637515928e+12	8.9704852426e+03
1.9657897645e+12	8.9739869935e+03
1.9678288699e+12	8.9774887444e+03
1.9698689088e+12	8.9809904952e+03
1.9719098811e+12	8.9844922461e+03
1.9739517868e+12	8.9879939970e+03
1.9759946258e+12	8.9914957479e+03
1.9780383980e+12	8.9949974987e+03
1.9800831032e+12	8.9984992496e+03
1.9821287414e+12	9.0020010005e+03
1.9841753125e+12	9.0055027514e+03
1.9862228165e+12	9.0090045023e+03
1.9882712531e+12	9.0125062531e+03
1.9903206223e+12	9.0160080040e+03
1.9923709241e+12	9.0195097549e+03
1.9944221583e+12	9.0230115058e+03
1.9964743249e+12	9.0265132566e+03
1.9985274237e+12	9.0300150075e+03
2.0005814547e+12	9.0335167584e+03
2.0026364177e+12	9.0370185093e+03
2.0046923127e+12	9.0405202601e+03
2.0067491396e+12	9.0440220110e+03
2.0088068983e+12	9.0475237619e+03
2.0108655887e+12	9.0510255128e+03
2.0129252107e+12	9.0545272636e+03
2.0149857642e+12	9.0580290145e+03
2.0170472492e+12	9.0615307654e+03
2.0191096655e+12	9.0650325163e+03
2.0211730130e+12	9.0685342671e+03
2.0232372917e+12	9.0720360180e+03
2.0253025015e+12	9.0755377689e+03
2.0273686422e+12	9.0790395198e+03
2.0294357138e+12	9.0825412706e+03
2.0315037162e+12	9.0860430215e+03
2.0335726493e+12	9.0895447724e+03
2.0356425131e+12	9.0930465233e+03
2.0377133073e+12	9.0965482741e+03
2.0397850320e+12	9.1000500250e+03
2.0418576870e+12	9.1035517759e+03
2.0439312723e+12	9.1070535268e+03
2.0460057878e+12	9.1105552776e+03
2.0480812333e+12	9.1140570285e+03
2.0501576088e+12	9.1175587794e+03
2.0522349142e+12	9.1210605303e+03
2.0543131494e+12	9.1245622811e+03
2.0563923144e+12	9.1280640320e+03
2.0584724089e+12	9.1315657829e+03
2.0605534330e+12	9.1350675338e+03
2.0626353865e+12	9.1385692846e+03
2.0647182695e+12	9.1420710355e+03
2.0668020816e+12	9.1455727864e+03
2.0688868230e+12	9.1490745373e+03
2.0709724934e+12	9.1525762881e+03
2.0730590929e+12	9.1560780390e+03
2.0751466213e+12	9.1595797899e+03
2.0772350785e+12	9.1630815408e+03
2.0793244645e+12	9.1665832916e+03
2.0814147791e+12	9.1700850425e+03
2.0835060222e+12	9.1735867934e+03
2.0855981939e+12	9.1770885443e+03
2.0876912939e+12	9.1805902951e+03
2.0897853223e+12	9.1840920460e+03
2.0918802788e+12	9.1875937969e+03
2.0939761635e+12	9.1910955478e+03
2.0960729762e+12	9.1945972986e+03
2.0981707169e+12	9.1980990495e+03
2.1002693854e+12	9.2016008004e+03
2.1023689817e+12	9.2051025513e+03
2.1044695057e+12	9.2086043022e+03
2.1065709574e+12	9.2121060530e+03
2.1086733365e+12	9.2156078039e+03
2.1107766430e+12	9.2191095548e+03
2.1128808769e+12	9.2226113057e+03
2.1149860381e+12	9.2261130565e+03
2.1170921264e+12	9.2296148074e+03
2.1191991418e+12	9.2331165583e+03
2.1213070842e+12	9.2366183092e+03
2.1234159535e+12	9.2401200600e+03
2.1255257496e+12	9.2436218109e+03
2.1276364725e+12	9.2471235618e+03
2.1297481220e+12	9.2506253127e+03
2.1318606981e+12	9.2541270635e+03
2.1339742007e+12	9.2576288144e+03
2.1360886297e+12	9.2611305653e+03
2.1382039850e+12	9.2646323162e+03
2.1403202665e+12	9.2681340670e+03
2.1424374741e+12	9.2716358179e+03
2.1445556078e+12	9.2751375688e+03
2.1466746674e+12	9.2786393197e+03
2.1487946530e+12	9.2821410705e+03
2.1509155643e+12	9.2856428214e+03
2.1530374014e+12	9.2891445723e+03
2.1551601640e+12	9.2926463232e+03
2.1572838523e+12	9.2961480740e+03
2.1594084659e+12	9.2996498249e+03
2.1615340050e+12	9.3031515758e+03
2.1636604693e+12	9.3066533267e+03
2.1657878589e+12	9.3101550775e+03
2.1679161735e+12	9.3136568284e+03
2.1700454132e+12	9.3171585793e+03
2.1721755779e+12	9.3206603302e+03
2.1743066674e+12	9.3241620810e+03
2.1764386817e+12	9.3276638319e+03
2.1785716207e+12	9.3311655828e+03
2.1807054843e+12	9.3346673337e+03
2.1828402725e+12	9.3381690845e+03
2.1849759851e+12	9.3416708354e+03
2.1871126220e+12	9.3451725863e+03
2.1892501833e+12	9.3486743372e+03
2.1913886687e+12	9.3521760880e+03
2.1935280783e+12	9.3556778389e+03
2.1956684119e+12	9.3591795898e+03
2.1978096694e+12	9.3626813407e+03
2.1999518508e+12	9.3661830915e+03
2.2020949560e+12	9.3696848424e+03
2.2042389849e+12	9.3731865933e+03
2.2063839374e+12	9.3766883442e+03
2.2085298135e+12	9.3801900950e+03
2.2106766130e+12	9.3836918459e+03
2.2128243358e+12	9.3871935968e+03
2.2149729820e+12	9.3906953477e+03
2.2171225514e+12	9.3941970985e+03
2.2192730438e+12	9.3976988494e+03
2.2214244594e+12	9.4012006003e+03
2.2235767979e+12	9.4047023512e+03
2.2257300592e+12	9.4082041021e+03
2.2278842434e+12	9.4117058529e+03
2.2300393503e+12	9.4152076038e+03
2.2321953798e+12	9.4187093547e+03
2.2343523318e+12	9.4222111056e+03
2.2365102064e+12	9.4257128564e+03
2.2386690033e+12	9.4292146073e+03
2.2408287225e+12	9.4327163582e+03
2.2429893640e+12	9.4362181091e+03
2.2451509276e+12	9.4397198599e+03
2.2473134133e+12	9.4432216108e+03
2.2494768209e+12	9.4467233617e+03
2.2516411505e+12	9.4502251126e+03
2.2538064018e+12	9.4537268634e+03
2.2559725750e+12	9.4572286143e+03
2.2581396697e+12	9.4607303652e+03
2.2603076861e+12	9.4642321161e+03
2.2624766240e+12	9.4677338669e+03
2.2646464832e+12	9.4712356178e+03
2.2668172639e+12	9.4747373687e+03
2.2689889658e+12	9.4782391196e+03
2.2711615888e+12	9.4817408704e+03
2.2733351330e+12	9.4852426213e+03
2.2755095982e+12	9.4887443722e+03
2.2776849843e+12	9.4922461231e+03
2.2798612913e+12	9.4957478739e+03
2.2820385191e+12	9.4992496248e+03
2.2842166675e+12	9.5027513757e+03
2.2863957366e+12	9.5062531266e+03
2.2885757263e+12	9.5097548774e+03
2.2907566364e+12	9.5132566283e+03
2.2929384669e+12	9.5167583792e+03
2.2951212177e+12	9.5202601301e+03
2.2973048887e+12	9.5237618809e+03
2.2994894799e+12	9.5272636318e+03
2.3016749912e+12	9.5307653827e+03
2.3038614224e+12	9.5342671336e+03
2.3060487736e+12	9.5377688844e+03
2.3082370446e+12	9.5412706353e+03
2.3104262354e+12	9.5447723862e+03
2.3126163458e+12	9.5482741371e+03
2.3148073759e+12	9.5517758879e+03
2.3169993254e+12	9.5552776388e+03
2.3191921944e+12	9.5587793897e+03
2.3213859828e+12	9.5622811406e+03
2.3235806905e+12	9.5657828914e+03
2.3257763174e+12	9.5692846423e+03
2.3279728634e+12	9.5727863932e+03
2.3301703285e+12	9.5762881441e+03
2.3323687125e+12	9.5797898949e+03
2.3345680155e+12	9.5832916458e+03
2.3367682373e+12	9.5867933967e+03
2.3389693778e+12	9.5902951476e+03
2.3411714370e+12	9.5937968984e+03
2.3433744149e+12	9.5972986493e+03
2.3455783112e+12	9.6008004002e+03
2.3477831259e+12	9.6043021511e+03
2.3499888591e+12	9.6078039020e+03
2.3521955105e+12	9.6113056528e+03
2.3544030801e+12	9.6148074037e+03
2.3566115679e+12	9.6183091546e+03
2.3588209737e+12	9.6218109055e+03
2.3610312975e+12	9.6253126563e+03
2.3632425393e+12	9.6288144072e+03
2.3654546988e+12	9.6323161581e+03
2.3676677761e+12	9.6358179090e+03
2.3698817711e+12	9.6393196598e+03
2.3720966837e+12	9.6428214107e+03
2.3743125138e+12	9.6463231616e+03
2.3765292614e+12	9.6498249125e+03
2.3787469263e+12	9.6533266633e+03
2.3809655086e+12	9.6568284142e+03
2.3831850081e+12	9.6603301651e+03
2.3854054247e+12	9.6638319160e+03
2.3876267584e+12	9.6673336668e+03
2.3898490091e+12	9.6708354177e+03
2.3920721768e+12	9.6743371686e+03
2.3942962613e+12	9.6778389195e+03
2.3965212625e+12	9.6813406703e+03
2.3987471805e+12	9.6848424212e+03
2.4009740151e+12	9.6883441721e+03
2.4032017663e+12	9.6918459230e+03
2.4054304339e+12	9.6953476738e+03
2.4076600179e+12	9.6988494247e+03
2.4098905183e+12	9.7023511756e+03
2.4121219349e+12	9.7058529265e+03
2.4143542678e+12	9.7093546773e+03
2.4165875167e+12	9.7128564282e+03
2.4188216816e+12	9.7163581791e+03
2.4210567626e+12	9.7198599300e+03
2.4232927594e+12	9.7233616808e+03
2.4255296720e+12	9.7268634317e+03
2.4277675003e+12	9.7303651826e+03
2.4300062444e+12	9.7338669335e+03
2.4322459040e+12	9.7373686843e+03
2.4344864792e+12	9.7408704352e+03
2.4367279698e+12	9.7443721861e+03
2.4389703757e+12	9.7478739370e+03
2.4412136970e+12	9.7513756878e+03
2.4434579335e+12	9.7548774387e+03
2.4457030852e+12	9.7583791896e+03
2.4479491519e+12	9.7618809405e+03
2.4501961337e+12	9.7653826913e+03
2.4524440304e+12	9.7688844422e+03
2.4546928420e+12	9.7723861931e+03
2.4569425683e+12	9.7758879440e+03
2.4591932094e+12	9.7793896948e+03
2.4614447651e+12	9.7828914457e+03
2.4636972355e+12	9.7863931966e+03
2.4659506203e+12	9.7898949475e+03
2.4682049195e+12	9.7933966983e+03
2.4704601332e+12	9.7968984492e+03
2.4727162611e+12	9.8004002001e+03
2.4749733032e+12	9.8039019510e+03
2.4772312595e+12	9.8074037019e+03
2.4794901299e+12	9.8109054527e+03
2.4817499142e+12	9.8144072036e+03
2.4840106125e+12	9.8179089545e+03
2.4862722247e+12	9.8214107054e+03
2.4885347507e+12	9.8249124562e+03
2.4907981903e+12	9.8284142071e+03
2.4930625437e+12	9.8319159580e+03
2.4953278106e+12	9.8354177089e+03
2.4975939910e+12	9.8389194597e+03
2.4998610849e+12	9.8424212106e+03
2.5021290921e+12	9.8459229615e+03
2.5043980127e+12	9.8494247124e+03
2.5066678464e+12	9.8529264632e+03
2.5089385934e+12	9.8564282141e+03
2.5112102534e+12	9.8599299650e+03
2.5134828264e+12	9.8634317159e+03
2.5157563124e+12	9.8669334667e+03
2.5180307112e+12	9.8704352176e+03
2.5203060229e+12	9.8739369685e+03
2.5225822473e+12	9.8774387194e+03
2.5248593844e+12	9.8809404702e+03
2.5271374341e+12	9.8844422211e+03
2.5294163963e+12	9.8879439720e+03
2.5316962709e+12	9.8914457229e+03
2.5339770580e+12	9.8949474737e+03
2.5362587574e+12	9.8984492246e+03
2.5385413690e+12	9.9019509755e+03
2.5408248928e+12	9.9054527264e+03
2.5431093288e+12	9.9089544772e+03
2.5453946768e+12	9.9124562281e+03
2.5476809367e+12	9.9159579790e+03
2.5499681086e+12	9.9194597299e+03
2.5522561924e+12	9.9229614807e+03
2.5545451879e+12	9.9264632316e+03
2.5568350951e+12	9.9299649825e+03
2.5591259139e+12	9.9334667334e+03
2.5614176443e+12	9.9369684842e+03
2.5637102862e+12	9.9404702351e+03
2.5660038396e+12	9.9439719860e+03
2.5682983043e+12	9.9474737369e+03
2.5705936803e+12	9.9509754877e+03
2.5728899675e+12	9.9544772386e+03
2.5751871659e+12	9.9579789895e+03
2.5774852754e+12	9.9614807404e+03
2.5797842960e+12	9.9649824912e+03
2.5820842275e+12	9.9684842421e+03
2.5843850698e+12	9.9719859930e+03
2.5866868230e+12	9.9754877439e+03
2.5889894870e+12	9.9789894947e+03
2.5912930617e+12	9.9824912456e+03
2.5935975470e+12	9.9859929965e+03
2.5959029428e+12	9.9894947474e+03
2.5982092491e+12	9.9929964982e+03
2.6005164659e+12	9.9964982491e+03
2.6028245930e+12	1.0000000000e+04
2.6160512238e+12	1.0020040080e+04
2.6293076555e+12	1.0040080160e+04
2.6425938758e+12	1.0060120240e+04
2.6559098725e+12	1.0080160321e+04
2.6692556334e+12	1.0100200401e+04
2.6826311467e+12	1.0120240481e+04
2.6960364003e+12	1.0140280561e+04
2.7094713825e+12	1.0160320641e+04
2.7229360815e+12	1.0180360721e+04
2.7364304857e+12	1.0200400802e+04
2.7499545836e+12	1.0220440882e+04
2.7635083637e+12	1.0240480962e+04
2.7770918148e+12	1.0260521042e+04
2.7907049255e+12	1.0280561122e+04
2.8043476847e+12	1.0300601202e+04
2.8180200813e+12	1.0320641283e+04
2.8317221044e+12	1.0340681363e+04
2.8454537431e+12	1.0360721443e+04
2.8592149866e+12	1.0380761523e+04
2.8730058242e+12	1.0400801603e+04
2.8868262454e+12	1.0420841683e+04
2.9006762397e+12	1.0440881764e+04
2.9145557966e+12	1.0460921844e+04
2.9284649058e+12	1.0480961924e+04
2.9424035571e+12	1.0501002004e+04
2.9563717405e+12	1.0521042084e+04
2.9703694458e+12	1.0541082164e+04
2.9843966631e+12	1.0561122244e+04
2.9984533826e+12	1.0581162325e+04
3.0125395945e+12	1.0601202405e+04
3.0266552891e+12	1.0621242485e+04
3.0408004570e+12	1.0641282565e+04
3.0549750885e+12	1.0661322645e+04
3.0691791744e+12	1.0681362725e+04
3.0834127053e+12	1.0701402806e+04
3.0976756720e+12	1.0721442886e+04
3.1119680654e+12	1.0741482966e+04
3.1262898765e+12	1.0761523046e+04
3.1406410963e+12	1.0781563126e+04
3.1550217161e+12	1.0801603206e+04
3.1694317271e+12	1.0821643287e+04
3.1838711205e+12	1.0841683367e+04
3.1983398879e+12	1.0861723447e+04
3.2128380208e+12	1.0881763527e+04
3.2273655108e+12	1.0901803607e+04
3.2419223495e+12	1.0921843687e+04
3.2565085289e+12	1.0941883768e+04
3.2711240407e+12	1.0961923848e+04
3.2857688769e+12	1.0981963928e+04
3.3004430297e+12	1.1002004008e+04
3.3151464911e+12	1.1022044088e+04
3.3298792534e+12	1.1042084168e+04
3.3446413090e+12	1.1062124248e+04
3.3594326502e+12	1.1082164329e+04
3.3742532696e+12	1.1102204409e+04
3.3891031598e+12	1.1122244489e+04
3.4039823135e+12	1.1142284569e+04
3.4188907233e+12	1.1162324649e+04
3.4338283823e+12	1.1182364729e+04
3.4487952834e+12	1.1202404810e+04
3.4637914195e+12	1.1222444890e+04
3.4788167839e+12	1.1242484970e+04
3.4938713697e+12	1.1262525050e+04
3.5089551703e+12	1.1282565130e+04
3.5240681790e+12	1.1302605210e+04
3.5392103893e+12	1.1322645291e+04
3.5543817949e+12	1.1342685371e+04
3.5695823893e+12	1.1362725451e+04
3.5848121663e+12	1.1382765531e+04
3.6000711197e+12	1.1402805611e+04
3.6153592435e+12	1.1422845691e+04
3.6306765317e+12	1.1442885772e+04
3.6460229782e+12	1.1462925852e+04
3.6613985774e+12	1.1482965932e+04
3.6768033235e+12	1.1503006012e+04
3.6922372108e+12	1.1523046092e+04
3.7077002338e+12	1.1543086172e+04
3.7231923870e+12	1.1563126253e+04
3.7387136649e+12	1.1583166333e+04
3.7542640624e+12	1.1603206413e+04
3.7698435741e+12	1.1623246493e+04
3.7854521950e+12	1.1643286573e+04
3.8010899199e+12	1.1663326653e+04
3.8167567440e+12	1.1683366733e+04
3.8324526623e+12	1.1703406814e+04
3.8481776700e+12	1.1723446894e+04
3.8639317625e+12	1.1743486974e+04
3.8797149351e+12	1.1763527054e+04
3.8955271832e+12	1.1783567134e+04
3.9113685025e+12	1.1803607214e+04
3.9272388885e+12	1.1823647295e+04
3.9431383369e+12	1.1843687375e+04
3.9590668436e+12	1.1863727455e+04
3.9750244044e+12	1.1883767535e+04
3.9910110153e+12	1.1903807615e+04
4.0070266724e+12	1.1923847695e+04
4.0230713716e+12	1.1943887776e+04
4.0391451094e+12	1.1963927856e+04
4.0552478820e+12	1.1983967936e+04
4.0713796856e+12	1.2004008016e+04
4.0875405169e+12	1.2024048096e+04
4.1037303724e+12	1.2044088176e+04
4.1199492487e+12	1.2064128257e+04
4.1361971424e+12	1.2084168337e+04
4.1524740505e+12	1.2104208417e+04
4.1687799697e+12	1.2124248497e+04
4.1851148970e+12	1.2144288577e+04
4.2014788295e+12	1.2164328657e+04
4.2178717643e+12	1.2184368737e+04
4.2342936986e+12	1.2204408818e+04
4.2507446297e+12	1.2224448898e+04
4.2672245549e+12	1.2244488978e+04
4.2837334717e+12	1.2264529058e+04
4.3002713777e+12	1.2284569138e+04
4.3168382703e+12	1.2304609218e+04
4.3334341474e+12	1.2324649299e+04
4.3500590067e+12	1.2344689379e+04
4.3667128460e+12	1.2364729459e+04
4.3833956633e+12	1.2384769539e+04
4.4001074567e+12	1.2404809619e+04
4.4168482241e+12	1.2424849699e+04
4.4336179638e+12	1.2444889780e+04
4.4504166740e+12	1.2464929860e+04
4.4672443531e+12	1.2484969940e+04
4.4841009995e+12	1.2505010020e+04
4.5009866116e+12	1.2525050100e+04
4.5179011881e+12	1.2545090180e+04
4.5348447276e+12	1.2565130261e+04
4.5518172288e+12	1.2585170341e+04
4.5688186906e+12	1.2605210421e+04
4.5858491119e+12	1.2625250501e+04
4.6029084915e+12	1.2645290581e+04
4.6199968287e+12	1.2665330661e+04
4.6371141224e+12	1.2685370741e+04
4.6542603720e+12	1.2705410822e+04
4.6714355766e+12	1.2725450902e+04
4.6886397357e+12	1.2745490982e+04
4.7058728488e+12	1.2765531062e+04
4.7231349152e+12	1.2785571142e+04
4.7404259347e+12	1.2805611222e+04
4.7577459069e+12	1.2825651303e+04
4.7750948316e+12	1.2845691383e+04
4.7924727085e+12	1.2865731463e+04
4.8098795377e+12	1.2885771543e+04
4.8273153191e+12	1.2905811623e+04
4.8447800528e+12	1.2925851703e+04
4.8622737389e+12	1.2945891784e+04
4.8797963776e+12	1.2965931864e+04
4.8973479693e+12	1.2985971944e+04
4.9149285142e+12	1.3006012024e+04
4.9325380130e+12	1.3026052104e+04
4.9501764660e+12	1.3046092184e+04
4.9678438740e+12	1.3066132265e+04
4.9855402375e+12	1.3086172345e+04
5.0032655574e+12	1.3106212425e+04
5.0210198345e+12	1.3126252505e+04
5.0388030697e+12	1.3146292585e+04
5.0566152639e+12	1.3166332665e+04
5.0744564183e+12	1.3186372745e+04
5.0923265340e+12	1.3206412826e+04
5.1102256122e+12	1.3226452906e+04
5.1281536542e+12	1.3246492986e+04
5.1461106614e+12	1.3266533066e+04
5.1640966351e+12	1.3286573146e+04
5.1821115770e+12	1.3306613226e+04
5.2001554886e+12	1.3326653307e+04
5.2182283716e+12	1.3346693387e+04
5.2363302278e+12	1.3366733467e+04
5.2544610588e+12	1.3386773547e+04
5.2726208668e+12	1.3406813627e+04
5.2908096535e+12	1.3426853707e+04
5.3090274211e+12	1.3446893788e+04
5.3272741716e+12	1.3466933868e+04
5.3455499073e+12	1.3486973948e+04
5.3638546305e+12	1.3507014028e+04
5.3821883434e+12	1.3527054108e+04
5.4005510485e+12	1.3547094188e+04
5.4189427482e+12	1.3567134269e+04
5.4373634452e+12	1.3587174349e+04
5.4558131421e+12	1.3607214429e+04
5.4742918415e+12	1.3627254509e+04
5.4927995463e+12	1.3647294589e+04
5.5113362593e+12	1.3667334669e+04
5.5299019834e+12	1.3687374749e+04
5.5484967217e+12	1.3707414830e+04
5.5671204772e+12	1.3727454910e+04
5.5857732531e+12	1.3747494990e+04
5.6044550526e+12	1.3767535070e+04
5.6231658789e+12	1.3787575150e+04
5.6419057355e+12	1.3807615230e+04
5.6606746259e+12	1.3827655311e+04
5.6794725534e+12	1.3847695391e+04
5.6982995217e+12	1.3867735471e+04
5.7171555345e+12	1.3887775551e+04
5.7360405954e+12	1.3907815631e+04
5.7549547084e+12	1.3927855711e+04
5.7738978772e+12	1.3947895792e+04
5.7928701058e+12	1.3967935872e+04
5.8118713982e+12	1.3987975952e+04
5.8309017586e+12	1.4008016032e+04
5.8499611910e+12	1.4028056112e+04
5.8690496997e+12	1.4048096192e+04
5.8881672890e+12	1.4068136273e+04
5.9073139633e+12	1.4088176353e+04
5.9264897271e+12	1.4108216433e+04
5.9456945848e+12	1.4128256513e+04
5.9649285411e+12	1.4148296593e+04
5.9841916005e+12	1.4168336673e+04
6.0034837679e+12	1.4188376754e+04
6.0228050481e+12	1.4208416834e+04
6.0421554458e+12	1.4228456914e+04
6.0615349661e+12	1.4248496994e+04
6.0809436140e+12	1.4268537074e+04
6.1003813945e+12	1.4288577154e+04
6.1198483128e+12	1.4308617234e+04
6.1393443742e+12	1.4328657315e+04
6.1588695839e+12	1.4348697395e+04
6.1784239473e+12	1.4368737475e+04
6.1980074698e+12	1.4388777555e+04
6.2176201570e+12	1.4408817635e+04
6.2372620143e+12	1.4428857715e+04
6.2569330476e+12	1.4448897796e+04
6.2766332624e+12	1.4468937876e+04
6.2963626646e+12	1.4488977956e+04
6.3161212600e+12	1.4509018036e+04
6.3359090545e+12	1.4529058116e+04
6.3557260541e+12	1.4549098196e+04
6.3755722650e+12	1.4569138277e+04
6.3954476932e+12	1.4589178357e+04
6.4153523449e+12	1.4609218437e+04
6.4352862263e+12	1.4629258517e+04
6.4552493440e+12	1.4649298597e+04
6.4752417041e+12	1.4669338677e+04
6.4952633133e+12	1.4689378758e+04
6.5153141780e+12	1.4709418838e+04
6.5353943049e+12	1.4729458918e+04
6.5555037007e+12	1.4749498998e+04
6.5756423721e+12	1.4769539078e+04
6.5958103259e+12	1.4789579158e+04
6.6160075690e+12	1.4809619238e+04
6.6362341083e+12	1.4829659319e+04
6.6564899510e+12	1.4849699399e+04
6.6767751040e+12	1.4869739479e+04
6.6970895746e+12	1.4889779559e+04
6.7174333699e+12	1.4909819639e+04
6.7378064973e+12	1.4929859719e+04
6.7582089641e+12	1.4949899800e+04
6.7786407777e+12	1.4969939880e+04
6.7991019457e+12	1.4989979960e+04
6.8195924756e+12	1.5010020040e+04
6.8401123750e+12	1.5030060120e+04
6.8606616517e+12	1.5050100200e+04
6.8812403134e+12	1.5070140281e+04
6.9018483680e+12	1.5090180361e+04
6.9224858232e+12	1.5110220441e+04
6.9431526872e+12	1.5130260521e+04
6.9638489679e+12	1.5150300601e+04
6.9845746735e+12	1.5170340681e+04
7.0053298121e+12	1.5190380762e+04
7.0261143919e+12	1.5210420842e+04
7.0469284213e+12	1.5230460922e+04
7.0677719086e+12	1.5250501002e+04
7.0886448622e+12	1.5270541082e+04
7.1095472907e+12	1.5290581162e+04
7.1304792027e+12	1.5310621242e+04
7.1514406066e+12	1.5330661323e+04
7.1724315114e+12	1.5350701403e+04
7.1934519256e+12	1.5370741483e+04
7.2145018582e+12	1.5390781563e+04
7.2355813180e+12	1.5410821643e+04
7.2566903140e+12	1.5430861723e+04
7.2778288553e+12	1.5450901804e+04
7.2989969509e+12	1.5470941884e+04
7.3201946100e+12	1.5490981964e+04
7.3414218419e+12	1.5511022044e+04
7.3626786557e+12	1.5531062124e+04
7.3839650609e+12	1.5551102204e+04
7.4052810669e+12	1.5571142285e+04
7.4266266832e+12	1.5591182365e+04
7.4480019193e+12	1.5611222445e+04
7.4694067849e+12	1.5631262525e+04
7.4908412896e+12	1.5651302605e+04
7.5123054431e+12	1.5671342685e+04
7.5337992554e+12	1.5691382766e+04
7.5553227363e+12	1.5711422846e+04
7.5768758956e+12	1.5731462926e+04
7.5984587435e+12	1.5751503006e+04
7.6200712900e+12	1.5771543086e+04
7.6417135453e+12	1.5791583166e+04
7.6633855194e+12	1.5811623246e+04
7.6850872228e+12	1.5831663327e+04
7.7068186657e+12	1.5851703407e+04
7.7285798586e+12	1.5871743487e+04
7.7503708118e+12	1.5891783567e+04
7.7721915359e+12	1.5911823647e+04
7.7940420416e+12	1.5931863727e+04
7.8159223394e+12	1.5951903808e+04
7.8378324401e+12	1.5971943888e+04
7.8597723544e+12	1.5991983968e+04
7.8817420933e+12	1.6012024048e+04
7.9037416675e+12	1.6032064128e+04
7.9257710881e+12	1.6052104208e+04
7.9478303662e+12	1.6072144289e+04
7.9699195127e+12	1.6092184369e+04
7.9920385390e+12	1.6112224449e+04
8.0141874561e+12	1.6132264529e+04
8.0363662754e+12	1.6152304609e+04
8.0585750083e+12	1.6172344689e+04
8.0808136662e+12	1.6192384770e+04
8.1030822605e+12	1.6212424850e+04
8.1253808028e+12	1.6232464930e+04
8.1477093047e+12	1.6252505010e+04
8.1700677778e+12	1.6272545090e+04
8.1924562340e+12	1.6292585170e+04
8.2148746850e+12	1.6312625251e+04
8.2373231426e+12	1.6332665331e+04
8.2598016188e+12	1.6352705411e+04
8.2823101256e+12	1.6372745491e+04
8.3048486750e+12	1.6392785571e+04
8.3274172791e+12	1.6412825651e+04
8.3500159502e+12	1.6432865731e+04
8.3726447004e+12	1.6452905812e+04
8.3953035420e+12	1.6472945892e+04
8.4179924874e+12	1.6492985972e+04
8.4407115491e+12	1.6513026052e+04
8.4634607394e+12	1.6533066132e+04
8.4862400711e+12	1.6553106212e+04
8.5090495566e+12	1.6573146293e+04
8.5318892086e+12	1.6593186373e+04
8.5547590400e+12	1.6613226453e+04
8.5776590634e+12	1.6633266533e+04
8.6005892918e+12	1.6653306613e+04
8.6235497380e+12	1.6673346693e+04
8.6465404151e+12	1.6693386774e+04
8.6695613361e+12	1.6713426854e+04
8.6926125141e+12	1.6733466934e+04
8.7156939623e+12	1.6753507014e+04
8.7388056939e+12	1.6773547094e+04
8.7619477222e+12	1.6793587174e+04
8.7851200606e+12	1.6813627255e+04
8.8083227224e+12	1.6833667335e+04
8.8315557212e+12	1.6853707415e+04
8.8548190705e+12	1.6873747495e+04
8.8781127840e+12	1.6893787575e+04
8.9014368752e+12	1.6913827655e+04
8.9247913578e+12	1.6933867735e+04
8.9481762458e+12	1.6953907816e+04
8.9715915529e+12	1.6973947896e+04
8.9950372931e+12	1.6993987976e+04
9.0185134802e+12	1.7014028056e+04
9.0420201284e+12	1.7034068136e+04
9.0655572518e+12	1.7054108216e+04
9.0891248644e+12	1.7074148297e+04
9.1127229805e+12	1.7094188377e+04
9.1363516145e+12	1.7114228457e+04
9.1600107805e+12	1.7134268537e+04
9.1837004931e+12	1.7154308617e+04
9.2074207667e+12	1.7174348697e+04
9.2311716157e+12	1.7194388778e+04
9.2549530549e+12	1.7214428858e+04
9.2787650987e+12	1.7234468938e+04
9.3026077620e+12	1.7254509018e+04
9.3264810595e+12	1.7274549098e+04
9.3503850061e+12	1.7294589178e+04
9.3743196165e+12	1.7314629259e+04
9.3982849057e+12	1.7334669339e+04
9.4222808889e+12	1.7354709419e+04
9.4463075809e+12	1.7374749499e+04
9.4703649970e+12	1.7394789579e+04
9.4944531523e+12	1.7414829659e+04
9.5185720621e+12	1.7434869739e+04
9.5427217417e+12	1.7454909820e+04
9.5669022065e+12	1.7474949900e+04
9.5911134718e+12	1.7494989980e+04
9.6153555532e+12	1.7515030060e+04
9.6396284663e+12	1.7535070140e+04
9.6639322265e+12	1.7555110220e+04
9.6882668497e+12	1.7575150301e+04
9.7126323515e+12	1.7595190381e+04
9.7370287478e+12	1.7615230461e+04
9.7614560543e+12	1.7635270541e+04
9.7859142870e+12	1.7655310621e+04
9.8104034618e+12	1.7675350701e+04
9.8349235948e+12	1.7695390782e+04
9.8594747021e+12	1.7715430862e+04
9.8840567998e+12	1.7735470942e+04
9.9086699041e+12	1.7755511022e+04
9.9333140313e+12	1.7775551102e+04
9.9579891978e+12	1.7795591182e+04
9.9826954198e+12	1.7815631263e+04
1.0007432714e+13	1.7835671343e+04
1.0032201097e+13	1.7855711423e+04
1.0057000584e+13	1.7875751503e+04
1.0081831194e+13	1.7895791583e+04
1.0106692942e+13	1.7915831663e+04
1.0131585845e+13	1.7935871743e+04
1.0156509920e+13	1.7955911824e+04
1.0181465184e+13	1.7975951904e+04
1.0206451654e+13	1.7995991984e+04
1.0231469346e+13	1.8016032064e+04
1.0256518279e+13	1.8036072144e+04
1.0281598468e+13	1.8056112224e+04
1.0306709931e+13	1.8076152305e+04
1.0331852685e+13	1.8096192385e+04
1.0357026749e+13	1.8116232465e+04
1.0382232137e+13	1.8136272545e+04
1.0407468870e+13	1.8156312625e+04
1.0432736963e+13	1.8176352705e+04
1.0458036434e+13	1.8196392786e+04
1.0483367301e+13	1.8216432866e+04
1.0508729581e+13	1.8236472946e+04
1.0534123293e+13	1.8256513026e+04
1.0559548453e+13	1.8276553106e+04
1.0585005081e+13	1.8296593186e+04
1.0610493192e+13	1.8316633267e+04
1.0636012807e+13	1.8336673347e+04
1.0661563941e+13	1.8356713427e+04
1.0687146615e+13	1.8376753507e+04
1.0712760845e+13	1.8396793587e+04
1.0738406649e+13	1.8416833667e+04
1.0764084047e+13	1.8436873747e+04
1.0789793056e+13	1.8456913828e+04
1.0815533695e+13	1.8476953908e+04
1.0841305981e+13	1.8496993988e+04
1.0867109934e+13	1.8517034068e+04
1.0892945573e+13	1.8537074148e+04
1.0918812914e+13	1.8557114228e+04
1.0944711978e+13	1.8577154309e+04
1.0970642783e+13	1.8597194389e+04
1.0996605347e+13	1.8617234469e+04
1.1022599690e+13	1.8637274549e+04
1.1048625830e+13	1.8657314629e+04
1.1074683786e+13	1.8677354709e+04
1.1100773577e+13	1.8697394790e+04
1.1126895223e+13	1.8717434870e+04
1.1153048742e+13	1.8737474950e+04
1.1179234154e+13	1.8757515030e+04
1.1205451477e+13	1.8777555110e+04
1.1231700731e+13	1.8797595190e+04
1.1257981935e+13	1.8817635271e+04
1.1284295109e+13	1.8837675351e+04
1.1310640272e+13	1.8857715431e+04
1.1337017444e+13	1.8877755511e+04
1.1363426644e+13	1.8897795591e+04
1.1389867892e+13	1.8917835671e+04
1.1416341207e+13	1.8937875752e+04
1.1442846610e+13	1.8957915832e+04
1.1469384119e+13	1.8977955912e+04
1.1495953756e+13	1.8997995992e+04
1.1522555539e+13	1.9018036072e+04
1.1549189489e+13	1.9038076152e+04
1.1575855626e+13	1.9058116232e+04
1.1602553969e+13	1.9078156313e+04
1.1629284540e+13	1.9098196393e+04
1.1656047357e+13	1.9118236473e+04
1.1682842443e+13	1.9138276553e+04
1.1709669815e+13	1.9158316633e+04
1.1736529496e+13	1.9178356713e+04
1.1763421506e+13	1.9198396794e+04
1.1790345865e+13	1.9218436874e+04
1.1817302593e+13	1.9238476954e+04
1.1844291711e+13	1.9258517034e+04
1.1871313241e+13	1.9278557114e+04
1.1898367202e+13	1.9298597194e+04
1.1925453615e+13	1.9318637275e+04
1.1952572501e+13	1.9338677355e+04
1.1979723882e+13	1.9358717435e+04
1.2006907777e+13	1.9378757515e+04
1.2034124209e+13	1.9398797595e+04
1.2061373198e+13	1.9418837675e+04
1.2088654765e+13	1.9438877756e+04
1.2115968931e+13	1.9458917836e+04
1.2143315718e+13	1.9478957916e+04
1.2170695147e+13	1.9498997996e+04
1.2198107239e+13	1.9519038076e+04
1.2225552016e+13	1.9539078156e+04
1.2253029499e+13	1.9559118236e+04
1.2280539709e+13	1.9579158317e+04
1.2308082669e+13	1.9599198397e+04
1.2335658400e+13	1.9619238477e+04
1.2363266924e+13	1.9639278557e+04
1.2390908261e+13	1.9659318637e+04
1.2418582435e+13	1.9679358717e+04
1.2446289467e+13	1.9699398798e+04
1.2474029379e+13	1.9719438878e+04
1.2501802193e+13	1.9739478958e+04
1.2529607931e+13	1.9759519038e+04
1.2557446615e+13	1.9779559118e+04
1.2585318267e+13	1.9799599198e+04
1.2613222910e+13	1.9819639279e+04
1.2641160565e+13	1.9839679359e+04
1.2669131256e+13	1.9859719439e+04
1.2697135004e+13	1.9879759519e+04
1.2725171831e+13	1.9899799599e+04
1.2753241761e+13	1.9919839679e+04
1.2781344816e+13	1.9939879760e+04
1.2809481019e+13	1.9959919840e+04
1.2837650391e+13	1.9979959920e+04
1.2865852957e+13	2.0000000000e+04
