# Zeng et al. (2021) core EOS (Holzapfel EOS)
# Pressure (Pa)	Density (kg m-3)
0.000000e+00	8.200000e+03
1.059061e+09	8.257688e+03
2.161933e+09	8.315782e+03
3.309830e+09	8.374284e+03
4.503992e+09	8.433198e+03
5.745683e+09	8.492527e+03
7.036201e+09	8.552273e+03
8.376868e+09	8.612439e+03
9.769036e+09	8.673029e+03
1.121409e+10	8.734044e+03
1.271344e+10	8.795489e+03
1.426853e+10	8.857367e+03
1.588083e+10	8.919679e+03
1.755186e+10	8.982430e+03
1.928314e+10	9.045623e+03
2.107626e+10	9.109260e+03
2.293282e+10	9.173344e+03
2.485445e+10	9.237880e+03
2.684285e+10	9.302870e+03
2.889971e+10	9.368316e+03
3.102678e+10	9.434223e+03
3.322585e+10	9.500594e+03
3.549875e+10	9.567432e+03
3.784732e+10	9.634740e+03
4.027348e+10	9.702522e+03
4.277917e+10	9.770780e+03
4.536635e+10	9.839519e+03
4.803707e+10	9.908741e+03
5.079337e+10	9.978450e+03
5.363737e+10	1.004865e+04
5.657121e+10	1.011934e+04
5.959709e+10	1.019053e+04
6.271726e+10	1.026223e+04
6.593399e+10	1.033442e+04
6.924963e+10	1.040713e+04
7.266654e+10	1.048034e+04
7.618716e+10	1.055407e+04
7.981397e+10	1.062832e+04
8.354950e+10	1.070309e+04
8.739633e+10	1.077839e+04
9.135708e+10	1.085422e+04
9.543445e+10	1.093058e+04
9.963118e+10	1.100747e+04
1.039500e+11	1.108491e+04
1.083939e+11	1.116290e+04
1.129657e+11	1.124143e+04
1.176683e+11	1.132051e+04
1.225049e+11	1.140016e+04
1.274784e+11	1.148036e+04
1.325920e+11	1.156112e+04
1.378490e+11	1.164246e+04
1.432526e+11	1.172436e+04
1.488061e+11	1.180684e+04
1.545130e+11	1.188991e+04
1.603766e+11	1.197355e+04
1.664006e+11	1.205779e+04
1.725885e+11	1.214262e+04
1.789441e+11	1.222804e+04
1.854710e+11	1.231407e+04
1.921730e+11	1.240070e+04
1.990542e+11	1.248794e+04
2.061183e+11	1.257579e+04
2.133696e+11	1.266427e+04
2.208120e+11	1.275336e+04
2.284499e+11	1.284308e+04
2.362874e+11	1.293343e+04
2.443289e+11	1.302442e+04
2.525790e+11	1.311605e+04
2.610420e+11	1.320832e+04
2.697227e+11	1.330125e+04
2.786257e+11	1.339482e+04
2.877558e+11	1.348906e+04
2.971179e+11	1.358395e+04
3.067170e+11	1.367952e+04
3.165581e+11	1.377575e+04
3.266464e+11	1.387267e+04
3.369872e+11	1.397026e+04
3.475858e+11	1.406855e+04
3.584477e+11	1.416752e+04
3.695785e+11	1.426719e+04
3.809837e+11	1.436756e+04
3.926692e+11	1.446864e+04
4.046409e+11	1.457043e+04
4.169046e+11	1.467293e+04
4.294666e+11	1.477616e+04
4.423331e+11	1.488011e+04
4.555103e+11	1.498479e+04
4.690046e+11	1.509021e+04
4.828227e+11	1.519638e+04
4.969713e+11	1.530328e+04
5.114570e+11	1.541094e+04
5.262869e+11	1.551936e+04
5.414679e+11	1.562854e+04
5.570074e+11	1.573849e+04
5.729124e+11	1.584921e+04
5.891906e+11	1.596071e+04
6.058495e+11	1.607300e+04
6.228967e+11	1.618607e+04
6.403402e+11	1.629995e+04
6.581878e+11	1.641462e+04
6.764479e+11	1.653010e+04
6.951285e+11	1.664639e+04
7.142382e+11	1.676350e+04
7.337856e+11	1.688143e+04
7.537793e+11	1.700019e+04
7.742282e+11	1.711979e+04
7.951415e+11	1.724023e+04
8.165283e+11	1.736152e+04
8.383979e+11	1.748366e+04
8.607599e+11	1.760666e+04
8.836241e+11	1.773052e+04
9.070002e+11	1.785526e+04
9.308984e+11	1.798087e+04
9.553288e+11	1.810737e+04
9.803018e+11	1.823476e+04
1.005828e+12	1.836304e+04
1.031919e+12	1.849223e+04
1.058584e+12	1.862232e+04
1.085835e+12	1.875333e+04
1.113684e+12	1.888526e+04
1.142142e+12	1.901813e+04
1.171221e+12	1.915192e+04
1.200933e+12	1.928666e+04
1.231289e+12	1.942234e+04
1.262303e+12	1.955898e+04
1.293986e+12	1.969658e+04
1.326353e+12	1.983515e+04
1.359414e+12	1.997469e+04
1.393185e+12	2.011521e+04
1.427678e+12	2.025673e+04
1.462908e+12	2.039923e+04
1.498887e+12	2.054274e+04
1.535631e+12	2.068727e+04
1.573153e+12	2.083280e+04
1.611468e+12	2.097936e+04
1.650592e+12	2.112696e+04
1.690539e+12	2.127559e+04
1.731325e+12	2.142526e+04
1.772965e+12	2.157599e+04
1.815476e+12	2.172778e+04
1.858874e+12	2.188064e+04
1.903175e+12	2.203457e+04
1.948395e+12	2.218959e+04
1.994553e+12	2.234569e+04
2.041666e+12	2.250290e+04
2.089750e+12	2.266121e+04
2.138824e+12	2.282063e+04
2.188907e+12	2.298118e+04
2.240016e+12	2.314285e+04
2.292171e+12	2.330567e+04
2.345391e+12	2.346963e+04
2.399696e+12	2.363474e+04
2.455104e+12	2.380101e+04
2.511637e+12	2.396845e+04
2.569314e+12	2.413707e+04
2.628157e+12	2.430688e+04
2.688187e+12	2.447788e+04
2.749425e+12	2.465009e+04
2.811894e+12	2.482350e+04
2.875614e+12	2.499814e+04
2.940610e+12	2.517400e+04
3.006904e+12	2.535111e+04
3.074519e+12	2.552946e+04
3.143480e+12	2.570906e+04
3.213810e+12	2.588992e+04
3.285533e+12	2.607206e+04
3.358676e+12	2.625548e+04
3.433262e+12	2.644019e+04
3.509318e+12	2.662620e+04
3.586871e+12	2.681352e+04
3.665945e+12	2.700216e+04
3.746570e+12	2.719212e+04
3.828772e+12	2.738342e+04
3.912579e+12	2.757607e+04
3.998019e+12	2.777007e+04
4.085122e+12	2.796543e+04
4.173916e+12	2.816217e+04
4.264432e+12	2.836030e+04
4.356700e+12	2.855982e+04
4.450750e+12	2.876074e+04
4.546613e+12	2.896307e+04
4.644322e+12	2.916683e+04
4.743909e+12	2.937202e+04
4.845407e+12	2.957866e+04
4.948848e+12	2.978675e+04
5.054267e+12	2.999630e+04
5.161698e+12	3.020733e+04
5.271176e+12	3.041984e+04
5.382736e+12	3.063385e+04
5.496416e+12	3.084936e+04
5.612250e+12	3.106639e+04
5.730277e+12	3.128494e+04
5.850534e+12	3.150504e+04
5.973060e+12	3.172668e+04
6.097894e+12	3.194988e+04
6.225075e+12	3.217465e+04
6.354644e+12	3.240100e+04
6.486642e+12	3.262895e+04
6.621110e+12	3.285850e+04
6.758090e+12	3.308966e+04
6.897626e+12	3.332245e+04
7.039761e+12	3.355688e+04
7.184538e+12	3.379295e+04
7.332004e+12	3.403069e+04
7.482204e+12	3.427010e+04
7.635184e+12	3.451120e+04
7.790992e+12	3.475399e+04
7.949675e+12	3.499848e+04
8.111281e+12	3.524470e+04
8.275861e+12	3.549265e+04
8.443464e+12	3.574235e+04
8.614141e+12	3.599380e+04
8.787944e+12	3.624702e+04
8.964926e+12	3.650202e+04
9.145140e+12	3.675882e+04
9.328640e+12	3.701742e+04
9.515480e+12	3.727784e+04
9.705718e+12	3.754010e+04
9.899409e+12	3.780420e+04
1.009661e+13	3.807015e+04
1.029738e+13	3.833798e+04
1.050179e+13	3.860769e+04
1.070988e+13	3.887930e+04
1.092172e+13	3.915282e+04
1.113737e+13	3.942827e+04
1.135691e+13	3.970565e+04
1.158038e+13	3.998498e+04
1.180785e+13	4.026628e+04
1.203940e+13	4.054956e+04
1.227509e+13	4.083483e+04
1.251499e+13	4.112211e+04
1.275916e+13	4.141141e+04
1.300768e+13	4.170274e+04
1.326061e+13	4.199613e+04
1.351804e+13	4.229157e+04
1.378003e+13	4.258910e+04
1.404666e+13	4.288872e+04
1.431800e+13	4.319045e+04
1.459414e+13	4.349430e+04
1.487514e+13	4.380028e+04
1.516110e+13	4.410842e+04
1.545208e+13	4.441873e+04
1.574817e+13	4.473122e+04
1.604946e+13	4.504591e+04
1.635603e+13	4.536282e+04
1.666797e+13	4.568195e+04
1.698535e+13	4.600333e+04
1.730827e+13	4.632697e+04
1.763683e+13	4.665288e+04
1.797110e+13	4.698109e+04
1.831118e+13	4.731161e+04
1.865717e+13	4.764445e+04
1.900917e+13	4.797963e+04
1.936725e+13	4.831718e+04
1.973154e+13	4.865709e+04
2.010212e+13	4.899940e+04
2.047909e+13	4.934412e+04
2.086256e+13	4.969126e+04
2.125264e+13	5.004084e+04
2.164942e+13	5.039289e+04
2.205301e+13	5.074741e+04
2.246353e+13	5.110442e+04
2.288108e+13	5.146395e+04
2.330578e+13	5.182600e+04
2.373774e+13	5.219060e+04
2.417707e+13	5.255777e+04
2.462389e+13	5.292752e+04
2.507832e+13	5.329987e+04
2.554049e+13	5.367484e+04
2.601051e+13	5.405245e+04
2.648850e+13	5.443272e+04
2.697460e+13	5.481566e+04
2.746893e+13	5.520129e+04
2.797162e+13	5.558964e+04
2.848280e+13	5.598072e+04
2.900261e+13	5.637455e+04
2.953118e+13	5.677115e+04
3.006865e+13	5.717054e+04
3.061516e+13	5.757274e+04
3.117085e+13	5.797777e+04
3.173586e+13	5.838566e+04
3.231035e+13	5.879641e+04
3.289446e+13	5.921004e+04
3.348833e+13	5.962659e+04
3.409213e+13	6.004607e+04
3.470600e+13	6.046851e+04
3.533011e+13	6.089391e+04
3.596460e+13	6.132230e+04
3.660966e+13	6.175371e+04
3.726543e+13	6.218816e+04
3.793208e+13	6.262566e+04
3.860979e+13	6.306624e+04
3.929873e+13	6.350992e+04
3.999906e+13	6.395672e+04
4.071097e+13	6.440666e+04
4.143463e+13	6.485977e+04
4.217022e+13	6.531606e+04
4.291794e+13	6.577557e+04
4.367796e+13	6.623831e+04
4.445048e+13	6.670430e+04
4.523569e+13	6.717358e+04
4.603378e+13	6.764615e+04
4.684495e+13	6.812205e+04
4.766941e+13	6.860129e+04
4.850735e+13	6.908391e+04
4.935898e+13	6.956993e+04
5.022451e+13	7.005936e+04
5.110416e+13	7.055223e+04
5.199815e+13	7.104858e+04
5.290668e+13	7.154841e+04
5.382998e+13	7.205176e+04
5.476828e+13	7.255866e+04
5.572181e+13	7.306912e+04
5.669079e+13	7.358317e+04
5.767547e+13	7.410083e+04
5.867607e+13	7.462214e+04
5.969285e+13	7.514712e+04
6.072605e+13	7.567578e+04
6.177592e+13	7.620817e+04
6.284271e+13	7.674431e+04
6.392667e+13	7.728421e+04
6.502807e+13	7.782791e+04
6.614717e+13	7.837544e+04
6.728424e+13	7.892682e+04
6.843955e+13	7.948208e+04
6.961337e+13	8.004125e+04
7.080598e+13	8.060435e+04
7.201767e+13	8.117141e+04
7.324872e+13	8.174246e+04
7.449943e+13	8.231753e+04
7.577008e+13	8.289664e+04
7.706098e+13	8.347983e+04
7.837244e+13	8.406712e+04
7.970476e+13	8.465854e+04
8.105825e+13	8.525412e+04
8.243323e+13	8.585390e+04
8.383002e+13	8.645789e+04
8.524894e+13	8.706613e+04
8.669034e+13	8.767865e+04
8.815454e+13	8.829548e+04
8.964188e+13	8.891665e+04
9.115271e+13	8.954219e+04
9.268738e+13	9.017213e+04
9.424625e+13	9.080650e+04
9.582966e+13	9.144533e+04
9.743799e+13	9.208866e+04
9.907161e+13	9.273652e+04
1.007309e+14	9.338893e+04
1.024162e+14	9.404593e+04
1.041280e+14	9.470755e+04
1.058666e+14	9.537383e+04
1.076323e+14	9.604480e+04
1.094258e+14	9.672049e+04
1.112472e+14	9.740093e+04
1.130971e+14	9.808615e+04
1.149758e+14	9.877620e+04
1.168838e+14	9.947110e+04
1.188216e+14	1.001709e+05
1.207895e+14	1.008756e+05
1.227880e+14	1.015853e+05
1.248175e+14	1.022999e+05
1.268786e+14	1.030196e+05
1.289716e+14	1.037444e+05
1.310971e+14	1.044742e+05
1.332555e+14	1.052092e+05
1.354472e+14	1.059494e+05
1.376729e+14	1.066948e+05
1.399329e+14	1.074454e+05
1.422278e+14	1.082013e+05
1.445581e+14	1.089625e+05
1.469243e+14	1.097290e+05
1.493270e+14	1.105010e+05
1.517666e+14	1.112784e+05
1.542437e+14	1.120612e+05
1.567589e+14	1.128496e+05
1.593127e+14	1.136435e+05
1.619056e+14	1.144430e+05
1.645383e+14	1.152481e+05
1.672113e+14	1.160589e+05
1.699252e+14	1.168754e+05
1.726805e+14	1.176976e+05
1.754780e+14	1.185256e+05
1.783182e+14	1.193595e+05
1.812017e+14	1.201992e+05
1.841291e+14	1.210448e+05
1.871011e+14	1.218964e+05
1.901184e+14	1.227539e+05
1.931815e+14	1.236175e+05
1.962912e+14	1.244872e+05
1.994481e+14	1.253630e+05
2.026529e+14	1.262449e+05
2.059063e+14	1.271331e+05
2.092090e+14	1.280274e+05
2.125616e+14	1.289281e+05
2.159650e+14	1.298352e+05
2.194198e+14	1.307486e+05
2.229268e+14	1.316684e+05
2.264868e+14	1.325947e+05
2.301004e+14	1.335275e+05
2.337685e+14	1.344669e+05
2.374919e+14	1.354129e+05
2.412712e+14	1.363655e+05
2.451074e+14	1.373249e+05
2.490013e+14	1.382910e+05
2.529536e+14	1.392639e+05
2.569653e+14	1.402436e+05
2.610371e+14	1.412302e+05
2.651699e+14	1.422238e+05
2.693646e+14	1.432244e+05
2.736221e+14	1.442320e+05
2.779432e+14	1.452467e+05
2.823289e+14	1.462685e+05
2.867801e+14	1.472975e+05
2.912978e+14	1.483338e+05
2.958827e+14	1.493773e+05
3.005360e+14	1.504282e+05
3.052586e+14	1.514865e+05
3.100515e+14	1.525522e+05
3.149157e+14	1.536254e+05
3.198521e+14	1.547062e+05
3.248618e+14	1.557946e+05
3.299459e+14	1.568906e+05
3.351054e+14	1.579943e+05
3.403413e+14	1.591059e+05
3.456548e+14	1.602252e+05
3.510469e+14	1.613524e+05
3.565188e+14	1.624875e+05
3.620716e+14	1.636306e+05
3.677063e+14	1.647818e+05
3.734243e+14	1.659411e+05
3.792266e+14	1.671085e+05
3.851144e+14	1.682841e+05
3.910890e+14	1.694680e+05
3.971515e+14	1.706602e+05
4.033032e+14	1.718608e+05
4.095454e+14	1.730699e+05
4.158793e+14	1.742875e+05
4.223062e+14	1.755136e+05
4.288274e+14	1.767484e+05
4.354442e+14	1.779918e+05
4.421580e+14	1.792440e+05
4.489702e+14	1.805050e+05
4.558820e+14	1.817749e+05
4.628950e+14	1.830537e+05
4.700105e+14	1.843415e+05
4.772300e+14	1.856383e+05
4.845548e+14	1.869443e+05
4.919865e+14	1.882595e+05
4.995266e+14	1.895839e+05
5.071766e+14	1.909177e+05
5.149380e+14	1.922608e+05
5.228124e+14	1.936134e+05
5.308013e+14	1.949755e+05
5.389064e+14	1.963472e+05
5.471292e+14	1.977285e+05
5.554714e+14	1.991195e+05
5.639347e+14	2.005204e+05
5.725207e+14	2.019310e+05
5.812311e+14	2.033516e+05
5.900677e+14	2.047823e+05
5.990322e+14	2.062229e+05
6.081264e+14	2.076737e+05
6.173521e+14	2.091347e+05
6.267111e+14	2.106060e+05
6.362053e+14	2.120877e+05
6.458365e+14	2.135797e+05
6.556066e+14	2.150823e+05
6.655176e+14	2.165954e+05
6.755714e+14	2.181192e+05
6.857699e+14	2.196537e+05
6.961152e+14	2.211990e+05
7.066093e+14	2.227551e+05
7.172543e+14	2.243222e+05
7.280522e+14	2.259004e+05
7.390051e+14	2.274896e+05
7.501152e+14	2.290900e+05
7.613846e+14	2.307017e+05
7.728155e+14	2.323247e+05
7.844102e+14	2.339591e+05
7.961709e+14	2.356051e+05
8.080999e+14	2.372626e+05
8.201995e+14	2.389317e+05
8.324720e+14	2.406127e+05
8.449199e+14	2.423054e+05
8.575454e+14	2.440100e+05
8.703512e+14	2.457267e+05
8.833395e+14	2.474554e+05
8.965130e+14	2.491963e+05
9.098741e+14	2.509494e+05
9.234255e+14	2.527149e+05
9.371698e+14	2.544927e+05
9.511095e+14	2.562831e+05
9.652473e+14	2.580861e+05
9.795860e+14	2.599018e+05
9.941283e+14	2.617302e+05
1.008877e+15	2.635715e+05
1.023835e+15	2.654258e+05
1.039005e+15	2.672931e+05
1.054390e+15	2.691735e+05
1.069993e+15	2.710672e+05
1.085816e+15	2.729742e+05
1.101864e+15	2.748946e+05
1.118138e+15	2.768285e+05
1.134642e+15	2.787760e+05
1.151380e+15	2.807372e+05
1.168354e+15	2.827122e+05
1.185567e+15	2.847012e+05
1.203023e+15	2.867041e+05
1.220725e+15	2.887211e+05
1.238677e+15	2.907522e+05
1.256881e+15	2.927977e+05
1.275341e+15	2.948576e+05
1.294061e+15	2.969319e+05
1.313045e+15	2.990209e+05
1.332295e+15	3.011245e+05
1.351815e+15	3.032430e+05
1.371610e+15	3.053763e+05
1.391682e+15	3.075247e+05
1.412036e+15	3.096882e+05
1.432675e+15	3.118669e+05
1.453603e+15	3.140609e+05
1.474824e+15	3.162703e+05
1.496342e+15	3.184953e+05
1.518162e+15	3.207360e+05
1.540286e+15	3.229924e+05
1.562720e+15	3.252647e+05
1.585466e+15	3.275530e+05
1.608531e+15	3.298573e+05
1.631917e+15	3.321779e+05
1.655630e+15	3.345148e+05
1.679673e+15	3.368682e+05
1.704052e+15	3.392381e+05
1.728769e+15	3.416247e+05
1.753831e+15	3.440280e+05
1.779242e+15	3.464483e+05
1.805006e+15	3.488856e+05
1.831129e+15	3.513401e+05
1.857614e+15	3.538118e+05
1.884467e+15	3.563009e+05
1.911693e+15	3.588075e+05
1.939297e+15	3.613318e+05
1.967283e+15	3.638738e+05
1.995658e+15	3.664337e+05
2.024426e+15	3.690116e+05
2.053592e+15	3.716076e+05
2.083162e+15	3.742219e+05
2.113141e+15	3.768546e+05
2.143535e+15	3.795058e+05
2.174349e+15	3.821757e+05
2.205589e+15	3.848644e+05
2.237260e+15	3.875719e+05
2.269369e+15	3.902985e+05
2.301921e+15	3.930443e+05
2.334921e+15	3.958094e+05
2.368377e+15	3.985940e+05
2.402294e+15	4.013982e+05
2.436678e+15	4.042221e+05
2.471535e+15	4.070658e+05
2.506873e+15	4.099296e+05
2.542696e+15	4.128135e+05
2.579012e+15	4.157177e+05
2.615827e+15	4.186423e+05
2.653148e+15	4.215875e+05
2.690982e+15	4.245534e+05
2.729334e+15	4.275402e+05
2.768213e+15	4.305480e+05
2.807626e+15	4.335769e+05
2.847578e+15	4.366272e+05
2.888079e+15	4.396989e+05
2.929134e+15	4.427922e+05
2.970751e+15	4.459073e+05
3.012937e+15	4.490443e+05
3.055701e+15	4.522034e+05
3.099049e+15	4.553847e+05
3.142990e+15	4.585884e+05
3.187532e+15	4.618146e+05
3.232681e+15	4.650636e+05
3.278448e+15	4.683353e+05
3.324838e+15	4.716301e+05
3.371861e+15	4.749481e+05
3.419526e+15	4.782894e+05
3.467840e+15	4.816542e+05
3.516812e+15	4.850427e+05
3.566452e+15	4.884551e+05
3.616766e+15	4.918914e+05
3.667766e+15	4.953519e+05
3.719459e+15	4.988368e+05
3.771855e+15	5.023462e+05
3.824963e+15	5.058802e+05
3.878793e+15	5.094391e+05
3.933353e+15	5.130231e+05
3.988654e+15	5.166323e+05
4.044706e+15	5.202669e+05
4.101517e+15	5.239270e+05
4.159099e+15	5.276129e+05
4.217461e+15	5.313247e+05
4.276614e+15	5.350626e+05
4.336568e+15	5.388269e+05
4.397334e+15	5.426176e+05
4.458921e+15	5.464349e+05
4.521342e+15	5.502792e+05
4.584607e+15	5.541505e+05
4.648726e+15	5.580490e+05
4.713712e+15	5.619749e+05
4.779576e+15	5.659285e+05
4.846329e+15	5.699098e+05
4.913982e+15	5.739192e+05
4.982548e+15	5.779568e+05
5.052039e+15	5.820228e+05
5.122466e+15	5.861174e+05
5.193842e+15	5.902408e+05
5.266180e+15	5.943932e+05
5.339492e+15	5.985749e+05
5.413790e+15	6.027859e+05
5.489088e+15	6.070266e+05
5.565398e+15	6.112971e+05
5.642735e+15	6.155976e+05
5.721110e+15	6.199284e+05
5.800539e+15	6.242897e+05
5.881034e+15	6.286816e+05
5.962610e+15	6.331045e+05
6.045281e+15	6.375584e+05
6.129060e+15	6.420437e+05
6.213963e+15	6.465606e+05
6.300004e+15	6.511092e+05
6.387198e+15	6.556899e+05
6.475560e+15	6.603027e+05
6.565105e+15	6.649480e+05
6.655848e+15	6.696260e+05
6.747806e+15	6.743369e+05
6.840994e+15	6.790809e+05
6.935428e+15	6.838584e+05
7.031124e+15	6.886694e+05
7.128098e+15	6.935142e+05
7.226368e+15	6.983932e+05
7.325950e+15	7.033065e+05
7.426862e+15	7.082543e+05
7.529119e+15	7.132370e+05
7.632741e+15	7.182547e+05
7.737744e+15	7.233077e+05
7.844147e+15	7.283962e+05
7.951967e+15	7.335206e+05
8.061224e+15	7.386810e+05
8.171935e+15	7.438777e+05
8.284120e+15	7.491110e+05
8.397798e+15	7.543811e+05
8.512988e+15	7.596882e+05
8.629709e+15	7.650327e+05
8.747982e+15	7.704148e+05
8.867827e+15	7.758348e+05
8.989264e+15	7.812929e+05
9.112313e+15	7.867893e+05
9.236995e+15	7.923245e+05
9.363333e+15	7.978986e+05
9.491346e+15	8.035119e+05
9.621057e+15	8.091647e+05
9.752487e+15	8.148573e+05
9.885660e+15	8.205899e+05
1.002060e+16	8.263628e+05
1.015732e+16	8.321764e+05
1.029585e+16	8.380308e+05
1.043622e+16	8.439265e+05
1.057845e+16	8.498636e+05
1.072255e+16	8.558425e+05
1.086856e+16	8.618635e+05
1.101650e+16	8.679268e+05
1.116640e+16	8.740327e+05
1.131828e+16	8.801817e+05
1.147216e+16	8.863738e+05
1.162807e+16	8.926096e+05
1.178604e+16	8.988892e+05
1.194610e+16	9.052130e+05
1.210827e+16	9.115813e+05
1.227257e+16	9.179943e+05
1.243904e+16	9.244525e+05
1.260771e+16	9.309562e+05
1.277859e+16	9.375056e+05
1.295173e+16	9.441010e+05
1.312714e+16	9.507429e+05
1.330487e+16	9.574315e+05
1.348493e+16	9.641671e+05
1.366736e+16	9.709501e+05
1.385219e+16	9.777809e+05
1.403945e+16	9.846597e+05
1.422916e+16	9.915869e+05
1.442138e+16	9.985628e+05
1.461611e+16	1.005588e+06
1.481340e+16	1.012662e+06
1.501328e+16	1.019786e+06
1.521579e+16	1.026961e+06
1.542095e+16	1.034186e+06
1.562880e+16	1.041461e+06
1.583937e+16	1.048788e+06
1.605271e+16	1.056166e+06
1.626884e+16	1.063597e+06
1.648780e+16	1.071079e+06
1.670962e+16	1.078614e+06
1.693435e+16	1.086202e+06
1.716203e+16	1.093844e+06
1.739268e+16	1.101539e+06
1.762634e+16	1.109289e+06
1.786306e+16	1.117093e+06
1.810288e+16	1.124952e+06
1.834583e+16	1.132866e+06
1.859195e+16	1.140836e+06
1.884129e+16	1.148862e+06
1.909388e+16	1.156944e+06
1.934977e+16	1.165083e+06
1.960900e+16	1.173280e+06
1.987161e+16	1.181534e+06
2.013764e+16	1.189846e+06
2.040714e+16	1.198217e+06
2.068016e+16	1.206646e+06
2.095673e+16	1.215135e+06
2.123691e+16	1.223684e+06
2.152073e+16	1.232293e+06
2.180825e+16	1.240962e+06
2.209951e+16	1.249692e+06
2.239456e+16	1.258484e+06
2.269345e+16	1.267338e+06
2.299623e+16	1.276253e+06
2.330294e+16	1.285232e+06
2.361364e+16	1.294274e+06
2.392838e+16	1.303379e+06
2.424720e+16	1.312549e+06
2.457017e+16	1.321783e+06
2.489733e+16	1.331081e+06
2.522874e+16	1.340446e+06
2.556444e+16	1.349876e+06
2.590450e+16	1.359372e+06
2.624898e+16	1.368936e+06
2.659792e+16	1.378566e+06
2.695138e+16	1.388265e+06
2.730942e+16	1.398031e+06
2.767210e+16	1.407867e+06
2.803948e+16	1.417771e+06
2.841162e+16	1.427745e+06
2.878858e+16	1.437790e+06
2.917041e+16	1.447905e+06
2.955718e+16	1.458091e+06
2.994896e+16	1.468349e+06
3.034581e+16	1.478679e+06
3.074778e+16	1.489081e+06
3.115495e+16	1.499557e+06
3.156739e+16	1.510107e+06
3.198515e+16	1.520731e+06
3.240831e+16	1.531429e+06
3.283693e+16	1.542203e+06
3.327108e+16	1.553053e+06
3.371084e+16	1.563978e+06
3.415627e+16	1.574981e+06
3.460745e+16	1.586061e+06
3.506445e+16	1.597220e+06
3.552734e+16	1.608456e+06
3.599620e+16	1.619772e+06
3.647110e+16	1.631167e+06
3.695212e+16	1.642643e+06
3.743933e+16	1.654199e+06
3.793282e+16	1.665836e+06
3.843266e+16	1.677556e+06
3.893893e+16	1.689357e+06
3.945172e+16	1.701242e+06
3.997111e+16	1.713211e+06
4.049718e+16	1.725263e+06
4.103001e+16	1.737401e+06
4.156969e+16	1.749624e+06
4.211631e+16	1.761932e+06
4.266995e+16	1.774328e+06
4.323071e+16	1.786810e+06
4.379867e+16	1.799381e+06
4.437392e+16	1.812040e+06
4.495655e+16	1.824788e+06
4.554666e+16	1.837625e+06
4.614435e+16	1.850553e+06
4.674970e+16	1.863572e+06
4.736282e+16	1.876682e+06
4.798379e+16	1.889885e+06
4.861273e+16	1.903181e+06
4.924973e+16	1.916570e+06
4.989489e+16	1.930053e+06
5.054832e+16	1.943631e+06
5.121011e+16	1.957305e+06
5.188038e+16	1.971075e+06
5.255923e+16	1.984941e+06
5.324677e+16	1.998906e+06
5.394311e+16	2.012968e+06
5.464835e+16	2.027130e+06
5.536262e+16	2.041391e+06
5.608602e+16	2.055752e+06
5.681867e+16	2.070215e+06
5.756068e+16	2.084779e+06
5.831217e+16	2.099446e+06
5.907327e+16	2.114215e+06
5.984408e+16	2.129089e+06
6.062474e+16	2.144068e+06
6.141537e+16	2.159151e+06
6.221609e+16	2.174341e+06
6.302703e+16	2.189638e+06
6.384831e+16	2.205042e+06
6.468007e+16	2.220555e+06
6.552244e+16	2.236177e+06
6.637555e+16	2.251909e+06
6.723954e+16	2.267751e+06
6.811454e+16	2.283705e+06
6.900069e+16	2.299771e+06
6.989812e+16	2.315950e+06
7.080699e+16	2.332243e+06
7.172743e+16	2.348651e+06
7.265959e+16	2.365174e+06
7.360362e+16	2.381813e+06
7.455966e+16	2.398570e+06
7.552786e+16	2.415444e+06
7.650838e+16	2.432437e+06
7.750138e+16	2.449549e+06
7.850699e+16	2.466782e+06
7.952540e+16	2.484136e+06
8.055674e+16	2.501612e+06
8.160120e+16	2.519211e+06
8.265892e+16	2.536934e+06
8.373008e+16	2.554782e+06
8.481484e+16	2.572755e+06
8.591337e+16	2.590855e+06
8.702586e+16	2.609082e+06
8.815246e+16	2.627437e+06
8.929335e+16	2.645921e+06
9.044873e+16	2.664536e+06
9.161875e+16	2.683281e+06
9.280362e+16	2.702158e+06
9.400351e+16	2.721168e+06
9.521860e+16	2.740312e+06
9.644910e+16	2.759590e+06
9.769520e+16	2.779004e+06
9.895708e+16	2.798555e+06
1.002349e+17	2.818243e+06
1.015290e+17	2.838070e+06
1.028394e+17	2.858036e+06
1.041664e+17	2.878143e+06
1.055103e+17	2.898391e+06
1.068711e+17	2.918781e+06
1.082491e+17	2.939315e+06
1.096446e+17	2.959994e+06
1.110577e+17	2.980818e+06
1.124887e+17	3.001788e+06
1.139378e+17	3.022906e+06
1.154051e+17	3.044172e+06
1.168911e+17	3.065588e+06
1.183958e+17	3.087155e+06
1.199195e+17	3.108874e+06
1.214625e+17	3.130745e+06
1.230249e+17	3.152770e+06
1.246071e+17	3.174950e+06
1.262092e+17	3.197286e+06
1.278316e+17	3.219780e+06
1.294744e+17	3.242431e+06
1.311380e+17	3.265242e+06
1.328225e+17	3.288213e+06
1.345283e+17	3.311346e+06
1.362556e+17	3.334642e+06
1.380047e+17	3.358102e+06
1.397758e+17	3.381726e+06
1.415693e+17	3.405517e+06
1.433853e+17	3.429475e+06
1.452242e+17	3.453602e+06
1.470863e+17	3.477899e+06
1.489718e+17	3.502366e+06
1.508810e+17	3.527006e+06
1.528143e+17	3.551819e+06
1.547720e+17	3.576806e+06
1.567542e+17	3.601969e+06
1.587614e+17	3.627310e+06
1.607939e+17	3.652828e+06
1.628519e+17	3.678526e+06
1.649358e+17	3.704405e+06
1.670458e+17	3.730466e+06
1.691825e+17	3.756710e+06
1.713459e+17	3.783139e+06
1.735366e+17	3.809754e+06
1.757547e+17	3.836556e+06
1.780008e+17	3.863547e+06
1.802750e+17	3.890727e+06
1.825778e+17	3.918099e+06
1.849095e+17	3.945663e+06
1.872705e+17	3.973421e+06
1.896611e+17	4.001375e+06
1.920817e+17	4.029525e+06
1.945327e+17	4.057873e+06
1.970144e+17	4.086421e+06
1.995273e+17	4.115169e+06
2.020716e+17	4.144120e+06
2.046479e+17	4.173274e+06
2.072565e+17	4.202634e+06
2.098977e+17	4.232200e+06
2.125721e+17	4.261974e+06
2.152799e+17	4.291957e+06
2.180217e+17	4.322152e+06
2.207978e+17	4.352559e+06
2.236087e+17	4.383179e+06
2.264548e+17	4.414015e+06
2.293365e+17	4.445069e+06
2.322543e+17	4.476340e+06
2.352086e+17	4.507832e+06
2.381998e+17	4.539545e+06
2.412285e+17	4.571481e+06
2.442951e+17	4.603642e+06
2.474000e+17	4.636029e+06
2.505438e+17	4.668644e+06
2.537268e+17	4.701489e+06
2.569496e+17	4.734564e+06
2.602128e+17	4.767872e+06
2.635167e+17	4.801415e+06
2.668619e+17	4.835193e+06
2.702488e+17	4.869210e+06
2.736781e+17	4.903465e+06
2.771502e+17	4.937961e+06
2.806657e+17	4.972701e+06
2.842250e+17	5.007684e+06
2.878288e+17	5.042914e+06
2.914776e+17	5.078391e+06
2.951718e+17	5.114118e+06
2.989122e+17	5.150097e+06
3.026993e+17	5.186328e+06
3.065335e+17	5.222815e+06
3.104156e+17	5.259558e+06
3.143461e+17	5.296559e+06
3.183257e+17	5.333821e+06
3.223548e+17	5.371345e+06
3.264341e+17	5.409133e+06
3.305643e+17	5.447187e+06
3.347459e+17	5.485509e+06
3.389796e+17	5.524100e+06
3.432661e+17	5.562963e+06
3.476059e+17	5.602099e+06
3.519998e+17	5.641510e+06
3.564484e+17	5.681199e+06
3.609523e+17	5.721167e+06
3.655123e+17	5.761416e+06
3.701291e+17	5.801948e+06
3.748033e+17	5.842766e+06
3.795357e+17	5.883870e+06
3.843269e+17	5.925264e+06
3.891777e+17	5.966949e+06
3.940889e+17	6.008927e+06
3.990611e+17	6.051200e+06
4.040951e+17	6.093771e+06
4.091917e+17	6.136642e+06
4.143517e+17	6.179814e+06
4.195757e+17	6.223289e+06
4.248647e+17	6.267071e+06
4.302194e+17	6.311161e+06
4.356406e+17	6.355560e+06
4.411291e+17	6.400272e+06
4.466857e+17	6.445299e+06
4.523114e+17	6.490643e+06
4.580069e+17	6.536305e+06
4.637731e+17	6.582289e+06
4.696108e+17	6.628596e+06
4.755210e+17	6.675229e+06
4.815046e+17	6.722190e+06
4.875623e+17	6.769481e+06
4.936952e+17	6.817105e+06
4.999042e+17	6.865064e+06
5.061901e+17	6.913361e+06
5.125540e+17	6.961997e+06
5.189967e+17	7.010976e+06
5.255194e+17	7.060299e+06
5.321228e+17	7.109969e+06
5.388081e+17	7.159988e+06
5.455763e+17	7.210360e+06
5.524282e+17	7.261085e+06
5.593651e+17	7.312168e+06
5.663879e+17	7.363610e+06
5.734976e+17	7.415414e+06
5.806953e+17	7.467582e+06
5.879822e+17	7.520117e+06
5.953593e+17	7.573022e+06
6.028276e+17	7.626299e+06
6.103884e+17	7.679951e+06
6.180428e+17	7.733981e+06
6.257918e+17	7.788390e+06
6.336367e+17	7.843182e+06
6.415787e+17	7.898360e+06
6.496188e+17	7.953926e+06
6.577584e+17	8.009883e+06
6.659986e+17	8.066233e+06
6.743406e+17	8.122980e+06
6.827858e+17	8.180126e+06
6.913354e+17	8.237674e+06
6.999906e+17	8.295627e+06
7.087527e+17	8.353988e+06
7.176231e+17	8.412759e+06
7.266031e+17	8.471944e+06
7.356939e+17	8.531545e+06
7.448971e+17	8.591566e+06
7.542139e+17	8.652008e+06
7.636457e+17	8.712876e+06
7.731939e+17	8.774172e+06
7.828600e+17	8.835900e+06
7.926454e+17	8.898061e+06
8.025515e+17	8.960660e+06
8.125799e+17	9.023699e+06
8.227320e+17	9.087182e+06
8.330093e+17	9.151112e+06
8.434134e+17	9.215491e+06
8.539458e+17	9.280323e+06
8.646080e+17	9.345611e+06
8.754017e+17	9.411358e+06
8.863285e+17	9.477568e+06
8.973900e+17	9.544244e+06
9.085878e+17	9.611389e+06
9.199236e+17	9.679006e+06
9.313991e+17	9.747099e+06
9.430159e+17	9.815671e+06
9.547759e+17	9.884726e+06
9.666807e+17	9.954266e+06
9.787321e+17	1.002430e+07
9.909320e+17	1.009482e+07
1.003282e+18	1.016584e+07
1.015784e+18	1.023735e+07
1.028440e+18	1.030937e+07
1.041252e+18	1.038190e+07
1.054221e+18	1.045494e+07
1.067350e+18	1.052849e+07
1.080641e+18	1.060256e+07
1.094095e+18	1.067715e+07
1.107715e+18	1.075227e+07
1.121502e+18	1.082791e+07
1.135459e+18	1.090409e+07
1.149587e+18	1.098080e+07
1.163889e+18	1.105805e+07
1.178367e+18	1.113584e+07
1.193023e+18	1.121418e+07
1.207859e+18	1.129308e+07
1.222877e+18	1.137253e+07
1.238080e+18	1.145253e+07
1.253470e+18	1.153310e+07
1.269048e+18	1.161424e+07
1.284818e+18	1.169595e+07
1.300782e+18	1.177823e+07
1.316942e+18	1.186109e+07
1.333301e+18	1.194453e+07
1.349860e+18	1.202857e+07
1.366622e+18	1.211319e+07
1.383591e+18	1.219841e+07
1.400767e+18	1.228422e+07
1.418155e+18	1.237064e+07
1.435755e+18	1.245767e+07
1.453572e+18	1.254531e+07
1.471607e+18	1.263357e+07
1.489864e+18	1.272245e+07
1.508345e+18	1.281195e+07
1.527052e+18	1.290209e+07
1.545989e+18	1.299286e+07
1.565157e+18	1.308426e+07
1.584561e+18	1.317631e+07
1.604203e+18	1.326901e+07
1.624086e+18	1.336236e+07
1.644212e+18	1.345636e+07
1.664585e+18	1.355103e+07
1.685208e+18	1.364636e+07
1.706083e+18	1.374237e+07
1.727214e+18	1.383905e+07
1.748604e+18	1.393641e+07
1.770256e+18	1.403445e+07
1.792174e+18	1.413318e+07
1.814359e+18	1.423261e+07
1.836817e+18	1.433274e+07
1.859549e+18	1.443357e+07
1.882559e+18	1.453511e+07
1.905852e+18	1.463737e+07
1.929429e+18	1.474035e+07
1.953295e+18	1.484405e+07
1.977453e+18	1.494848e+07
2.001907e+18	1.505364e+07
2.026660e+18	1.515954e+07
2.051716e+18	1.526619e+07
2.077078e+18	1.537359e+07
2.102751e+18	1.548175e+07
2.128737e+18	1.559066e+07
2.155042e+18	1.570035e+07
2.181668e+18	1.581080e+07
2.208619e+18	1.592203e+07
2.235900e+18	1.603404e+07
2.263515e+18	1.614685e+07
2.291467e+18	1.626044e+07
2.319761e+18	1.637483e+07
2.348400e+18	1.649003e+07
2.377390e+18	1.660604e+07
2.406733e+18	1.672287e+07
2.436436e+18	1.684052e+07
2.466501e+18	1.695899e+07
2.496933e+18	1.707830e+07
2.527737e+18	1.719845e+07
2.558917e+18	1.731944e+07
2.590478e+18	1.744128e+07
2.622424e+18	1.756399e+07
2.654761e+18	1.768755e+07
2.687492e+18	1.781198e+07
2.720622e+18	1.793729e+07
2.754157e+18	1.806348e+07
2.788102e+18	1.819056e+07
2.822460e+18	1.831854e+07
2.857238e+18	1.844741e+07
2.892440e+18	1.857719e+07
2.928072e+18	1.870788e+07
2.964138e+18	1.883949e+07
3.000644e+18	1.897203e+07
3.037596e+18	1.910550e+07
3.074998e+18	1.923991e+07
3.112856e+18	1.937527e+07
3.151175e+18	1.951157e+07
3.189962e+18	1.964884e+07
3.229222e+18	1.978707e+07
3.268960e+18	1.992628e+07
3.309183e+18	2.006646e+07
3.349896e+18	2.020763e+07
3.391105e+18	2.034979e+07
3.432816e+18	2.049296e+07
3.475035e+18	2.063713e+07
3.517769e+18	2.078231e+07
3.561023e+18	2.092852e+07
3.604804e+18	2.107575e+07
3.649119e+18	2.122402e+07
3.693973e+18	2.137334e+07
3.739373e+18	2.152370e+07
3.785326e+18	2.167512e+07
3.831839e+18	2.182761e+07
3.878917e+18	2.198117e+07
3.926569e+18	2.213581e+07
3.974801e+18	2.229154e+07
4.023620e+18	2.244836e+07
4.073033e+18	2.260629e+07
4.123048e+18	2.276532e+07
4.173671e+18	2.292548e+07
4.224909e+18	2.308676e+07
4.276772e+18	2.324918e+07
4.329265e+18	2.341274e+07
4.382396e+18	2.357746e+07
4.436174e+18	2.374333e+07
4.490606e+18	2.391036e+07
4.545700e+18	2.407857e+07
4.601463e+18	2.424797e+07
4.657905e+18	2.441856e+07
4.715033e+18	2.459034e+07
4.772855e+18	2.476334e+07
4.831380e+18	2.493755e+07
4.890617e+18	2.511299e+07
4.950573e+18	2.528967e+07
5.011258e+18	2.546758e+07
5.072680e+18	2.564675e+07
5.134849e+18	2.582718e+07
5.197773e+18	2.600887e+07
5.261461e+18	2.619185e+07
5.325923e+18	2.637611e+07
5.391168e+18	2.656167e+07
5.457205e+18	2.674854e+07
5.524045e+18	2.693671e+07
5.591695e+18	2.712622e+07
5.660168e+18	2.731705e+07
5.729472e+18	2.750923e+07
5.799617e+18	2.770276e+07
5.870613e+18	2.789765e+07
5.942471e+18	2.809392e+07
6.015202e+18	2.829156e+07
6.088815e+18	2.849060e+07
6.163321e+18	2.869103e+07
6.238732e+18	2.889288e+07
6.315057e+18	2.909614e+07
6.392309e+18	2.930084e+07
6.470498e+18	2.950697e+07
6.549635e+18	2.971456e+07
6.629732e+18	2.992360e+07
6.710800e+18	3.013412e+07
6.792852e+18	3.034611e+07
6.875899e+18	3.055960e+07
6.959952e+18	3.077459e+07
7.045025e+18	3.099110e+07
7.131129e+18	3.120912e+07
7.218277e+18	3.142868e+07
7.306482e+18	3.164979e+07
7.395755e+18	3.187245e+07
7.486111e+18	3.209667e+07
7.577561e+18	3.232248e+07
7.670120e+18	3.254987e+07
7.763800e+18	3.277886e+07
7.858615e+18	3.300946e+07
7.954580e+18	3.324169e+07
8.051706e+18	3.347555e+07
8.150009e+18	3.371105e+07
8.249503e+18	3.394821e+07
8.350202e+18	3.418704e+07
8.452121e+18	3.442755e+07
8.555273e+18	3.466975e+07
8.659675e+18	3.491366e+07
8.765341e+18	3.515928e+07
8.872286e+18	3.540663e+07
8.980526e+18	3.565572e+07
9.090076e+18	3.590656e+07
9.200952e+18	3.615917e+07
9.313171e+18	3.641355e+07
9.426747e+18	3.666973e+07
9.541698e+18	3.692770e+07
9.658040e+18	3.718750e+07
9.775790e+18	3.744911e+07
9.894964e+18	3.771257e+07
1.001558e+19	3.797788e+07
1.013766e+19	3.824506e+07
1.026121e+19	3.851412e+07
1.038625e+19	3.878507e+07
1.051281e+19	3.905793e+07
1.064090e+19	3.933271e+07
1.077054e+19	3.960942e+07
1.090175e+19	3.988808e+07
1.103454e+19	4.016869e+07
1.116894e+19	4.045128e+07
1.130496e+19	4.073586e+07
1.144263e+19	4.102244e+07
1.158196e+19	4.131104e+07
1.172297e+19	4.160167e+07
1.186569e+19	4.189434e+07
1.201014e+19	4.218907e+07
1.215633e+19	4.248588e+07
1.230429e+19	4.278477e+07
1.245403e+19	4.308577e+07
1.260558e+19	4.338888e+07
1.275897e+19	4.369413e+07
1.291421e+19	4.400152e+07
1.307132e+19	4.431108e+07
1.323033e+19	4.462281e+07
1.339126e+19	4.493674e+07
1.355414e+19	4.525287e+07
1.371898e+19	4.557123e+07
1.388581e+19	4.589183e+07
1.405466e+19	4.621469e+07
1.422554e+19	4.653981e+07
1.439849e+19	4.686722e+07
1.457353e+19	4.719694e+07
1.475068e+19	4.752898e+07
1.492997e+19	4.786335e+07
1.511142e+19	4.820007e+07
1.529506e+19	4.853917e+07
1.548092e+19	4.888064e+07
1.566902e+19	4.922453e+07
1.585939e+19	4.957083e+07
1.605206e+19	4.991956e+07
1.624705e+19	5.027075e+07
1.644440e+19	5.062441e+07
1.664412e+19	5.098056e+07
1.684626e+19	5.133922e+07
1.705083e+19	5.170039e+07
1.725787e+19	5.206411e+07
1.746741e+19	5.243039e+07
1.767947e+19	5.279924e+07
1.789409e+19	5.317069e+07
1.811130e+19	5.354475e+07
1.833113e+19	5.392145e+07
1.855361e+19	5.430079e+07
1.877877e+19	5.468280e+07
1.900665e+19	5.506750e+07
1.923727e+19	5.545491e+07
1.947067e+19	5.584504e+07
1.970689e+19	5.623792e+07
1.994595e+19	5.663356e+07
2.018789e+19	5.703198e+07
2.043275e+19	5.743321e+07
2.068056e+19	5.783726e+07
2.093136e+19	5.824415e+07
2.118517e+19	5.865390e+07
2.144205e+19	5.906654e+07
2.170202e+19	5.948208e+07
2.196512e+19	5.990054e+07
2.223139e+19	6.032195e+07
2.250087e+19	6.074632e+07
2.277359e+19	6.117368e+07
2.304960e+19	6.160405e+07
2.332893e+19	6.203744e+07
2.361163e+19	6.247388e+07
2.389773e+19	6.291339e+07
2.418727e+19	6.335599e+07
2.448030e+19	6.380171e+07
2.477686e+19	6.425056e+07
2.507698e+19	6.470257e+07
2.538073e+19	6.515776e+07
2.568812e+19	6.561615e+07
2.599922e+19	6.607777e+07
2.631406e+19	6.654264e+07
2.663269e+19	6.701077e+07
2.695515e+19	6.748220e+07
2.728150e+19	6.795695e+07
2.761177e+19	6.843503e+07
2.794601e+19	6.891648e+07
2.828428e+19	6.940131e+07
2.862662e+19	6.988956e+07
2.897307e+19	7.038124e+07
2.932369e+19	7.087638e+07
2.967853e+19	7.137501e+07
3.003764e+19	7.187714e+07
3.040107e+19	7.238280e+07
3.076886e+19	7.289202e+07
3.114108e+19	7.340483e+07
3.151778e+19	7.392124e+07
3.189900e+19	7.444128e+07
3.228481e+19	7.496499e+07
3.267526e+19	7.549237e+07
3.307040e+19	7.602347e+07
3.347029e+19	7.655831e+07
3.387499e+19	7.709690e+07
3.428456e+19	7.763929e+07
3.469904e+19	7.818549e+07
3.511851e+19	7.873553e+07
3.554302e+19	7.928945e+07
3.597263e+19	7.984726e+07
3.640741e+19	8.040899e+07
3.684741e+19	8.097468e+07
3.729269e+19	8.154434e+07
3.774333e+19	8.211802e+07
3.819938e+19	8.269573e+07
3.866090e+19	8.327750e+07
3.912798e+19	8.386337e+07
3.960066e+19	8.445336e+07
4.007902e+19	8.504750e+07
4.056313e+19	8.564582e+07
4.105305e+19	8.624835e+07
4.154885e+19	8.685511e+07
4.205061e+19	8.746615e+07
4.255840e+19	8.808148e+07
4.307228e+19	8.870115e+07
4.359233e+19	8.932517e+07
4.411863e+19	8.995358e+07
4.465125e+19	9.058642e+07
4.519026e+19	9.122370e+07
4.573574e+19	9.186547e+07
4.628777e+19	9.251176e+07
4.684642e+19	9.316259e+07
4.741178e+19	9.381800e+07
4.798393e+19	9.447802e+07
4.856294e+19	9.514268e+07
4.914890e+19	9.581202e+07
4.974189e+19	9.648607e+07
5.034200e+19	9.716486e+07
5.094931e+19	9.784843e+07
5.156391e+19	9.853680e+07
5.218588e+19	9.923002e+07
5.281532e+19	9.992811e+07
5.345230e+19	1.006311e+08
5.409693e+19	1.013391e+08
5.474928e+19	1.020520e+08
5.540947e+19	1.027700e+08
5.607757e+19	1.034930e+08
5.675369e+19	1.042210e+08
5.743791e+19	1.049542e+08
5.813034e+19	1.056926e+08
5.883107e+19	1.064362e+08
5.954021e+19	1.071850e+08
6.025785e+19	1.079390e+08
6.098409e+19	1.086984e+08
6.171904e+19	1.094631e+08
6.246281e+19	1.102332e+08
6.321549e+19	1.110087e+08
6.397719e+19	1.117896e+08
6.474802e+19	1.125761e+08
6.552809e+19	1.133681e+08
6.631752e+19	1.141656e+08
6.711640e+19	1.149688e+08
6.792486e+19	1.157776e+08
6.874301e+19	1.165921e+08
6.957096e+19	1.174124e+08
7.040884e+19	1.182384e+08
7.125675e+19	1.190702e+08
7.211483e+19	1.199079e+08
7.298318e+19	1.207514e+08
7.386194e+19	1.216009e+08
7.475123e+19	1.224564e+08
7.565117e+19	1.233179e+08
7.656190e+19	1.241855e+08
7.748353e+19	1.250591e+08
7.841620e+19	1.259389e+08
7.936004e+19	1.268249e+08
8.031519e+19	1.277172e+08
8.128177e+19	1.286157e+08
8.225994e+19	1.295205e+08
8.324981e+19	1.304317e+08
8.425154e+19	1.313493e+08
8.526527e+19	1.322733e+08
8.629113e+19	1.332039e+08
8.732927e+19	1.341410e+08
8.837985e+19	1.350847e+08
8.944300e+19	1.360350e+08
9.051888e+19	1.369921e+08
9.160764e+19	1.379558e+08
9.270944e+19	1.389263e+08
9.382442e+19	1.399037e+08
9.495275e+19	1.408879e+08
9.609458e+19	1.418791e+08
9.725008e+19	1.428772e+08
9.841941e+19	1.438824e+08
9.960273e+19	1.448946e+08
1.008002e+20	1.459140e+08
1.020120e+20	1.469405e+08
1.032383e+20	1.479743e+08
1.044793e+20	1.490153e+08
1.057352e+20	1.500636e+08
1.070060e+20	1.511193e+08
1.082921e+20	1.521825e+08
1.095935e+20	1.532531e+08
1.109105e+20	1.543312e+08
1.122433e+20	1.554170e+08
1.135920e+20	1.565104e+08
1.149569e+20	1.576114e+08
1.163380e+20	1.587202e+08
1.177357e+20	1.598369e+08
1.191501e+20	1.609613e+08
1.205815e+20	1.620937e+08
1.220299e+20	1.632341e+08
1.234956e+20	1.643824e+08
1.249789e+20	1.655389e+08
1.264800e+20	1.667035e+08
1.279989e+20	1.678762e+08
1.295360e+20	1.690573e+08
1.310916e+20	1.702466e+08
1.326657e+20	1.714443e+08
1.342586e+20	1.726504e+08
1.358705e+20	1.738651e+08
1.375018e+20	1.750882e+08
1.391525e+20	1.763200e+08
1.408229e+20	1.775604e+08
1.425134e+20	1.788096e+08
1.442240e+20	1.800675e+08
1.459551e+20	1.813343e+08
1.477068e+20	1.826100e+08
1.494795e+20	1.838947e+08
1.512734e+20	1.851884e+08
1.530887e+20	1.864913e+08
1.549257e+20	1.878032e+08
1.567847e+20	1.891245e+08
1.586658e+20	1.904550e+08
1.605695e+20	1.917948e+08
1.624958e+20	1.931441e+08
1.644452e+20	1.945029e+08
1.664179e+20	1.958713e+08
1.684142e+20	1.972493e+08
1.704342e+20	1.986369e+08
1.724785e+20	2.000344e+08
1.745471e+20	2.014416e+08
1.766404e+20	2.028588e+08
1.787588e+20	2.042859e+08
1.809024e+20	2.057231e+08
1.830717e+20	2.071704e+08
1.852668e+20	2.086279e+08
1.874881e+20	2.100956e+08
1.897360e+20	2.115736e+08
1.920108e+20	2.130621e+08
1.943126e+20	2.145610e+08
1.966420e+20	2.160705e+08
1.989992e+20	2.175905e+08
2.013845e+20	2.191213e+08
2.037983e+20	2.206629e+08
2.062409e+20	2.222152e+08
2.087126e+20	2.237786e+08
2.112139e+20	2.253529e+08
2.137450e+20	2.269382e+08
2.163064e+20	2.285348e+08
2.188983e+20	2.301426e+08
2.215211e+20	2.317616e+08
2.241752e+20	2.333921e+08
2.268611e+20	2.350340e+08
2.295789e+20	2.366875e+08
2.323292e+20	2.383527e+08
2.351123e+20	2.400295e+08
2.379287e+20	2.417181e+08
2.407786e+20	2.434186e+08
2.436625e+20	2.451311e+08
2.465809e+20	2.468557e+08
2.495340e+20	2.485923e+08
2.525224e+20	2.503412e+08
2.555465e+20	2.521024e+08
2.586066e+20	2.538759e+08
2.617032e+20	2.556620e+08
2.648367e+20	2.574606e+08
2.680077e+20	2.592719e+08
2.712164e+20	2.610959e+08
2.744634e+20	2.629327e+08
2.777492e+20	2.647825e+08
2.810741e+20	2.666452e+08
2.844387e+20	2.685211e+08
2.878434e+20	2.704102e+08
2.912887e+20	2.723126e+08
2.947751e+20	2.742283e+08
2.983031e+20	2.761576e+08
3.018731e+20	2.781004e+08
3.054857e+20	2.800568e+08
3.091414e+20	2.820271e+08
3.128406e+20	2.840111e+08
3.165840e+20	2.860092e+08
3.203720e+20	2.880213e+08
3.242051e+20	2.900476e+08
3.280840e+20	2.920881e+08
3.320090e+20	2.941430e+08
3.359809e+20	2.962123e+08
3.400001e+20	2.982962e+08
3.440672e+20	3.003947e+08
3.481828e+20	3.025080e+08
3.523474e+20	3.046362e+08
3.565617e+20	3.067794e+08
3.608262e+20	3.089376e+08
3.651415e+20	3.111110e+08
3.695082e+20	3.132997e+08
3.739270e+20	3.155038e+08
3.783984e+20	3.177234e+08
3.829231e+20	3.199586e+08
3.875017e+20	3.222096e+08
3.921349e+20	3.244764e+08
3.968233e+20	3.267591e+08
4.015675e+20	3.290579e+08
4.063682e+20	3.313729e+08
4.112262e+20	3.337041e+08
4.161420e+20	3.360517e+08
4.211164e+20	3.384159e+08
4.261500e+20	3.407967e+08
4.312436e+20	3.431942e+08
4.363978e+20	3.456087e+08
4.416135e+20	3.480401e+08
4.468912e+20	3.504886e+08
4.522318e+20	3.529543e+08
4.576361e+20	3.554374e+08
4.631047e+20	3.579379e+08
4.686384e+20	3.604560e+08
4.742380e+20	3.629919e+08
4.799043e+20	3.655456e+08
4.856380e+20	3.681172e+08
4.914401e+20	3.707070e+08
4.973112e+20	3.733150e+08
5.032522e+20	3.759413e+08
5.092640e+20	3.785861e+08
5.153473e+20	3.812495e+08
5.215031e+20	3.839316e+08
5.277322e+20	3.866326e+08
5.340354e+20	3.893526e+08
5.404136e+20	3.920917e+08
5.468678e+20	3.948502e+08
5.533988e+20	3.976280e+08
5.600075e+20	4.004253e+08
5.666949e+20	4.032424e+08
5.734619e+20	4.060792e+08
5.803095e+20	4.089360e+08
5.872385e+20	4.118130e+08
5.942500e+20	4.147101e+08
6.013450e+20	4.176276e+08
6.085244e+20	4.205657e+08
6.157892e+20	4.235244e+08
6.231405e+20	4.265040e+08
6.305792e+20	4.295045e+08
6.381065e+20	4.325261e+08
6.457233e+20	4.355690e+08
6.534308e+20	4.386332e+08
6.612300e+20	4.417191e+08
6.691219e+20	4.448266e+08
6.771078e+20	4.479560e+08
6.851887e+20	4.511075e+08
6.933657e+20	4.542810e+08
7.016400e+20	4.574770e+08
7.100127e+20	4.606954e+08
7.184850e+20	4.639364e+08
7.270581e+20	4.672003e+08
7.357332e+20	4.704871e+08
7.445115e+20	4.737970e+08
7.533941e+20	4.771302e+08
7.623825e+20	4.804869e+08
7.714777e+20	4.838672e+08
7.806811e+20	4.872712e+08
7.899940e+20	4.906992e+08
7.994176e+20	4.941514e+08
8.089533e+20	4.976278e+08
8.186024e+20	5.011286e+08
8.283662e+20	5.046541e+08
8.382462e+20	5.082044e+08
8.482436e+20	5.117797e+08
8.583599e+20	5.153802e+08
8.685965e+20	5.190059e+08
8.789548e+20	5.226572e+08
8.894363e+20	5.263341e+08
9.000423e+20	5.300370e+08
9.107745e+20	5.337658e+08
9.216343e+20	5.375209e+08
9.326231e+20	5.413025e+08
9.437427e+20	5.451106e+08
9.549944e+20	5.489455e+08
9.663798e+20	5.528074e+08
9.779006e+20	5.566965e+08
9.895583e+20	5.606129e+08
1.001355e+21	5.645569e+08
1.013291e+21	5.685286e+08
1.025370e+21	5.725283e+08
1.037591e+21	5.765561e+08
1.049959e+21	5.806122e+08
1.062473e+21	5.846969e+08
1.075136e+21	5.888103e+08
1.087949e+21	5.929526e+08
1.100915e+21	5.971241e+08
1.114035e+21	6.013250e+08
1.127310e+21	6.055554e+08
1.140744e+21	6.098155e+08
1.154337e+21	6.141056e+08
1.168091e+21	6.184259e+08
1.182009e+21	6.227766e+08
1.196093e+21	6.271579e+08
1.210343e+21	6.315701e+08
1.224763e+21	6.360132e+08
1.239355e+21	6.404877e+08
1.254119e+21	6.449936e+08
1.269059e+21	6.495312e+08
1.284177e+21	6.541007e+08
1.299474e+21	6.587024e+08
1.314953e+21	6.633364e+08
1.330616e+21	6.680031e+08
1.346464e+21	6.727026e+08
1.362502e+21	6.774351e+08
1.378729e+21	6.822009e+08
1.395149e+21	6.870003e+08
1.411765e+21	6.918334e+08
1.428577e+21	6.967006e+08
1.445590e+21	7.016019e+08
1.462804e+21	7.065378e+08
1.480223e+21	7.115084e+08
1.497849e+21	7.165139e+08
1.515684e+21	7.215547e+08
1.533730e+21	7.266309e+08
1.551991e+21	7.317428e+08
1.570469e+21	7.368907e+08
1.589167e+21	7.420748e+08
1.608086e+21	7.472954e+08
1.627230e+21	7.525527e+08
1.646601e+21	7.578470e+08
1.666203e+21	7.631785e+08
1.686037e+21	7.685476e+08
1.706106e+21	7.739544e+08
1.726414e+21	7.793993e+08
1.746963e+21	7.848824e+08
1.767756e+21	7.904042e+08
1.788796e+21	7.959648e+08
1.810085e+21	8.015645e+08
1.831627e+21	8.072036e+08
1.853425e+21	8.128823e+08
1.875482e+21	8.186011e+08
1.897800e+21	8.243600e+08
1.920384e+21	8.301595e+08
1.943235e+21	8.359998e+08
1.966358e+21	8.418811e+08
1.989755e+21	8.478039e+08
2.013430e+21	8.537683e+08
2.037386e+21	8.597746e+08
2.061626e+21	8.658232e+08
2.086154e+21	8.719144e+08
2.110973e+21	8.780484e+08
2.136086e+21	8.842256e+08
2.161497e+21	8.904462e+08
2.187210e+21	8.967106e+08
2.213228e+21	9.030191e+08
2.239555e+21	9.093719e+08
2.266195e+21	9.157695e+08
2.293150e+21	9.222120e+08
2.320425e+21	9.286999e+08
2.348024e+21	9.352334e+08
2.375950e+21	9.418129e+08
2.404208e+21	9.484386e+08
2.432800e+21	9.551110e+08
2.461732e+21	9.618303e+08
2.491008e+21	9.685969e+08
2.520630e+21	9.754111e+08
2.550604e+21	9.822732e+08
2.580934e+21	9.891836e+08
2.611623e+21	9.961427e+08
2.642677e+21	1.003151e+09
2.674099e+21	1.010208e+09
2.705893e+21	1.017315e+09
2.738065e+21	1.024472e+09
2.770618e+21	1.031679e+09
2.803558e+21	1.038937e+09
2.836888e+21	1.046246e+09
2.870613e+21	1.053607e+09
2.904738e+21	1.061019e+09
2.939268e+21	1.068483e+09
2.974208e+21	1.076000e+09
3.009562e+21	1.083570e+09
3.045335e+21	1.091193e+09
3.081533e+21	1.098870e+09
3.118160e+21	1.106600e+09
3.155221e+21	1.114385e+09
3.192721e+21	1.122225e+09
3.230667e+21	1.130120e+09
3.269062e+21	1.138071e+09
3.307912e+21	1.146077e+09
3.347224e+21	1.154140e+09
3.387001e+21	1.162259e+09
3.427250e+21	1.170436e+09
3.467976e+21	1.178670e+09
3.509185e+21	1.186962e+09
3.550883e+21	1.195313e+09
3.593074e+21	1.203722e+09
3.635767e+21	1.212190e+09
3.678965e+21	1.220718e+09
3.722675e+21	1.229306e+09
3.766904e+21	1.237954e+09
3.811657e+21	1.246663e+09
3.856940e+21	1.255434e+09
3.902760e+21	1.264266e+09
3.949123e+21	1.273160e+09
3.996036e+21	1.282117e+09
4.043505e+21	1.291137e+09
4.091537e+21	1.300220e+09
4.140138e+21	1.309367e+09
4.189315e+21	1.318579e+09
4.239075e+21	1.327855e+09
4.289424e+21	1.337197e+09
4.340371e+21	1.346604e+09
4.391921e+21	1.356078e+09
4.444082e+21	1.365618e+09
4.496861e+21	1.375225e+09
4.550266e+21	1.384900e+09
4.604303e+21	1.394643e+09
4.658981e+21	1.404455e+09
4.714307e+21	1.414335e+09
4.770289e+21	1.424285e+09
4.826934e+21	1.434305e+09
4.884250e+21	1.444396e+09
4.942245e+21	1.454557e+09
5.000928e+21	1.464790e+09
5.060306e+21	1.475095e+09
5.120387e+21	1.485472e+09
5.181180e+21	1.495923e+09
5.242694e+21	1.506447e+09
5.304936e+21	1.517045e+09
5.367916e+21	1.527718e+09
5.431642e+21	1.538465e+09
5.496123e+21	1.549289e+09
5.561367e+21	1.560188e+09
5.627385e+21	1.571164e+09
5.694185e+21	1.582217e+09
5.761776e+21	1.593348e+09
5.830168e+21	1.604558e+09
5.899370e+21	1.615846e+09
5.969392e+21	1.627214e+09
6.040243e+21	1.638661e+09
6.111933e+21	1.650190e+09
6.184473e+21	1.661799e+09
6.257872e+21	1.673490e+09
6.332140e+21	1.685263e+09
6.407288e+21	1.697119e+09
6.483326e+21	1.709058e+09
6.560264e+21	1.721082e+09
6.638114e+21	1.733190e+09
6.716886e+21	1.745383e+09
6.796590e+21	1.757662e+09
6.877239e+21	1.770027e+09
6.958843e+21	1.782480e+09
7.041413e+21	1.795020e+09
7.124961e+21	1.807648e+09
7.209498e+21	1.820365e+09
7.295037e+21	1.833171e+09
7.381588e+21	1.846068e+09
7.469164e+21	1.859055e+09
7.557778e+21	1.872134e+09
7.647440e+21	1.885305e+09
7.738165e+21	1.898568e+09
7.829963e+21	1.911925e+09
7.922849e+21	1.925375e+09
8.016834e+21	1.938920e+09
8.111932e+21	1.952561e+09
8.208156e+21	1.966298e+09
8.305519e+21	1.980131e+09
8.404035e+21	1.994061e+09
8.503717e+21	2.008090e+09
8.604580e+21	2.022217e+09
8.706636e+21	2.036443e+09
8.809901e+21	2.050770e+09
8.914388e+21	2.065197e+09
9.020113e+21	2.079726e+09
9.127088e+21	2.094357e+09
9.235331e+21	2.109091e+09
9.344854e+21	2.123929e+09
9.455674e+21	2.138871e+09
9.567806e+21	2.153918e+09
9.681265e+21	2.169071e+09
9.796067e+21	2.184331e+09
9.912228e+21	2.199698e+09
1.002976e+22	2.215173e+09
1.014869e+22	2.230757e+09
1.026902e+22	2.246451e+09
1.039078e+22	2.262255e+09
1.051398e+22	2.278170e+09
1.063864e+22	2.294197e+09
1.076478e+22	2.310337e+09
1.089240e+22	2.326591e+09
1.102154e+22	2.342959e+09
1.115220e+22	2.359442e+09
1.128441e+22	2.376041e+09
1.141819e+22	2.392756e+09
1.155355e+22	2.409590e+09
1.169051e+22	2.426541e+09
1.182909e+22	2.443612e+09
1.196931e+22	2.460803e+09
1.211119e+22	2.478115e+09
1.225475e+22	2.495549e+09
1.240001e+22	2.513106e+09
1.254699e+22	2.530786e+09
1.269571e+22	2.548590e+09
1.284618e+22	2.566520e+09
1.299844e+22	2.584576e+09
1.315250e+22	2.602758e+09
1.330838e+22	2.621069e+09
1.346610e+22	2.639509e+09
1.362569e+22	2.658078e+09
1.378717e+22	2.676778e+09
1.395056e+22	2.695609e+09
1.411588e+22	2.714573e+09
1.428316e+22	2.733670e+09
1.445242e+22	2.752902e+09
1.462368e+22	2.772269e+09
1.479696e+22	2.791772e+09
1.497230e+22	2.811413e+09
1.514971e+22	2.831191e+09
1.532922e+22	2.851109e+09
1.551085e+22	2.871167e+09
1.569463e+22	2.891366e+09
1.588059e+22	2.911707e+09
1.606874e+22	2.932191e+09
1.625912e+22	2.952820e+09
1.645175e+22	2.973593e+09
1.664666e+22	2.994513e+09
1.684388e+22	3.015579e+09
1.704343e+22	3.036794e+09
1.724533e+22	3.058159e+09
1.744963e+22	3.079673e+09
1.765634e+22	3.101339e+09
1.786550e+22	3.123157e+09
1.807713e+22	3.145129e+09
1.829127e+22	3.167255e+09
1.850793e+22	3.189537e+09
1.872716e+22	3.211976e+09
1.894898e+22	3.234573e+09
1.917343e+22	3.257328e+09
1.940053e+22	3.280244e+09
1.963031e+22	3.303321e+09
1.986282e+22	3.326560e+09
2.009807e+22	3.349963e+09
2.033610e+22	3.373530e+09
2.057695e+22	3.397263e+09
2.082065e+22	3.421164e+09
2.106722e+22	3.445232e+09
2.131672e+22	3.469470e+09
2.156916e+22	3.493878e+09
2.182459e+22	3.518457e+09
2.208304e+22	3.543210e+09
2.234454e+22	3.568137e+09
2.260914e+22	3.593239e+09
2.287687e+22	3.618518e+09
2.314776e+22	3.643975e+09
2.342185e+22	3.669611e+09
2.369918e+22	3.695427e+09
2.397980e+22	3.721425e+09
2.426373e+22	3.747605e+09
2.455101e+22	3.773970e+09
2.484170e+22	3.800520e+09
2.513582e+22	3.827258e+09
2.543342e+22	3.854183e+09
2.573453e+22	3.881297e+09
2.603921e+22	3.908603e+09
2.634748e+22	3.936100e+09
2.665940e+22	3.963791e+09
2.697501e+22	3.991677e+09
2.729435e+22	4.019759e+09
2.761747e+22	4.048038e+09
2.794440e+22	4.076517e+09
2.827520e+22	4.105196e+09
2.860990e+22	4.134076e+09
2.894857e+22	4.163160e+09
2.929124e+22	4.192448e+09
2.963795e+22	4.221942e+09
2.998877e+22	4.251644e+09
3.034373e+22	4.281555e+09
3.070289e+22	4.311676e+09
3.106629e+22	4.342010e+09
3.143399e+22	4.372556e+09
3.180604e+22	4.403317e+09
3.218248e+22	4.434295e+09
3.256337e+22	4.465491e+09
3.294876e+22	4.496906e+09
3.333870e+22	4.528543e+09
3.373326e+22	4.560401e+09
3.413248e+22	4.592484e+09
3.453641e+22	4.624793e+09
3.494512e+22	4.657329e+09
3.535866e+22	4.690094e+09
3.577708e+22	4.723089e+09
3.620045e+22	4.756317e+09
3.662883e+22	4.789778e+09
3.706226e+22	4.823475e+09
3.750082e+22	4.857408e+09
3.794456e+22	4.891581e+09
3.839354e+22	4.925994e+09
3.884783e+22	4.960649e+09
3.930749e+22	4.995547e+09
3.977258e+22	5.030692e+09
4.024316e+22	5.066083e+09
4.071930e+22	5.101724e+09
4.120107e+22	5.137615e+09
4.168853e+22	5.173759e+09
4.218175e+22	5.210157e+09
4.268080e+22	5.246811e+09
4.318575e+22	5.283722e+09
4.369666e+22	5.320894e+09
4.421360e+22	5.358327e+09
4.473666e+22	5.396024e+09
4.526589e+22	5.433985e+09
4.580138e+22	5.472214e+09
4.634319e+22	5.510712e+09
4.689140e+22	5.549480e+09
4.744609e+22	5.588521e+09
4.800734e+22	5.627837e+09
4.857521e+22	5.667430e+09
4.914979e+22	5.707301e+09
4.973116e+22	5.747452e+09
5.031940e+22	5.787886e+09
5.091458e+22	5.828605e+09
5.151680e+22	5.869610e+09
5.212613e+22	5.910903e+09
5.274266e+22	5.952487e+09
5.336647e+22	5.994364e+09
5.399765e+22	6.036535e+09
5.463628e+22	6.079002e+09
5.528246e+22	6.121769e+09
5.593627e+22	6.164836e+09
5.659781e+22	6.208206e+09
5.726716e+22	6.251882e+09
5.794441e+22	6.295865e+09
5.862966e+22	6.340157e+09
5.932301e+22	6.384761e+09
6.002454e+22	6.429678e+09
6.073436e+22	6.474912e+09
6.145257e+22	6.520463e+09
6.217925e+22	6.566336e+09
6.291452e+22	6.612531e+09
6.365848e+22	6.659050e+09
6.441122e+22	6.705898e+09
6.517284e+22	6.753074e+09
6.594347e+22	6.800583e+09
6.672319e+22	6.848426e+09
6.751213e+22	6.896606e+09
6.831038e+22	6.945124e+09
6.911805e+22	6.993984e+09
6.993527e+22	7.043187e+09
7.076213e+22	7.092737e+09
7.159876e+22	7.142635e+09
7.244527e+22	7.192884e+09
7.330177e+22	7.243487e+09
7.416839e+22	7.294446e+09
7.504525e+22	7.345763e+09
7.593245e+22	7.397441e+09
7.683014e+22	7.449483e+09
7.773842e+22	7.501891e+09
7.865743e+22	7.554668e+09
7.958729e+22	7.607816e+09
8.052812e+22	7.661338e+09
8.148007e+22	7.715236e+09
8.244326e+22	7.769514e+09
8.341782e+22	7.824173e+09
8.440389e+22	7.879217e+09
8.540159e+22	7.934648e+09
8.641108e+22	7.990470e+09
8.743249e+22	8.046684e+09
8.846596e+22	8.103293e+09
8.951163e+22	8.160301e+09
9.056964e+22	8.217709e+09
9.164015e+22	8.275522e+09
9.272329e+22	8.333741e+09
9.381922e+22	8.392370e+09
9.492809e+22	8.451411e+09
9.605005e+22	8.510868e+09
9.718526e+22	8.570743e+09
9.833386e+22	8.631039e+09
9.949603e+22	8.691759e+09
1.006719e+23	8.752907e+09
1.018617e+23	8.814485e+09
1.030655e+23	8.876496e+09
1.042835e+23	8.938943e+09
1.055159e+23	9.001829e+09
1.067629e+23	9.065158e+09
1.080245e+23	9.128933e+09
1.093011e+23	9.193156e+09
1.105927e+23	9.257831e+09
1.118996e+23	9.322961e+09
1.132219e+23	9.388549e+09
1.145598e+23	9.454598e+09
1.159135e+23	9.521112e+09
1.172832e+23	9.588095e+09
1.186691e+23	9.655548e+09
1.200713e+23	9.723476e+09
1.214900e+23	9.791882e+09
1.229256e+23	9.860769e+09
1.243780e+23	9.930140e+09
1.258476e+23	1.000000e+10