# Zeng et al. (2021) mantle EOS (Holzapfel EOS)
# Pressure (Pa)	Density (kg m-3)
0.000000e+00	4.000000e+03
1.496409e+09	4.029587e+03
3.038459e+09	4.059393e+03
4.627150e+09	4.089420e+03
6.263501e+09	4.119669e+03
7.948550e+09	4.150141e+03
9.683354e+09	4.180839e+03
1.146899e+10	4.211764e+03
1.330655e+10	4.242917e+03
1.519716e+10	4.274301e+03
1.714196e+10	4.305917e+03
1.914209e+10	4.337767e+03
2.119875e+10	4.369853e+03
2.331313e+10	4.402176e+03
2.548646e+10	4.434738e+03
2.771998e+10	4.467541e+03
3.001497e+10	4.500587e+03
3.237272e+10	4.533877e+03
3.479453e+10	4.567413e+03
3.728176e+10	4.601197e+03
3.983577e+10	4.635231e+03
4.245794e+10	4.669517e+03
4.514970e+10	4.704057e+03
4.791247e+10	4.738852e+03
5.074774e+10	4.773904e+03
5.365698e+10	4.809216e+03
5.664172e+10	4.844788e+03
5.970351e+10	4.880624e+03
6.284392e+10	4.916725e+03
6.606456e+10	4.953094e+03
6.936705e+10	4.989731e+03
7.275305e+10	5.026639e+03
7.622427e+10	5.063820e+03
7.978241e+10	5.101276e+03
8.342924e+10	5.139009e+03
8.716652e+10	5.177021e+03
9.099609e+10	5.215315e+03
9.491977e+10	5.253891e+03
9.893946e+10	5.292753e+03
1.030571e+11	5.331903e+03
1.072745e+11	5.371342e+03
1.115938e+11	5.411073e+03
1.160170e+11	5.451097e+03
1.205461e+11	5.491418e+03
1.251832e+11	5.532037e+03
1.299303e+11	5.572957e+03
1.347898e+11	5.614179e+03
1.397638e+11	5.655706e+03
1.448544e+11	5.697540e+03
1.500641e+11	5.739683e+03
1.553950e+11	5.782139e+03
1.608497e+11	5.824908e+03
1.664304e+11	5.867994e+03
1.721396e+11	5.911398e+03
1.779797e+11	5.955124e+03
1.839534e+11	5.999173e+03
1.900631e+11	6.043547e+03
1.963116e+11	6.088250e+03
2.027013e+11	6.133284e+03
2.092352e+11	6.178651e+03
2.159158e+11	6.224353e+03
2.227460e+11	6.270393e+03
2.297286e+11	6.316774e+03
2.368666e+11	6.363498e+03
2.441628e+11	6.410568e+03
2.516203e+11	6.457985e+03
2.592421e+11	6.505754e+03
2.670313e+11	6.553876e+03
2.749911e+11	6.602353e+03
2.831246e+11	6.651190e+03
2.914351e+11	6.700387e+03
2.999260e+11	6.749949e+03
3.086005e+11	6.799877e+03
3.174622e+11	6.850174e+03
3.265145e+11	6.900844e+03
3.357609e+11	6.951888e+03
3.452051e+11	7.003310e+03
3.548507e+11	7.055112e+03
3.647014e+11	7.107297e+03
3.747610e+11	7.159868e+03
3.850334e+11	7.212829e+03
3.955226e+11	7.266181e+03
4.062324e+11	7.319927e+03
4.171669e+11	7.374071e+03
4.283302e+11	7.428616e+03
4.397266e+11	7.483564e+03
4.513603e+11	7.538918e+03
4.632355e+11	7.594682e+03
4.753568e+11	7.650859e+03
4.877285e+11	7.707451e+03
5.003553e+11	7.764461e+03
5.132417e+11	7.821893e+03
5.263924e+11	7.879750e+03
5.398122e+11	7.938035e+03
5.535061e+11	7.996751e+03
5.674788e+11	8.055902e+03
5.817354e+11	8.115490e+03
5.962811e+11	8.175519e+03
6.111209e+11	8.235991e+03
6.262602e+11	8.296911e+03
6.417044e+11	8.358282e+03
6.574588e+11	8.420107e+03
6.735290e+11	8.482389e+03
6.899207e+11	8.545131e+03
7.066395e+11	8.608338e+03
7.236912e+11	8.672012e+03
7.410819e+11	8.736157e+03
7.588173e+11	8.800777e+03
7.769037e+11	8.865875e+03
7.953473e+11	8.931454e+03
8.141544e+11	8.997518e+03
8.333313e+11	9.064071e+03
8.528846e+11	9.131116e+03
8.728208e+11	9.198657e+03
8.931468e+11	9.266698e+03
9.138692e+11	9.335242e+03
9.349952e+11	9.404293e+03
9.565317e+11	9.473855e+03
9.784858e+11	9.543931e+03
1.000865e+12	9.614526e+03
1.023676e+12	9.685642e+03
1.046928e+12	9.757285e+03
1.070627e+12	9.829458e+03
1.094781e+12	9.902165e+03
1.119398e+12	9.975409e+03
1.144487e+12	1.004920e+04
1.170055e+12	1.012353e+04
1.196110e+12	1.019841e+04
1.222662e+12	1.027384e+04
1.249718e+12	1.034984e+04
1.277287e+12	1.042639e+04
1.305379e+12	1.050352e+04
1.334001e+12	1.058121e+04
1.363164e+12	1.065948e+04
1.392875e+12	1.073832e+04
1.423146e+12	1.081775e+04
1.453985e+12	1.089777e+04
1.485402e+12	1.097838e+04
1.517407e+12	1.105958e+04
1.550009e+12	1.114139e+04
1.583220e+12	1.122380e+04
1.617049e+12	1.130682e+04
1.651507e+12	1.139045e+04
1.686604e+12	1.147471e+04
1.722352e+12	1.155958e+04
1.758761e+12	1.164509e+04
1.795842e+12	1.173122e+04
1.833607e+12	1.181800e+04
1.872068e+12	1.190541e+04
1.911236e+12	1.199347e+04
1.951122e+12	1.208219e+04
1.991740e+12	1.217156e+04
2.033101e+12	1.226159e+04
2.075217e+12	1.235228e+04
2.118103e+12	1.244365e+04
2.161769e+12	1.253569e+04
2.206230e+12	1.262842e+04
2.251498e+12	1.272183e+04
2.297587e+12	1.281593e+04
2.344511e+12	1.291073e+04
2.392284e+12	1.300622e+04
2.440919e+12	1.310243e+04
2.490431e+12	1.319934e+04
2.540835e+12	1.329698e+04
2.592146e+12	1.339533e+04
2.644377e+12	1.349442e+04
2.697546e+12	1.359423e+04
2.751666e+12	1.369479e+04
2.806754e+12	1.379608e+04
2.862827e+12	1.389813e+04
2.919899e+12	1.400093e+04
2.977987e+12	1.410449e+04
3.037109e+12	1.420882e+04
3.097281e+12	1.431392e+04
3.158520e+12	1.441980e+04
3.220845e+12	1.452646e+04
3.284272e+12	1.463391e+04
3.348819e+12	1.474215e+04
3.414506e+12	1.485120e+04
3.481351e+12	1.496105e+04
3.549372e+12	1.507171e+04
3.618588e+12	1.518320e+04
3.689020e+12	1.529550e+04
3.760687e+12	1.540864e+04
3.833609e+12	1.552262e+04
3.907807e+12	1.563743e+04
3.983301e+12	1.575310e+04
4.060112e+12	1.586962e+04
4.138262e+12	1.598701e+04
4.217772e+12	1.610526e+04
4.298664e+12	1.622439e+04
4.380961e+12	1.634440e+04
4.464685e+12	1.646529e+04
4.549859e+12	1.658708e+04
4.636508e+12	1.670978e+04
4.724653e+12	1.683337e+04
4.814320e+12	1.695789e+04
4.905534e+12	1.708332e+04
4.998317e+12	1.720968e+04
5.092698e+12	1.733698e+04
5.188699e+12	1.746522e+04
5.286349e+12	1.759441e+04
5.385672e+12	1.772455e+04
5.486696e+12	1.785565e+04
5.589448e+12	1.798773e+04
5.693956e+12	1.812078e+04
5.800247e+12	1.825482e+04
5.908351e+12	1.838984e+04
6.018295e+12	1.852587e+04
6.130110e+12	1.866290e+04
6.243824e+12	1.880095e+04
6.359469e+12	1.894002e+04
6.477074e+12	1.908011e+04
6.596672e+12	1.922124e+04
6.718293e+12	1.936342e+04
6.841969e+12	1.950665e+04
6.967734e+12	1.965093e+04
7.095620e+12	1.979629e+04
7.225661e+12	1.994272e+04
7.357890e+12	2.009023e+04
7.492343e+12	2.023883e+04
7.629054e+12	2.038854e+04
7.768059e+12	2.053935e+04
7.909394e+12	2.069127e+04
8.053095e+12	2.084432e+04
8.199201e+12	2.099850e+04
8.347748e+12	2.115382e+04
8.498775e+12	2.131029e+04
8.652321e+12	2.146792e+04
8.808426e+12	2.162672e+04
8.967129e+12	2.178669e+04
9.128471e+12	2.194784e+04
9.292494e+12	2.211018e+04
9.459239e+12	2.227373e+04
9.628748e+12	2.243848e+04
9.801066e+12	2.260445e+04
9.976236e+12	2.277165e+04
1.015430e+13	2.294009e+04
1.033531e+13	2.310978e+04
1.051930e+13	2.328071e+04
1.070633e+13	2.345292e+04
1.089644e+13	2.362639e+04
1.108968e+13	2.380115e+04
1.128609e+13	2.397721e+04
1.148573e+13	2.415456e+04
1.168865e+13	2.433323e+04
1.189489e+13	2.451322e+04
1.210451e+13	2.469454e+04
1.231756e+13	2.487720e+04
1.253410e+13	2.506121e+04
1.275417e+13	2.524658e+04
1.297784e+13	2.543332e+04
1.320516e+13	2.562145e+04
1.343617e+13	2.581097e+04
1.367095e+13	2.600189e+04
1.390955e+13	2.619422e+04
1.415202e+13	2.638797e+04
1.439844e+13	2.658316e+04
1.464885e+13	2.677979e+04
1.490331e+13	2.697787e+04
1.516190e+13	2.717742e+04
1.542468e+13	2.737845e+04
1.569170e+13	2.758096e+04
1.596303e+13	2.778497e+04
1.623875e+13	2.799049e+04
1.651891e+13	2.819753e+04
1.680359e+13	2.840611e+04
1.709285e+13	2.861622e+04
1.738676e+13	2.882789e+04
1.768539e+13	2.904112e+04
1.798883e+13	2.925593e+04
1.829713e+13	2.947233e+04
1.861037e+13	2.969034e+04
1.892864e+13	2.990995e+04
1.925200e+13	3.013119e+04
1.958053e+13	3.035406e+04
1.991431e+13	3.057859e+04
2.025342e+13	3.080477e+04
2.059795e+13	3.103263e+04
2.094796e+13	3.126217e+04
2.130356e+13	3.149341e+04
2.166481e+13	3.172636e+04
2.203181e+13	3.196103e+04
2.240465e+13	3.219744e+04
2.278340e+13	3.243560e+04
2.316817e+13	3.267552e+04
2.355904e+13	3.291722e+04
2.395610e+13	3.316070e+04
2.435945e+13	3.340598e+04
2.476919e+13	3.365308e+04
2.518540e+13	3.390200e+04
2.560818e+13	3.415277e+04
2.603764e+13	3.440539e+04
2.647388e+13	3.465988e+04
2.691699e+13	3.491625e+04
2.736708e+13	3.517452e+04
2.782426e+13	3.543470e+04
2.828862e+13	3.569681e+04
2.876029e+13	3.596085e+04
2.923936e+13	3.622684e+04
2.972595e+13	3.649481e+04
3.022018e+13	3.676475e+04
3.072215e+13	3.703669e+04
3.123197e+13	3.731065e+04
3.174978e+13	3.758663e+04
3.227569e+13	3.786465e+04
3.280981e+13	3.814473e+04
3.335228e+13	3.842688e+04
3.390321e+13	3.871111e+04
3.446273e+13	3.899745e+04
3.503097e+13	3.928591e+04
3.560806e+13	3.957650e+04
3.619413e+13	3.986924e+04
3.678931e+13	4.016414e+04
3.739375e+13	4.046123e+04
3.800757e+13	4.076051e+04
3.863092e+13	4.106201e+04
3.926393e+13	4.136574e+04
3.990676e+13	4.167171e+04
4.055954e+13	4.197995e+04
4.122243e+13	4.229047e+04
4.189556e+13	4.260328e+04
4.257911e+13	4.291841e+04
4.327321e+13	4.323587e+04
4.397803e+13	4.355568e+04
4.469372e+13	4.387785e+04
4.542044e+13	4.420241e+04
4.615836e+13	4.452936e+04
4.690764e+13	4.485874e+04
4.766845e+13	4.519055e+04
4.844096e+13	4.552481e+04
4.922534e+13	4.586155e+04
5.002176e+13	4.620078e+04
5.083041e+13	4.654252e+04
5.165146e+13	4.688679e+04
5.248510e+13	4.723360e+04
5.333150e+13	4.758298e+04
5.419087e+13	4.793494e+04
5.506338e+13	4.828950e+04
5.594922e+13	4.864669e+04
5.684861e+13	4.900652e+04
5.776173e+13	4.936901e+04
5.868878e+13	4.973419e+04
5.962998e+13	5.010206e+04
6.058552e+13	5.047266e+04
6.155561e+13	5.084599e+04
6.254048e+13	5.122209e+04
6.354032e+13	5.160097e+04
6.455537e+13	5.198265e+04
6.558585e+13	5.236716e+04
6.663198e+13	5.275451e+04
6.769398e+13	5.314472e+04
6.877209e+13	5.353783e+04
6.986655e+13	5.393384e+04
7.097759e+13	5.433277e+04
7.210546e+13	5.473466e+04
7.325039e+13	5.513952e+04
7.441264e+13	5.554738e+04
7.559246e+13	5.595825e+04
7.679010e+13	5.637217e+04
7.800582e+13	5.678914e+04
7.923989e+13	5.720920e+04
8.049257e+13	5.763236e+04
8.176413e+13	5.805866e+04
8.305484e+13	5.848811e+04
8.436499e+13	5.892073e+04
8.569484e+13	5.935656e+04
8.704470e+13	5.979561e+04
8.841485e+13	6.023790e+04
8.980558e+13	6.068347e+04
9.121718e+13	6.113234e+04
9.264997e+13	6.158452e+04
9.410424e+13	6.204005e+04
9.558031e+13	6.249895e+04
9.707850e+13	6.296124e+04
9.859911e+13	6.342695e+04
1.001425e+14	6.389611e+04
1.017089e+14	6.436874e+04
1.032988e+14	6.484486e+04
1.049124e+14	6.532451e+04
1.065501e+14	6.580770e+04
1.082122e+14	6.629447e+04
1.098992e+14	6.678483e+04
1.116113e+14	6.727883e+04
1.133489e+14	6.777648e+04
1.151123e+14	6.827781e+04
1.169020e+14	6.878284e+04
1.187184e+14	6.929162e+04
1.205617e+14	6.980415e+04
1.224325e+14	7.032048e+04
1.243310e+14	7.084063e+04
1.262577e+14	7.136462e+04
1.282130e+14	7.189249e+04
1.301973e+14	7.242427e+04
1.322110e+14	7.295998e+04
1.342545e+14	7.349965e+04
1.363283e+14	7.404331e+04
1.384327e+14	7.459099e+04
1.405684e+14	7.514273e+04
1.427355e+14	7.569855e+04
1.449347e+14	7.625847e+04
1.471664e+14	7.682254e+04
1.494310e+14	7.739078e+04
1.517291e+14	7.796323e+04
1.540610e+14	7.853991e+04
1.564273e+14	7.912085e+04
1.588285e+14	7.970609e+04
1.612650e+14	8.029566e+04
1.637374e+14	8.088960e+04
1.662462e+14	8.148792e+04
1.687918e+14	8.209067e+04
1.713749e+14	8.269788e+04
1.739959e+14	8.330958e+04
1.766554e+14	8.392581e+04
1.793539e+14	8.454659e+04
1.820920e+14	8.517196e+04
1.848702e+14	8.580196e+04
1.876892e+14	8.643663e+04
1.905494e+14	8.707598e+04
1.934516e+14	8.772006e+04
1.963962e+14	8.836891e+04
1.993838e+14	8.902256e+04
2.024152e+14	8.968104e+04
2.054908e+14	9.034440e+04
2.086114e+14	9.101266e+04
2.117775e+14	9.168586e+04
2.149899e+14	9.236404e+04
2.182491e+14	9.304724e+04
2.215558e+14	9.373549e+04
2.249107e+14	9.442884e+04
2.283144e+14	9.512731e+04
2.317678e+14	9.583095e+04
2.352714e+14	9.653979e+04
2.388259e+14	9.725388e+04
2.424321e+14	9.797325e+04
2.460908e+14	9.869794e+04
2.498026e+14	9.942798e+04
2.535683e+14	1.001634e+05
2.573886e+14	1.009043e+05
2.612644e+14	1.016507e+05
2.651964e+14	1.024026e+05
2.691854e+14	1.031600e+05
2.732321e+14	1.039231e+05
2.773375e+14	1.046918e+05
2.815023e+14	1.054662e+05
2.857274e+14	1.062463e+05
2.900135e+14	1.070322e+05
2.943617e+14	1.078239e+05
2.987727e+14	1.086214e+05
3.032474e+14	1.094249e+05
3.077867e+14	1.102343e+05
3.123915e+14	1.110496e+05
3.170627e+14	1.118711e+05
3.218013e+14	1.126986e+05
3.266082e+14	1.135322e+05
3.314844e+14	1.143719e+05
3.364308e+14	1.152179e+05
3.414484e+14	1.160702e+05
3.465382e+14	1.169287e+05
3.517012e+14	1.177936e+05
3.569385e+14	1.186649e+05
3.622510e+14	1.195427e+05
3.676399e+14	1.204269e+05
3.731061e+14	1.213177e+05
3.786508e+14	1.222150e+05
3.842751e+14	1.231190e+05
3.899800e+14	1.240297e+05
3.957667e+14	1.249471e+05
4.016363e+14	1.258713e+05
4.075901e+14	1.268024e+05
4.136291e+14	1.277403e+05
4.197545e+14	1.286852e+05
4.259676e+14	1.296371e+05
4.322695e+14	1.305960e+05
4.386616e+14	1.315620e+05
4.451450e+14	1.325351e+05
4.517210e+14	1.335154e+05
4.583909e+14	1.345030e+05
4.651560e+14	1.354979e+05
4.720177e+14	1.365002e+05
4.789772e+14	1.375098e+05
4.860360e+14	1.385270e+05
4.931953e+14	1.395516e+05
5.004567e+14	1.405839e+05
5.078214e+14	1.416237e+05
5.152911e+14	1.426713e+05
5.228670e+14	1.437266e+05
5.305506e+14	1.447897e+05
5.383436e+14	1.458607e+05
5.462473e+14	1.469396e+05
5.542633e+14	1.480265e+05
5.623932e+14	1.491214e+05
5.706385e+14	1.502244e+05
5.790008e+14	1.513356e+05
5.874817e+14	1.524550e+05
5.960830e+14	1.535827e+05
6.048062e+14	1.547187e+05
6.136530e+14	1.558631e+05
6.226251e+14	1.570160e+05
6.317243e+14	1.581774e+05
6.409523e+14	1.593475e+05
6.503109e+14	1.605261e+05
6.598019e+14	1.617135e+05
6.694271e+14	1.629097e+05
6.791883e+14	1.641147e+05
6.890875e+14	1.653286e+05
6.991265e+14	1.665515e+05
7.093073e+14	1.677835e+05
7.196318e+14	1.690245e+05
7.301019e+14	1.702748e+05
7.407198e+14	1.715342e+05
7.514873e+14	1.728031e+05
7.624067e+14	1.740812e+05
7.734798e+14	1.753689e+05
7.847090e+14	1.766661e+05
7.960963e+14	1.779728e+05
8.076438e+14	1.792893e+05
8.193539e+14	1.806154e+05
8.312286e+14	1.819514e+05
8.432704e+14	1.832973e+05
8.554813e+14	1.846531e+05
8.678639e+14	1.860189e+05
8.804204e+14	1.873949e+05
8.931532e+14	1.887810e+05
9.060648e+14	1.901774e+05
9.191575e+14	1.915841e+05
9.324339e+14	1.930012e+05
9.458964e+14	1.944288e+05
9.595477e+14	1.958669e+05
9.733903e+14	1.973157e+05
9.874267e+14	1.987752e+05
1.001660e+15	2.002455e+05
1.016092e+15	2.017267e+05
1.030726e+15	2.032188e+05
1.045565e+15	2.047220e+05
1.060612e+15	2.062363e+05
1.075869e+15	2.077618e+05
1.091339e+15	2.092986e+05
1.107025e+15	2.108467e+05
1.122931e+15	2.124063e+05
1.139058e+15	2.139774e+05
1.155411e+15	2.155602e+05
1.171991e+15	2.171546e+05
1.188803e+15	2.187609e+05
1.205850e+15	2.203790e+05
1.223134e+15	2.220091e+05
1.240659e+15	2.236513e+05
1.258428e+15	2.253056e+05
1.276445e+15	2.269721e+05
1.294712e+15	2.286510e+05
1.313234e+15	2.303423e+05
1.332013e+15	2.320461e+05
1.351053e+15	2.337625e+05
1.370359e+15	2.354916e+05
1.389932e+15	2.372335e+05
1.409778e+15	2.389882e+05
1.429899e+15	2.407560e+05
1.450300e+15	2.425368e+05
1.470984e+15	2.443308e+05
1.491955e+15	2.461381e+05
1.513217e+15	2.479587e+05
1.534774e+15	2.497928e+05
1.556630e+15	2.516405e+05
1.578789e+15	2.535018e+05
1.601255e+15	2.553769e+05
1.624032e+15	2.572659e+05
1.647125e+15	2.591688e+05
1.670537e+15	2.610859e+05
1.694274e+15	2.630171e+05
1.718339e+15	2.649625e+05
1.742736e+15	2.669224e+05
1.767472e+15	2.688968e+05
1.792549e+15	2.708858e+05
1.817972e+15	2.728895e+05
1.843747e+15	2.749080e+05
1.869878e+15	2.769414e+05
1.896370e+15	2.789899e+05
1.923228e+15	2.810535e+05
1.950456e+15	2.831324e+05
1.978060e+15	2.852267e+05
2.006044e+15	2.873365e+05
2.034415e+15	2.894618e+05
2.063176e+15	2.916029e+05
2.092334e+15	2.937599e+05
2.121894e+15	2.959328e+05
2.151860e+15	2.981217e+05
2.182240e+15	3.003269e+05
2.213037e+15	3.025483e+05
2.244258e+15	3.047862e+05
2.275909e+15	3.070407e+05
2.307995e+15	3.093118e+05
2.340522e+15	3.115997e+05
2.373497e+15	3.139045e+05
2.406924e+15	3.162264e+05
2.440811e+15	3.185655e+05
2.475163e+15	3.209219e+05
2.509987e+15	3.232957e+05
2.545289e+15	3.256870e+05
2.581075e+15	3.280961e+05
2.617352e+15	3.305229e+05
2.654127e+15	3.329677e+05
2.691406e+15	3.354306e+05
2.729196e+15	3.379118e+05
2.767504e+15	3.404112e+05
2.806337e+15	3.429292e+05
2.845701e+15	3.454658e+05
2.885605e+15	3.480211e+05
2.926055e+15	3.505954e+05
2.967058e+15	3.531886e+05
3.008623e+15	3.558011e+05
3.050756e+15	3.584329e+05
3.093465e+15	3.610842e+05
3.136758e+15	3.637550e+05
3.180643e+15	3.664457e+05
3.225127e+15	3.691562e+05
3.270219e+15	3.718868e+05
3.315927e+15	3.746375e+05
3.362259e+15	3.774087e+05
3.409223e+15	3.802003e+05
3.456829e+15	3.830125e+05
3.505083e+15	3.858456e+05
3.553996e+15	3.886996e+05
3.603576e+15	3.915748e+05
3.653832e+15	3.944712e+05
3.704773e+15	3.973890e+05
3.756407e+15	4.003284e+05
3.808746e+15	4.032896e+05
3.861796e+15	4.062726e+05
3.915570e+15	4.092777e+05
3.970075e+15	4.123051e+05
4.025322e+15	4.153548e+05
4.081320e+15	4.184271e+05
4.138080e+15	4.215222e+05
4.195612e+15	4.246401e+05
4.253926e+15	4.277811e+05
4.313032e+15	4.309453e+05
4.372942e+15	4.341329e+05
4.433666e+15	4.373441e+05
4.495214e+15	4.405790e+05
4.557598e+15	4.438379e+05
4.620828e+15	4.471209e+05
4.684917e+15	4.504282e+05
4.749876e+15	4.537599e+05
4.815715e+15	4.571163e+05
4.882448e+15	4.604975e+05
4.950085e+15	4.639037e+05
5.018639e+15	4.673351e+05
5.088122e+15	4.707919e+05
5.158546e+15	4.742742e+05
5.229924e+15	4.777824e+05
5.302269e+15	4.813164e+05
5.375593e+15	4.848766e+05
5.449910e+15	4.884632e+05
5.525233e+15	4.920762e+05
5.601574e+15	4.957160e+05
5.678948e+15	4.993827e+05
5.757369e+15	5.030766e+05
5.836849e+15	5.067977e+05
5.917404e+15	5.105464e+05
5.999048e+15	5.143228e+05
6.081794e+15	5.181272e+05
6.165658e+15	5.219597e+05
6.250655e+15	5.258205e+05
6.336799e+15	5.297099e+05
6.424106e+15	5.336281e+05
6.512591e+15	5.375752e+05
6.602270e+15	5.415516e+05
6.693158e+15	5.455573e+05
6.785273e+15	5.495927e+05
6.878629e+15	5.536579e+05
6.973243e+15	5.577532e+05
7.069133e+15	5.618788e+05
7.166315e+15	5.660349e+05
7.264805e+15	5.702218e+05
7.364622e+15	5.744396e+05
7.465783e+15	5.786886e+05
7.568306e+15	5.829691e+05
7.672209e+15	5.872812e+05
7.777510e+15	5.916252e+05
7.884227e+15	5.960013e+05
7.992379e+15	6.004098e+05
8.101986e+15	6.048509e+05
8.213067e+15	6.093249e+05
8.325640e+15	6.138320e+05
8.439726e+15	6.183724e+05
8.555345e+15	6.229463e+05
8.672517e+15	6.275542e+05
8.791263e+15	6.321961e+05
8.911603e+15	6.368723e+05
9.033558e+15	6.415831e+05
9.157150e+15	6.463288e+05
9.282400e+15	6.511095e+05
9.409331e+15	6.559257e+05
9.537964e+15	6.607774e+05
9.668322e+15	6.656651e+05
9.800427e+15	6.705889e+05
9.934303e+15	6.755491e+05
1.006997e+16	6.805460e+05
1.020746e+16	6.855799e+05
1.034679e+16	6.906510e+05
1.048799e+16	6.957596e+05
1.063107e+16	7.009060e+05
1.077608e+16	7.060904e+05
1.092302e+16	7.113133e+05
1.107193e+16	7.165747e+05
1.122283e+16	7.218751e+05
1.137575e+16	7.272146e+05
1.153071e+16	7.325937e+05
1.168775e+16	7.380126e+05
1.184688e+16	7.434715e+05
1.200815e+16	7.489708e+05
1.217157e+16	7.545108e+05
1.233717e+16	7.600918e+05
1.250498e+16	7.657140e+05
1.267503e+16	7.713779e+05
1.284736e+16	7.770836e+05
1.302198e+16	7.828315e+05
1.319894e+16	7.886220e+05
1.337826e+16	7.944553e+05
1.355996e+16	8.003317e+05
1.374410e+16	8.062516e+05
1.393069e+16	8.122153e+05
1.411976e+16	8.182231e+05
1.431136e+16	8.242753e+05
1.450551e+16	8.303724e+05
1.470225e+16	8.365145e+05
1.490161e+16	8.427020e+05
1.510362e+16	8.489353e+05
1.530833e+16	8.552147e+05
1.551576e+16	8.615406e+05
1.572595e+16	8.679132e+05
1.593894e+16	8.743330e+05
1.615477e+16	8.808003e+05
1.637346e+16	8.873154e+05
1.659507e+16	8.938787e+05
1.681962e+16	9.004905e+05
1.704716e+16	9.071513e+05
1.727773e+16	9.138613e+05
1.751136e+16	9.206210e+05
1.774809e+16	9.274306e+05
1.798797e+16	9.342907e+05
1.823104e+16	9.412014e+05
1.847733e+16	9.481633e+05
1.872690e+16	9.551767e+05
1.897978e+16	9.622420e+05
1.923602e+16	9.693595e+05
1.949566e+16	9.765296e+05
1.975874e+16	9.837528e+05
2.002532e+16	9.910295e+05
2.029543e+16	9.983599e+05
2.056912e+16	1.005745e+06
2.084645e+16	1.013184e+06
2.112745e+16	1.020678e+06
2.141218e+16	1.028228e+06
2.170068e+16	1.035834e+06
2.199300e+16	1.043495e+06
2.228920e+16	1.051214e+06
2.258932e+16	1.058990e+06
2.289341e+16	1.066823e+06
2.320153e+16	1.074714e+06
2.351373e+16	1.082663e+06
2.383007e+16	1.090672e+06
2.415059e+16	1.098739e+06
2.447535e+16	1.106866e+06
2.480441e+16	1.115053e+06
2.513782e+16	1.123301e+06
2.547565e+16	1.131610e+06
2.581794e+16	1.139980e+06
2.616475e+16	1.148413e+06
2.651615e+16	1.156907e+06
2.687219e+16	1.165465e+06
2.723294e+16	1.174085e+06
2.759846e+16	1.182770e+06
2.796880e+16	1.191519e+06
2.834404e+16	1.200332e+06
2.872423e+16	1.209211e+06
2.910944e+16	1.218155e+06
2.949974e+16	1.227165e+06
2.989519e+16	1.236243e+06
3.029585e+16	1.245387e+06
3.070181e+16	1.254599e+06
3.111312e+16	1.263879e+06
3.152985e+16	1.273227e+06
3.195208e+16	1.282645e+06
3.237988e+16	1.292133e+06
3.281332e+16	1.301690e+06
3.325247e+16	1.311319e+06
3.369741e+16	1.321018e+06
3.414821e+16	1.330790e+06
3.460495e+16	1.340633e+06
3.506771e+16	1.350550e+06
3.553656e+16	1.360539e+06
3.601159e+16	1.370603e+06
3.649287e+16	1.380741e+06
3.698049e+16	1.390954e+06
3.747453e+16	1.401243e+06
3.797506e+16	1.411607e+06
3.848219e+16	1.422049e+06
3.899598e+16	1.432567e+06
3.951654e+16	1.443164e+06
4.004394e+16	1.453839e+06
4.057828e+16	1.464592e+06
4.111964e+16	1.475426e+06
4.166811e+16	1.486339e+06
4.222380e+16	1.497333e+06
4.278679e+16	1.508409e+06
4.335718e+16	1.519566e+06
4.393506e+16	1.530806e+06
4.452053e+16	1.542129e+06
4.511369e+16	1.553536e+06
4.571464e+16	1.565027e+06
4.632348e+16	1.576604e+06
4.694031e+16	1.588265e+06
4.756524e+16	1.600013e+06
4.819837e+16	1.611848e+06
4.883981e+16	1.623771e+06
4.948966e+16	1.635782e+06
5.014803e+16	1.647881e+06
5.081505e+16	1.660070e+06
5.149080e+16	1.672350e+06
5.217542e+16	1.684720e+06
5.286902e+16	1.697181e+06
5.357170e+16	1.709735e+06
5.428360e+16	1.722381e+06
5.500482e+16	1.735122e+06
5.573549e+16	1.747956e+06
5.647573e+16	1.760885e+06
5.722567e+16	1.773910e+06
5.798543e+16	1.787031e+06
5.875514e+16	1.800250e+06
5.953492e+16	1.813566e+06
6.032492e+16	1.826980e+06
6.112525e+16	1.840494e+06
6.193606e+16	1.854108e+06
6.275747e+16	1.867823e+06
6.358963e+16	1.881638e+06
6.443268e+16	1.895557e+06
6.528675e+16	1.909578e+06
6.615199e+16	1.923702e+06
6.702855e+16	1.937932e+06
6.791656e+16	1.952266e+06
6.881618e+16	1.966707e+06
6.972756e+16	1.981254e+06
7.065085e+16	1.995909e+06
7.158620e+16	2.010672e+06
7.253377e+16	2.025545e+06
7.349372e+16	2.040528e+06
7.446620e+16	2.055621e+06
7.545139e+16	2.070826e+06
7.644944e+16	2.086143e+06
7.746051e+16	2.101574e+06
7.848479e+16	2.117119e+06
7.952243e+16	2.132779e+06
8.057362e+16	2.148555e+06
8.163851e+16	2.164447e+06
8.271731e+16	2.180457e+06
8.381017e+16	2.196586e+06
8.491729e+16	2.212833e+06
8.603884e+16	2.229201e+06
8.717502e+16	2.245690e+06
8.832601e+16	2.262301e+06
8.949200e+16	2.279035e+06
9.067319e+16	2.295893e+06
9.186978e+16	2.312875e+06
9.308195e+16	2.329983e+06
9.430992e+16	2.347217e+06
9.555388e+16	2.364579e+06
9.681405e+16	2.382070e+06
9.809062e+16	2.399689e+06
9.938382e+16	2.417439e+06
1.006939e+17	2.435321e+06
1.020210e+17	2.453334e+06
1.033653e+17	2.471481e+06
1.047272e+17	2.489762e+06
1.061068e+17	2.508178e+06
1.075043e+17	2.526731e+06
1.089200e+17	2.545421e+06
1.103541e+17	2.564249e+06
1.118069e+17	2.583216e+06
1.132786e+17	2.602323e+06
1.147694e+17	2.621572e+06
1.162796e+17	2.640964e+06
1.178094e+17	2.660498e+06
1.193591e+17	2.680177e+06
1.209290e+17	2.700002e+06
1.225192e+17	2.719974e+06
1.241301e+17	2.740093e+06
1.257619e+17	2.760361e+06
1.274150e+17	2.780779e+06
1.290895e+17	2.801347e+06
1.307857e+17	2.822068e+06
1.325040e+17	2.842943e+06
1.342446e+17	2.863971e+06
1.360077e+17	2.885156e+06
1.377938e+17	2.906497e+06
1.396030e+17	2.927995e+06
1.414358e+17	2.949653e+06
1.432923e+17	2.971471e+06
1.451728e+17	2.993451e+06
1.470778e+17	3.015593e+06
1.490075e+17	3.037898e+06
1.509622e+17	3.060369e+06
1.529423e+17	3.083006e+06
1.549480e+17	3.105811e+06
1.569797e+17	3.128784e+06
1.590378e+17	3.151927e+06
1.611225e+17	3.175241e+06
1.632343e+17	3.198727e+06
1.653734e+17	3.222388e+06
1.675403e+17	3.246223e+06
1.697352e+17	3.270235e+06
1.719585e+17	3.294424e+06
1.742106e+17	3.318792e+06
1.764919e+17	3.343341e+06
1.788028e+17	3.368071e+06
1.811435e+17	3.392984e+06
1.835146e+17	3.418081e+06
1.859163e+17	3.443364e+06
1.883492e+17	3.468834e+06
1.908135e+17	3.494492e+06
1.933097e+17	3.520340e+06
1.958382e+17	3.546380e+06
1.983994e+17	3.572612e+06
2.009937e+17	3.599037e+06
2.036216e+17	3.625659e+06
2.062835e+17	3.652477e+06
2.089798e+17	3.679494e+06
2.117110e+17	3.706710e+06
2.144774e+17	3.734128e+06
2.172797e+17	3.761749e+06
2.201181e+17	3.789574e+06
2.229932e+17	3.817604e+06
2.259055e+17	3.845843e+06
2.288554e+17	3.874290e+06
2.318434e+17	3.902947e+06
2.348700e+17	3.931816e+06
2.379357e+17	3.960899e+06
2.410410e+17	3.990197e+06
2.441864e+17	4.019712e+06
2.473724e+17	4.049445e+06
2.505996e+17	4.079398e+06
2.538684e+17	4.109572e+06
2.571794e+17	4.139970e+06
2.605331e+17	4.170593e+06
2.639301e+17	4.201442e+06
2.673709e+17	4.232519e+06
2.708561e+17	4.263826e+06
2.743863e+17	4.295365e+06
2.779621e+17	4.327137e+06
2.815839e+17	4.359144e+06
2.852525e+17	4.391388e+06
2.889683e+17	4.423870e+06
2.927321e+17	4.456592e+06
2.965444e+17	4.489557e+06
3.004058e+17	4.522765e+06
3.043170e+17	4.556219e+06
3.082786e+17	4.589921e+06
3.122913e+17	4.623872e+06
3.163557e+17	4.658073e+06
3.204724e+17	4.692528e+06
3.246422e+17	4.727238e+06
3.288657e+17	4.762204e+06
3.331436e+17	4.797430e+06
3.374765e+17	4.832915e+06
3.418653e+17	4.868663e+06
3.463106e+17	4.904676e+06
3.508131e+17	4.940955e+06
3.553736e+17	4.977502e+06
3.599928e+17	5.014320e+06
3.646714e+17	5.051410e+06
3.694102e+17	5.088774e+06
3.742101e+17	5.126415e+06
3.790717e+17	5.164334e+06
3.839958e+17	5.202533e+06
3.889833e+17	5.241016e+06
3.940349e+17	5.279782e+06
3.991515e+17	5.318836e+06
4.043339e+17	5.358178e+06
4.095830e+17	5.397812e+06
4.148995e+17	5.437738e+06
4.202844e+17	5.477960e+06
4.257385e+17	5.518480e+06
4.312627e+17	5.559299e+06
4.368579e+17	5.600420e+06
4.425251e+17	5.641845e+06
4.482650e+17	5.683577e+06
4.540787e+17	5.725617e+06
4.599671e+17	5.767968e+06
4.659312e+17	5.810633e+06
4.719718e+17	5.853613e+06
4.780901e+17	5.896911e+06
4.842869e+17	5.940529e+06
4.905633e+17	5.984470e+06
4.969203e+17	6.028736e+06
5.033589e+17	6.073330e+06
5.098801e+17	6.118253e+06
5.164851e+17	6.163509e+06
5.231748e+17	6.209099e+06
5.299504e+17	6.255026e+06
5.368130e+17	6.301294e+06
5.437636e+17	6.347903e+06
5.508034e+17	6.394857e+06
5.579335e+17	6.442159e+06
5.651551e+17	6.489810e+06
5.724693e+17	6.537814e+06
5.798773e+17	6.586173e+06
5.873803e+17	6.634890e+06
5.949795e+17	6.683967e+06
6.026762e+17	6.733407e+06
6.104715e+17	6.783212e+06
6.183668e+17	6.833386e+06
6.263633e+17	6.883932e+06
6.344623e+17	6.934851e+06
6.426651e+17	6.986147e+06
6.509730e+17	7.037822e+06
6.593873e+17	7.089879e+06
6.679095e+17	7.142322e+06
6.765409e+17	7.195152e+06
6.852828e+17	7.248373e+06
6.941367e+17	7.301988e+06
7.031040e+17	7.355999e+06
7.121862e+17	7.410410e+06
7.213846e+17	7.465224e+06
7.307009e+17	7.520443e+06
7.401364e+17	7.576070e+06
7.496927e+17	7.632109e+06
7.593714e+17	7.688562e+06
7.691739e+17	7.745433e+06
7.791019e+17	7.802724e+06
7.891570e+17	7.860439e+06
7.993408e+17	7.918581e+06
8.096548e+17	7.977154e+06
8.201008e+17	8.036159e+06
8.306805e+17	8.095601e+06
8.413955e+17	8.155483e+06
8.522475e+17	8.215807e+06
8.632384e+17	8.276578e+06
8.743698e+17	8.337798e+06
8.856436e+17	8.399471e+06
8.970615e+17	8.461601e+06
9.086254e+17	8.524189e+06
9.203372e+17	8.587241e+06
9.321987e+17	8.650759e+06
9.442118e+17	8.714747e+06
9.563784e+17	8.779209e+06
9.687006e+17	8.844147e+06
9.811802e+17	8.909565e+06
9.938193e+17	8.975468e+06
1.006620e+18	9.041857e+06
1.019584e+18	9.108738e+06
1.032714e+18	9.176114e+06
1.046011e+18	9.243988e+06
1.059478e+18	9.312364e+06
1.073118e+18	9.381246e+06
1.086931e+18	9.450637e+06
1.100921e+18	9.520541e+06
1.115090e+18	9.590963e+06
1.129439e+18	9.661906e+06
1.143972e+18	9.733373e+06
1.158690e+18	9.805369e+06
1.173596e+18	9.877897e+06
1.188692e+18	9.950962e+06
1.203981e+18	1.002457e+07
1.219465e+18	1.009872e+07
1.235147e+18	1.017342e+07
1.251029e+18	1.024867e+07
1.267113e+18	1.032447e+07
1.283402e+18	1.040084e+07
1.299900e+18	1.047777e+07
1.316608e+18	1.055528e+07
1.333528e+18	1.063335e+07
1.350665e+18	1.071201e+07
1.368020e+18	1.079124e+07
1.385597e+18	1.087106e+07
1.403398e+18	1.095147e+07
1.421425e+18	1.103248e+07
1.439683e+18	1.111408e+07
1.458173e+18	1.119629e+07
1.476899e+18	1.127911e+07
1.495863e+18	1.136254e+07
1.515069e+18	1.144658e+07
1.534520e+18	1.153125e+07
1.554219e+18	1.161655e+07
1.574169e+18	1.170247e+07
1.594373e+18	1.178903e+07
1.614834e+18	1.187623e+07
1.635556e+18	1.196408e+07
1.656542e+18	1.205258e+07
1.677796e+18	1.214173e+07
1.699320e+18	1.223154e+07
1.721118e+18	1.232201e+07
1.743193e+18	1.241315e+07
1.765550e+18	1.250497e+07
1.788191e+18	1.259747e+07
1.811121e+18	1.269065e+07
1.834343e+18	1.278452e+07
1.857860e+18	1.287909e+07
1.881676e+18	1.297435e+07
1.905796e+18	1.307032e+07
1.930222e+18	1.316700e+07
1.954960e+18	1.326439e+07
1.980012e+18	1.336250e+07
2.005383e+18	1.346134e+07
2.031076e+18	1.356092e+07
2.057097e+18	1.366122e+07
2.083449e+18	1.376227e+07
2.110135e+18	1.386407e+07
2.137162e+18	1.396662e+07
2.164532e+18	1.406993e+07
2.192250e+18	1.417400e+07
2.220320e+18	1.427884e+07
2.248747e+18	1.438446e+07
2.277536e+18	1.449086e+07
2.306691e+18	1.459805e+07
2.336217e+18	1.470602e+07
2.366117e+18	1.481480e+07
2.396398e+18	1.492438e+07
2.427064e+18	1.503478e+07
2.458120e+18	1.514599e+07
2.489570e+18	1.525802e+07
2.521420e+18	1.537088e+07
2.553674e+18	1.548457e+07
2.586338e+18	1.559911e+07
2.619418e+18	1.571449e+07
2.652917e+18	1.583073e+07
2.686842e+18	1.594783e+07
2.721198e+18	1.606579e+07
2.755991e+18	1.618463e+07
2.791225e+18	1.630434e+07
2.826907e+18	1.642494e+07
2.863042e+18	1.654643e+07
2.899635e+18	1.666883e+07
2.936694e+18	1.679212e+07
2.974223e+18	1.691633e+07
3.012228e+18	1.704146e+07
3.050716e+18	1.716751e+07
3.089692e+18	1.729449e+07
3.129163e+18	1.742242e+07
3.169135e+18	1.755129e+07
3.209614e+18	1.768111e+07
3.250607e+18	1.781189e+07
3.292120e+18	1.794365e+07
3.334160e+18	1.807637e+07
3.376733e+18	1.821008e+07
3.419846e+18	1.834478e+07
3.463507e+18	1.848047e+07
3.507721e+18	1.861716e+07
3.552496e+18	1.875487e+07
3.597839e+18	1.889360e+07
3.643757e+18	1.903335e+07
3.690257e+18	1.917414e+07
3.737347e+18	1.931596e+07
3.785034e+18	1.945884e+07
3.833326e+18	1.960277e+07
3.882230e+18	1.974777e+07
3.931754e+18	1.989384e+07
3.981906e+18	2.004099e+07
4.032693e+18	2.018923e+07
4.084125e+18	2.033857e+07
4.136208e+18	2.048901e+07
4.188951e+18	2.064056e+07
4.242363e+18	2.079324e+07
4.296451e+18	2.094704e+07
4.351225e+18	2.110198e+07
4.406693e+18	2.125807e+07
4.462864e+18	2.141531e+07
4.519747e+18	2.157372e+07
4.577350e+18	2.173329e+07
4.635682e+18	2.189405e+07
4.694754e+18	2.205600e+07
4.754574e+18	2.221914e+07
4.815151e+18	2.238349e+07
4.876496e+18	2.254906e+07
4.938617e+18	2.271585e+07
5.001526e+18	2.288387e+07
5.065230e+18	2.305314e+07
5.129742e+18	2.322366e+07
5.195070e+18	2.339544e+07
5.261225e+18	2.356849e+07
5.328217e+18	2.374282e+07
5.396058e+18	2.391844e+07
5.464757e+18	2.409536e+07
5.534326e+18	2.427359e+07
5.604775e+18	2.445314e+07
5.676116e+18	2.463402e+07
5.748360e+18	2.481623e+07
5.821518e+18	2.499979e+07
5.895601e+18	2.518471e+07
5.970622e+18	2.537099e+07
6.046592e+18	2.555866e+07
6.123523e+18	2.574771e+07
6.201428e+18	2.593816e+07
6.280317e+18	2.613002e+07
6.360205e+18	2.632330e+07
6.441103e+18	2.651801e+07
6.523024e+18	2.671416e+07
6.605981e+18	2.691176e+07
6.689988e+18	2.711082e+07
6.775056e+18	2.731135e+07
6.861201e+18	2.751337e+07
6.948434e+18	2.771688e+07
7.036770e+18	2.792190e+07
7.126223e+18	2.812843e+07
7.216807e+18	2.833649e+07
7.308536e+18	2.854609e+07
7.401424e+18	2.875724e+07
7.495487e+18	2.896995e+07
7.590738e+18	2.918424e+07
7.687193e+18	2.940011e+07
7.784867e+18	2.961757e+07
7.883775e+18	2.983665e+07
7.983934e+18	3.005734e+07
8.085357e+18	3.027967e+07
8.188062e+18	3.050365e+07
8.292065e+18	3.072928e+07
8.397381e+18	3.095657e+07
8.504028e+18	3.118555e+07
8.612022e+18	3.141623e+07
8.721380e+18	3.164861e+07
8.832120e+18	3.188271e+07
8.944258e+18	3.211854e+07
9.057812e+18	3.235611e+07
9.172800e+18	3.259544e+07
9.289240e+18	3.283655e+07
9.407151e+18	3.307943e+07
9.526550e+18	3.332411e+07
9.647457e+18	3.357060e+07
9.769890e+18	3.381892e+07
9.893869e+18	3.406907e+07
1.001941e+19	3.432107e+07
1.014654e+19	3.457494e+07
1.027528e+19	3.483069e+07
1.040563e+19	3.508832e+07
1.053764e+19	3.534786e+07
1.067131e+19	3.560932e+07
1.080666e+19	3.587272e+07
1.094373e+19	3.613806e+07
1.108252e+19	3.640537e+07
1.122307e+19	3.667465e+07
1.136538e+19	3.694593e+07
1.150950e+19	3.721921e+07
1.165543e+19	3.749451e+07
1.180320e+19	3.777185e+07
1.195284e+19	3.805124e+07
1.210436e+19	3.833270e+07
1.225780e+19	3.861624e+07
1.241317e+19	3.890188e+07
1.257050e+19	3.918963e+07
1.272982e+19	3.947951e+07
1.289114e+19	3.977153e+07
1.305450e+19	4.006571e+07
1.321992e+19	4.036207e+07
1.338742e+19	4.066062e+07
1.355704e+19	4.096138e+07
1.372879e+19	4.126436e+07
1.390271e+19	4.156959e+07
1.407882e+19	4.187707e+07
1.425715e+19	4.218683e+07
1.443773e+19	4.249887e+07
1.462059e+19	4.281323e+07
1.480575e+19	4.312991e+07
1.499324e+19	4.344893e+07
1.518310e+19	4.377032e+07
1.537535e+19	4.409408e+07
1.557002e+19	4.442023e+07
1.576715e+19	4.474880e+07
1.596676e+19	4.507980e+07
1.616888e+19	4.541325e+07
1.637355e+19	4.574916e+07
1.658080e+19	4.608756e+07
1.679066e+19	4.642846e+07
1.700317e+19	4.677188e+07
1.721835e+19	4.711784e+07
1.743624e+19	4.746636e+07
1.765687e+19	4.781746e+07
1.788029e+19	4.817116e+07
1.810651e+19	4.852747e+07
1.833559e+19	4.888642e+07
1.856755e+19	4.924803e+07
1.880244e+19	4.961230e+07
1.904028e+19	4.997928e+07
1.928111e+19	5.034896e+07
1.952498e+19	5.072138e+07
1.977192e+19	5.109656e+07
2.002196e+19	5.147451e+07
2.027516e+19	5.185526e+07
2.053154e+19	5.223882e+07
2.079115e+19	5.262522e+07
2.105402e+19	5.301448e+07
2.132021e+19	5.340662e+07
2.158974e+19	5.380166e+07
2.186267e+19	5.419962e+07
2.213903e+19	5.460052e+07
2.241888e+19	5.500439e+07
2.270224e+19	5.541125e+07
2.298916e+19	5.582112e+07
2.327970e+19	5.623401e+07
2.357390e+19	5.664997e+07
2.387179e+19	5.706900e+07
2.417343e+19	5.749112e+07
2.447887e+19	5.791637e+07
2.478815e+19	5.834477e+07
2.510132e+19	5.877634e+07
2.541843e+19	5.921109e+07
2.573953e+19	5.964907e+07
2.606467e+19	6.009028e+07
2.639389e+19	6.053476e+07
2.672726e+19	6.098252e+07
2.706482e+19	6.143359e+07
2.740662e+19	6.188801e+07
2.775273e+19	6.234578e+07
2.810318e+19	6.280694e+07
2.845804e+19	6.327151e+07
2.881737e+19	6.373952e+07
2.918121e+19	6.421099e+07
2.954962e+19	6.468594e+07
2.992267e+19	6.516441e+07
3.030040e+19	6.564642e+07
3.068289e+19	6.613200e+07
3.107018e+19	6.662116e+07
3.146234e+19	6.711395e+07
3.185943e+19	6.761037e+07
3.226151e+19	6.811048e+07
3.266865e+19	6.861428e+07
3.308090e+19	6.912180e+07
3.349833e+19	6.963308e+07
3.392101e+19	7.014815e+07
3.434900e+19	7.066702e+07
3.478236e+19	7.118973e+07
3.522117e+19	7.171631e+07
3.566550e+19	7.224678e+07
3.611541e+19	7.278117e+07
3.657097e+19	7.331952e+07
3.703225e+19	7.386185e+07
3.749933e+19	7.440819e+07
3.797227e+19	7.495858e+07
3.845116e+19	7.551303e+07
3.893606e+19	7.607159e+07
3.942705e+19	7.663427e+07
3.992421e+19	7.720112e+07
4.042761e+19	7.777216e+07
4.093734e+19	7.834743e+07
4.145346e+19	7.892695e+07
4.197607e+19	7.951076e+07
4.250524e+19	8.009888e+07
4.304105e+19	8.069136e+07
4.358360e+19	8.128822e+07
4.413295e+19	8.188949e+07
4.468920e+19	8.249521e+07
4.525244e+19	8.310541e+07
4.582275e+19	8.372013e+07
4.640021e+19	8.433939e+07
4.698493e+19	8.496323e+07
4.757698e+19	8.559169e+07
4.817647e+19	8.622479e+07
4.878348e+19	8.686258e+07
4.939811e+19	8.750509e+07
5.002046e+19	8.815235e+07
5.065061e+19	8.880439e+07
5.128868e+19	8.946126e+07
5.193475e+19	9.012299e+07
5.258893e+19	9.078961e+07
5.325132e+19	9.146116e+07
5.392202e+19	9.213768e+07
5.460113e+19	9.281921e+07
5.528877e+19	9.350578e+07
5.598504e+19	9.419742e+07
5.669004e+19	9.489418e+07
5.740388e+19	9.559609e+07
5.812668e+19	9.630320e+07
5.885855e+19	9.701554e+07
5.959960e+19	9.773314e+07
6.034994e+19	9.845605e+07
6.110970e+19	9.918432e+07
6.187898e+19	9.991796e+07
6.265792e+19	1.006570e+08
6.344662e+19	1.014016e+08
6.424522e+19	1.021516e+08
6.505383e+19	1.029072e+08
6.587258e+19	1.036684e+08
6.670160e+19	1.044352e+08
6.754101e+19	1.052077e+08
6.839095e+19	1.059859e+08
6.925155e+19	1.067699e+08
7.012294e+19	1.075596e+08
7.100525e+19	1.083552e+08
7.189863e+19	1.091567e+08
7.280320e+19	1.099641e+08
7.371912e+19	1.107775e+08
7.464652e+19	1.115969e+08
7.558554e+19	1.124224e+08
7.653634e+19	1.132539e+08
7.749905e+19	1.140916e+08
7.847383e+19	1.149356e+08
7.946083e+19	1.157857e+08
8.046020e+19	1.166422e+08
8.147209e+19	1.175049e+08
8.249667e+19	1.183741e+08
8.353408e+19	1.192497e+08
8.458450e+19	1.201318e+08
8.564808e+19	1.210203e+08
8.672499e+19	1.219155e+08
8.781539e+19	1.228173e+08
8.891946e+19	1.237258e+08
9.003736e+19	1.246409e+08
9.116926e+19	1.255629e+08
9.231535e+19	1.264916e+08
9.347579e+19	1.274273e+08
9.465078e+19	1.283698e+08
9.584048e+19	1.293194e+08
9.704509e+19	1.302759e+08
9.826478e+19	1.312395e+08
9.949976e+19	1.322103e+08
1.007502e+20	1.331882e+08
1.020163e+20	1.341734e+08
1.032983e+20	1.351658e+08
1.045963e+20	1.361656e+08
1.059106e+20	1.371728e+08
1.072413e+20	1.381875e+08
1.085887e+20	1.392096e+08
1.099530e+20	1.402393e+08
1.113343e+20	1.412766e+08
1.127330e+20	1.423216e+08
1.141492e+20	1.433744e+08
1.155831e+20	1.444349e+08
1.170349e+20	1.455032e+08
1.185050e+20	1.465795e+08
1.199934e+20	1.476637e+08
1.215005e+20	1.487560e+08
1.230264e+20	1.498563e+08
1.245715e+20	1.509647e+08
1.261359e+20	1.520814e+08
1.277198e+20	1.532063e+08
1.293236e+20	1.543395e+08
1.309475e+20	1.554812e+08
1.325917e+20	1.566312e+08
1.342565e+20	1.577898e+08
1.359421e+20	1.589569e+08
1.376488e+20	1.601327e+08
1.393769e+20	1.613172e+08
1.411266e+20	1.625104e+08
1.428982e+20	1.637125e+08
1.446920e+20	1.649234e+08
1.465082e+20	1.661433e+08
1.483471e+20	1.673723e+08
1.502091e+20	1.686103e+08
1.520944e+20	1.698575e+08
1.540032e+20	1.711139e+08
1.559359e+20	1.723796e+08
1.578928e+20	1.736546e+08
1.598742e+20	1.749391e+08
1.618804e+20	1.762331e+08
1.639117e+20	1.775367e+08
1.659684e+20	1.788499e+08
1.680508e+20	1.801728e+08
1.701592e+20	1.815055e+08
1.722941e+20	1.828480e+08
1.744556e+20	1.842005e+08
1.766442e+20	1.855630e+08
1.788602e+20	1.869356e+08
1.811038e+20	1.883183e+08
1.833756e+20	1.897113e+08
1.856757e+20	1.911146e+08
1.880046e+20	1.925282e+08
1.903627e+20	1.939523e+08
1.927502e+20	1.953869e+08
1.951676e+20	1.968321e+08
1.976152e+20	1.982881e+08
2.000934e+20	1.997548e+08
2.026026e+20	2.012323e+08
2.051432e+20	2.027208e+08
2.077155e+20	2.042203e+08
2.103200e+20	2.057309e+08
2.129571e+20	2.072526e+08
2.156271e+20	2.087856e+08
2.183306e+20	2.103300e+08
2.210678e+20	2.118857e+08
2.238392e+20	2.134530e+08
2.266453e+20	2.150319e+08
2.294865e+20	2.166224e+08
2.323631e+20	2.182248e+08
2.352758e+20	2.198389e+08
2.382248e+20	2.214650e+08
2.412107e+20	2.231032e+08
2.442339e+20	2.247534e+08
2.472949e+20	2.264159e+08
2.503942e+20	2.280906e+08
2.535322e+20	2.297778e+08
2.567094e+20	2.314774e+08
2.599263e+20	2.331896e+08
2.631834e+20	2.349144e+08
2.664813e+20	2.366521e+08
2.698203e+20	2.384025e+08
2.732010e+20	2.401659e+08
2.766240e+20	2.419424e+08
2.800898e+20	2.437320e+08
2.835989e+20	2.455349e+08
2.871518e+20	2.473510e+08
2.907491e+20	2.491806e+08
2.943914e+20	2.510238e+08
2.980791e+20	2.528805e+08
3.018129e+20	2.547511e+08
3.055934e+20	2.566354e+08
3.094211e+20	2.585337e+08
3.132966e+20	2.604460e+08
3.172205e+20	2.623725e+08
3.211935e+20	2.643132e+08
3.252160e+20	2.662683e+08
3.292889e+20	2.682378e+08
3.334125e+20	2.702219e+08
3.375877e+20	2.722207e+08
3.418151e+20	2.742343e+08
3.460952e+20	2.762627e+08
3.504288e+20	2.783062e+08
3.548165e+20	2.803648e+08
3.592590e+20	2.824386e+08
3.637570e+20	2.845277e+08
3.683111e+20	2.866323e+08
3.729221e+20	2.887525e+08
3.775907e+20	2.908883e+08
3.823176e+20	2.930399e+08
3.871035e+20	2.952075e+08
3.919492e+20	2.973911e+08
3.968554e+20	2.995908e+08
4.018228e+20	3.018069e+08
4.068523e+20	3.040393e+08
4.119445e+20	3.062882e+08
4.171003e+20	3.085537e+08
4.223205e+20	3.108361e+08
4.276058e+20	3.131353e+08
4.329572e+20	3.154515e+08
4.383753e+20	3.177848e+08
4.438611e+20	3.201354e+08
4.494153e+20	3.225034e+08
4.550389e+20	3.248889e+08
4.607327e+20	3.272920e+08
4.664975e+20	3.297129e+08
4.723343e+20	3.321517e+08
4.782440e+20	3.346086e+08
4.842274e+20	3.370836e+08
4.902854e+20	3.395770e+08
4.964191e+20	3.420888e+08
5.026294e+20	3.446191e+08
5.089171e+20	3.471682e+08
5.152833e+20	3.497361e+08
5.217289e+20	3.523231e+08
5.282550e+20	3.549291e+08
5.348625e+20	3.575545e+08
5.415525e+20	3.601992e+08
5.483259e+20	3.628636e+08
5.551839e+20	3.655476e+08
5.621274e+20	3.682515e+08
5.691576e+20	3.709754e+08
5.762754e+20	3.737194e+08
5.834821e+20	3.764837e+08
5.907787e+20	3.792685e+08
5.981663e+20	3.820739e+08
6.056461e+20	3.849000e+08
6.132192e+20	3.877470e+08
6.208868e+20	3.906151e+08
6.286500e+20	3.935044e+08
6.365101e+20	3.964151e+08
6.444682e+20	3.993473e+08
6.525256e+20	4.023012e+08
6.606834e+20	4.052770e+08
6.689431e+20	4.082747e+08
6.773057e+20	4.112947e+08
6.857727e+20	4.143369e+08
6.943453e+20	4.174017e+08
7.030248e+20	4.204891e+08
7.118125e+20	4.235994e+08
7.207098e+20	4.267327e+08
7.297181e+20	4.298892e+08
7.388387e+20	4.330690e+08
7.480731e+20	4.362723e+08
7.574227e+20	4.394993e+08
7.668888e+20	4.427502e+08
7.764729e+20	4.460251e+08
7.861766e+20	4.493243e+08
7.960013e+20	4.526479e+08
8.059485e+20	4.559960e+08
8.160197e+20	4.593689e+08
8.262164e+20	4.627668e+08
8.365404e+20	4.661898e+08
8.469930e+20	4.696381e+08
8.575759e+20	4.731119e+08
8.682908e+20	4.766114e+08
8.791393e+20	4.801369e+08
8.901230e+20	4.836883e+08
9.012437e+20	4.872661e+08
9.125030e+20	4.908703e+08
9.239026e+20	4.945012e+08
9.354444e+20	4.981589e+08
9.471300e+20	5.018437e+08
9.589613e+20	5.055557e+08
9.709400e+20	5.092952e+08
9.830681e+20	5.130624e+08
9.953474e+20	5.168574e+08
1.007780e+21	5.206805e+08
1.020367e+21	5.245319e+08
1.033111e+21	5.284117e+08
1.046014e+21	5.323203e+08
1.059078e+21	5.362578e+08
1.072304e+21	5.402244e+08
1.085696e+21	5.442203e+08
1.099254e+21	5.482458e+08
1.112982e+21	5.523011e+08
1.126880e+21	5.563863e+08
1.140951e+21	5.605018e+08
1.155198e+21	5.646477e+08
1.169623e+21	5.688243e+08
1.184227e+21	5.730318e+08
1.199013e+21	5.772704e+08
1.213984e+21	5.815404e+08
1.229140e+21	5.858419e+08
1.244486e+21	5.901753e+08
1.260023e+21	5.945407e+08
1.275754e+21	5.989384e+08
1.291680e+21	6.033686e+08
1.307805e+21	6.078316e+08
1.324131e+21	6.123276e+08
1.340660e+21	6.168569e+08
1.357396e+21	6.214197e+08
1.374339e+21	6.260162e+08
1.391494e+21	6.306467e+08
1.408863e+21	6.353115e+08
1.426447e+21	6.400108e+08
1.444251e+21	6.447448e+08
1.462277e+21	6.495139e+08
1.480527e+21	6.543182e+08
1.499005e+21	6.591581e+08
1.517712e+21	6.640337e+08
1.536653e+21	6.689454e+08
1.555830e+21	6.738935e+08
1.575245e+21	6.788782e+08
1.594902e+21	6.838997e+08
1.614804e+21	6.889584e+08
1.634954e+21	6.940545e+08
1.655355e+21	6.991883e+08
1.676010e+21	7.043600e+08
1.696922e+21	7.095700e+08
1.718095e+21	7.148186e+08
1.739531e+21	7.201060e+08
1.761235e+21	7.254324e+08
1.783208e+21	7.307983e+08
1.805455e+21	7.362039e+08
1.827980e+21	7.416495e+08
1.850784e+21	7.471353e+08
1.873873e+21	7.526617e+08
1.897249e+21	7.582290e+08
1.920916e+21	7.638375e+08
1.944878e+21	7.694874e+08
1.969138e+21	7.751792e+08
1.993701e+21	7.809130e+08
2.018569e+21	7.866893e+08
2.043746e+21	7.925083e+08
2.069238e+21	7.983703e+08
2.095046e+21	8.042757e+08
2.121176e+21	8.102248e+08
2.147631e+21	8.162179e+08
2.174415e+21	8.222553e+08
2.201533e+21	8.283373e+08
2.228989e+21	8.344644e+08
2.256786e+21	8.406368e+08
2.284929e+21	8.468548e+08
2.313423e+21	8.531188e+08
2.342271e+21	8.594292e+08
2.371479e+21	8.657862e+08
2.401050e+21	8.721903e+08
2.430989e+21	8.786417e+08
2.461301e+21	8.851408e+08
2.491990e+21	8.916880e+08
2.523060e+21	8.982837e+08
2.554518e+21	9.049281e+08
2.586367e+21	9.116217e+08
2.618613e+21	9.183648e+08
2.651260e+21	9.251578e+08
2.684313e+21	9.320010e+08
2.717778e+21	9.388948e+08
2.751659e+21	9.458396e+08
2.785961e+21	9.528358e+08
2.820691e+21	9.598838e+08
2.855852e+21	9.669838e+08
2.891452e+21	9.741364e+08
2.927494e+21	9.813419e+08
2.963985e+21	9.886007e+08
3.000930e+21	9.959132e+08
3.038334e+21	1.003280e+09
3.076204e+21	1.010701e+09
3.114545e+21	1.018177e+09
3.153364e+21	1.025708e+09
3.192665e+21	1.033295e+09
3.232455e+21	1.040938e+09
3.272740e+21	1.048638e+09
3.313527e+21	1.056394e+09
3.354821e+21	1.064208e+09
3.396629e+21	1.072080e+09
3.438957e+21	1.080010e+09
3.481811e+21	1.087999e+09
3.525199e+21	1.096046e+09
3.569126e+21	1.104154e+09
3.613600e+21	1.112321e+09
3.658627e+21	1.120548e+09
3.704215e+21	1.128837e+09
3.750369e+21	1.137187e+09
3.797098e+21	1.145598e+09
3.844407e+21	1.154072e+09
3.892306e+21	1.162608e+09
3.940800e+21	1.171208e+09
3.989897e+21	1.179871e+09
4.039605e+21	1.188599e+09
4.089931e+21	1.197390e+09
4.140884e+21	1.206247e+09
4.192470e+21	1.215170e+09
4.244697e+21	1.224158e+09
4.297575e+21	1.233213e+09
4.351109e+21	1.242335e+09
4.405310e+21	1.251524e+09
4.460185e+21	1.260781e+09
4.515742e+21	1.270107e+09
4.571991e+21	1.279502e+09
4.628938e+21	1.288966e+09
4.686594e+21	1.298500e+09
4.744967e+21	1.308105e+09
4.804066e+21	1.317781e+09
4.863900e+21	1.327528e+09
4.924478e+21	1.337348e+09
4.985809e+21	1.347240e+09
5.047903e+21	1.357205e+09
5.110769e+21	1.367244e+09
5.174417e+21	1.377357e+09
5.238856e+21	1.387545e+09
5.304096e+21	1.397809e+09
5.370148e+21	1.408148e+09
5.437021e+21	1.418564e+09
5.504725e+21	1.429057e+09
5.573271e+21	1.439627e+09
5.642670e+21	1.450276e+09
5.712931e+21	1.461003e+09
5.784066e+21	1.471810e+09
5.856085e+21	1.482697e+09
5.929000e+21	1.493664e+09
6.002821e+21	1.504712e+09
6.077560e+21	1.515842e+09
6.153228e+21	1.527055e+09
6.229837e+21	1.538350e+09
6.307398e+21	1.549729e+09
6.385923e+21	1.561192e+09
6.465425e+21	1.572740e+09
6.545915e+21	1.584373e+09
6.627405e+21	1.596092e+09
6.709909e+21	1.607898e+09
6.793438e+21	1.619792e+09
6.878005e+21	1.631773e+09
6.963624e+21	1.643843e+09
7.050306e+21	1.656002e+09
7.138067e+21	1.668251e+09
7.226918e+21	1.680591e+09
7.316873e+21	1.693022e+09
7.407947e+21	1.705545e+09
7.500152e+21	1.718160e+09
7.593504e+21	1.730869e+09
7.688016e+21	1.743672e+09
7.783702e+21	1.756570e+09
7.880578e+21	1.769563e+09
7.978658e+21	1.782652e+09
8.077957e+21	1.795838e+09
8.178489e+21	1.809121e+09
8.280272e+21	1.822503e+09
8.383319e+21	1.835984e+09
8.487647e+21	1.849564e+09
8.593271e+21	1.863245e+09
8.700208e+21	1.877027e+09
8.808474e+21	1.890911e+09
8.918085e+21	1.904898e+09
9.029058e+21	1.918988e+09
9.141411e+21	1.933182e+09
9.255159e+21	1.947482e+09
9.370321e+21	1.961887e+09
9.486914e+21	1.976399e+09
9.604956e+21	1.991018e+09
9.724464e+21	2.005745e+09
9.845457e+21	2.020581e+09
9.967954e+21	2.035527e+09
1.009197e+22	2.050583e+09
1.021753e+22	2.065751e+09
1.034465e+22	2.081031e+09
1.047335e+22	2.096424e+09
1.060365e+22	2.111931e+09
1.073557e+22	2.127552e+09
1.086912e+22	2.143289e+09
1.100434e+22	2.159143e+09
1.114123e+22	2.175114e+09
1.127983e+22	2.191203e+09
1.142015e+22	2.207410e+09
1.156221e+22	2.223738e+09
1.170604e+22	2.240187e+09
1.185165e+22	2.256757e+09
1.199907e+22	2.273450e+09
1.214832e+22	2.290266e+09
1.229943e+22	2.307207e+09
1.245242e+22	2.324273e+09
1.260730e+22	2.341465e+09
1.276411e+22	2.358784e+09
1.292287e+22	2.376232e+09
1.308359e+22	2.393808e+09
1.324632e+22	2.411515e+09
1.341107e+22	2.429352e+09
1.357786e+22	2.447322e+09
1.374672e+22	2.465424e+09
1.391769e+22	2.483660e+09
1.409077e+22	2.502032e+09
1.426601e+22	2.520539e+09
1.444342e+22	2.539183e+09
1.462303e+22	2.557964e+09
1.480488e+22	2.576885e+09
1.498899e+22	2.595946e+09
1.517538e+22	2.615148e+09
1.536408e+22	2.634491e+09
1.555513e+22	2.653978e+09
1.574856e+22	2.673609e+09
1.594438e+22	2.693385e+09
1.614264e+22	2.713308e+09
1.634336e+22	2.733378e+09
1.654657e+22	2.753596e+09
1.675231e+22	2.773964e+09
1.696060e+22	2.794482e+09
1.717147e+22	2.815152e+09
1.738497e+22	2.835976e+09
1.760112e+22	2.856953e+09
1.781995e+22	2.878085e+09
1.804150e+22	2.899374e+09
1.826580e+22	2.920820e+09
1.849288e+22	2.942425e+09
1.872279e+22	2.964189e+09
1.895555e+22	2.986115e+09
1.919120e+22	3.008202e+09
1.942977e+22	3.030453e+09
1.967131e+22	3.052869e+09
1.991585e+22	3.075451e+09
2.016342e+22	3.098199e+09
2.041407e+22	3.121116e+09
2.066783e+22	3.144202e+09
2.092474e+22	3.167459e+09
2.118484e+22	3.190888e+09
2.144817e+22	3.214491e+09
2.171477e+22	3.238268e+09
2.198468e+22	3.262221e+09
2.225794e+22	3.286351e+09
2.253459e+22	3.310659e+09
2.281468e+22	3.335147e+09
2.309824e+22	3.359817e+09
2.338533e+22	3.384669e+09
2.367598e+22	3.409704e+09
2.397024e+22	3.434925e+09
2.426815e+22	3.460333e+09
2.456976e+22	3.485928e+09
2.487511e+22	3.511713e+09
2.518425e+22	3.537688e+09
2.549723e+22	3.563856e+09
2.581410e+22	3.590217e+09
2.613490e+22	3.616773e+09
2.645968e+22	3.643526e+09
2.678850e+22	3.670476e+09
2.712139e+22	3.697626e+09
2.745842e+22	3.724977e+09
2.779963e+22	3.752530e+09
2.814508e+22	3.780287e+09
2.849482e+22	3.808249e+09
2.884889e+22	3.836417e+09
2.920736e+22	3.864795e+09
2.957028e+22	3.893382e+09
2.993771e+22	3.922180e+09
3.030970e+22	3.951192e+09
3.068630e+22	3.980418e+09
3.106757e+22	4.009861e+09
3.145358e+22	4.039521e+09
3.184438e+22	4.069400e+09
3.224003e+22	4.099501e+09
3.264060e+22	4.129824e+09
3.304613e+22	4.160372e+09
3.345669e+22	4.191145e+09
3.387235e+22	4.222146e+09
3.429317e+22	4.253377e+09
3.471922e+22	4.284838e+09
3.515055e+22	4.316532e+09
3.558723e+22	4.348461e+09
3.602933e+22	4.380626e+09
3.647692e+22	4.413028e+09
3.693006e+22	4.445670e+09
3.738883e+22	4.478554e+09
3.785329e+22	4.511681e+09
3.832351e+22	4.545053e+09
3.879957e+22	4.578672e+09
3.928153e+22	4.612540e+09
3.976948e+22	4.646658e+09
4.026348e+22	4.681028e+09
4.076361e+22	4.715653e+09
4.126995e+22	4.750534e+09
4.178257e+22	4.785672e+09
4.230156e+22	4.821071e+09
4.282698e+22	4.856732e+09
4.335892e+22	4.892656e+09
4.389746e+22	4.928846e+09
4.444268e+22	4.965304e+09
4.499467e+22	5.002031e+09
4.555351e+22	5.039030e+09
4.611928e+22	5.076303e+09
4.669207e+22	5.113851e+09
4.727197e+22	5.151678e+09
4.785906e+22	5.189784e+09
4.845344e+22	5.228171e+09
4.905519e+22	5.266843e+09
4.966441e+22	5.305801e+09
5.028119e+22	5.345047e+09
5.090562e+22	5.384583e+09
5.153779e+22	5.424412e+09
5.217781e+22	5.464535e+09
5.282577e+22	5.504955e+09
5.348177e+22	5.545675e+09
5.414591e+22	5.586695e+09
5.481828e+22	5.628019e+09
5.549900e+22	5.669648e+09
5.618816e+22	5.711585e+09
5.688587e+22	5.753833e+09
5.759224e+22	5.796393e+09
5.830737e+22	5.839267e+09
5.903137e+22	5.882459e+09
5.976435e+22	5.925971e+09
6.050643e+22	5.969804e+09
6.125771e+22	6.013962e+09
6.201831e+22	6.058446e+09
6.278834e+22	6.103259e+09
6.356793e+22	6.148403e+09
6.435719e+22	6.193882e+09
6.515624e+22	6.239697e+09
6.596520e+22	6.285851e+09
6.678419e+22	6.332346e+09
6.761334e+22	6.379185e+09
6.845278e+22	6.426371e+09
6.930263e+22	6.473905e+09
7.016302e+22	6.521792e+09
7.103409e+22	6.570032e+09
7.191595e+22	6.618629e+09
7.280876e+22	6.667586e+09
7.371264e+22	6.716905e+09
7.462773e+22	6.766589e+09
7.555417e+22	6.816640e+09
7.649210e+22	6.867061e+09
7.744167e+22	6.917855e+09
7.840301e+22	6.969026e+09
7.937627e+22	7.020574e+09
8.036161e+22	7.072504e+09
8.135916e+22	7.124818e+09
8.236909e+22	7.177519e+09
8.339154e+22	7.230609e+09
8.442668e+22	7.284093e+09
8.547465e+22	7.337972e+09
8.653562e+22	7.392250e+09
8.760974e+22	7.446929e+09
8.869719e+22	7.502012e+09
8.979812e+22	7.557503e+09
9.091271e+22	7.613404e+09
9.204112e+22	7.669719e+09
9.318352e+22	7.726451e+09
9.434009e+22	7.783602e+09
9.551100e+22	7.841176e+09
9.669643e+22	7.899175e+09
9.789657e+22	7.957604e+09
9.911158e+22	8.016465e+09
1.003417e+23	8.075761e+09
1.015870e+23	8.135496e+09
1.028478e+23	8.195673e+09
1.041242e+23	8.256294e+09
1.054164e+23	8.317365e+09
1.067247e+23	8.378887e+09
1.080492e+23	8.440864e+09
1.093901e+23	8.503299e+09
1.107476e+23	8.566196e+09
1.121220e+23	8.629559e+09
1.135134e+23	8.693390e+09
1.149221e+23	8.757693e+09
1.163482e+23	8.822472e+09
1.177920e+23	8.887730e+09
1.192537e+23	8.953471e+09
1.207336e+23	9.019698e+09
1.222318e+23	9.086415e+09
1.237485e+23	9.153626e+09
1.252841e+23	9.221333e+09
1.268387e+23	9.289542e+09
1.284126e+23	9.358255e+09
1.300060e+23	9.427476e+09
1.316191e+23	9.497209e+09
1.332523e+23	9.567458e+09
1.349057e+23	9.638227e+09
1.365796e+23	9.709519e+09
1.382743e+23	9.781339e+09
1.399899e+23	9.853689e+09
1.417269e+23	9.926575e+09
1.434853e+23	1.000000e+10