# Zeng et al. (2016) mantle EOS
# Pressure (Pa)	Density (kg m-3)
# (1) 1 Pa - 23.84 GPa: PREM interpolation from Stacey & Davis 2008
# (2) 23.84 GPa - 6.0 TPa: BME EOS with rho0 = 3.98 g/cm3 and K0 = 206 GPa
# (3) > 6.0 TPa: TFD EOS for MgSiO3
# Note that the pressure ranges of each segment differ slightly from Zeng et al. (2016)
1.000000e+00	3.359500e+03
1.000000e+09	3.359500e+03
1.003180e+09	3.359500e+03
1.006369e+09	3.359500e+03
1.009569e+09	3.359500e+03
1.012779e+09	3.359500e+03
1.015999e+09	3.359500e+03
1.019230e+09	3.359500e+03
1.022471e+09	3.359500e+03
1.025722e+09	3.359500e+03
1.028983e+09	3.359500e+03
1.032255e+09	3.359500e+03
1.035537e+09	3.359500e+03
1.038829e+09	3.359500e+03
1.042132e+09	3.359500e+03
1.045446e+09	3.359500e+03
1.048770e+09	3.359500e+03
1.052105e+09	3.359500e+03
1.055450e+09	3.359500e+03
1.058806e+09	3.359500e+03
1.062172e+09	3.359500e+03
1.065550e+09	3.359500e+03
1.068938e+09	3.359500e+03
1.072336e+09	3.359500e+03
1.075746e+09	3.359500e+03
1.079166e+09	3.359500e+03
1.082598e+09	3.359500e+03
1.086040e+09	3.359500e+03
1.089493e+09	3.359500e+03
1.092957e+09	3.359500e+03
1.096432e+09	3.359500e+03
1.099919e+09	3.359500e+03
1.103416e+09	3.359500e+03
1.106924e+09	3.359500e+03
1.110444e+09	3.359500e+03
1.113975e+09	3.359500e+03
1.117517e+09	3.359500e+03
1.121070e+09	3.359500e+03
1.124634e+09	3.359500e+03
1.128210e+09	3.359500e+03
1.131797e+09	3.359500e+03
1.135396e+09	3.359500e+03
1.139006e+09	3.359500e+03
1.142628e+09	3.359500e+03
1.146261e+09	3.359500e+03
1.149905e+09	3.359500e+03
1.153562e+09	3.359500e+03
1.157230e+09	3.359500e+03
1.160909e+09	3.359500e+03
1.164600e+09	3.359500e+03
1.168303e+09	3.359500e+03
1.172018e+09	3.359500e+03
1.175744e+09	3.359500e+03
1.179483e+09	3.359500e+03
1.183233e+09	3.359500e+03
1.186995e+09	3.359500e+03
1.190769e+09	3.359500e+03
1.194556e+09	3.359500e+03
1.198354e+09	3.359500e+03
1.202164e+09	3.359500e+03
1.205986e+09	3.359500e+03
1.209821e+09	3.359500e+03
1.213668e+09	3.359500e+03
1.217527e+09	3.359500e+03
1.221398e+09	3.359500e+03
1.225281e+09	3.359500e+03
1.229177e+09	3.359500e+03
1.233086e+09	3.359500e+03
1.237006e+09	3.359500e+03
1.240939e+09	3.359500e+03
1.244885e+09	3.359500e+03
1.248843e+09	3.359500e+03
1.252814e+09	3.359500e+03
1.256798e+09	3.359500e+03
1.260794e+09	3.359500e+03
1.264802e+09	3.359500e+03
1.268824e+09	3.359500e+03
1.272858e+09	3.359500e+03
1.276905e+09	3.359500e+03
1.280965e+09	3.359500e+03
1.285038e+09	3.359500e+03
1.289124e+09	3.359500e+03
1.293223e+09	3.359500e+03
1.297335e+09	3.359500e+03
1.301460e+09	3.359500e+03
1.305598e+09	3.359500e+03
1.309749e+09	3.359500e+03
1.313914e+09	3.359500e+03
1.318092e+09	3.359500e+03
1.322283e+09	3.359500e+03
1.326487e+09	3.359500e+03
1.330705e+09	3.359500e+03
1.334936e+09	3.359500e+03
1.339180e+09	3.359500e+03
1.343438e+09	3.359500e+03
1.347710e+09	3.359500e+03
1.351995e+09	3.359500e+03
1.356294e+09	3.359500e+03
1.360606e+09	3.359500e+03
1.364932e+09	3.359500e+03
1.369272e+09	3.359500e+03
1.373626e+09	3.359500e+03
1.377994e+09	3.359500e+03
1.382375e+09	3.359500e+03
1.386770e+09	3.359500e+03
1.391180e+09	3.359500e+03
1.395603e+09	3.359500e+03
1.400041e+09	3.359500e+03
1.404492e+09	3.359500e+03
1.408958e+09	3.359500e+03
1.413438e+09	3.359500e+03
1.417932e+09	3.359500e+03
1.422440e+09	3.359500e+03
1.426963e+09	3.359500e+03
1.431500e+09	3.359500e+03
1.436052e+09	3.359500e+03
1.440618e+09	3.359500e+03
1.445198e+09	3.359500e+03
1.449793e+09	3.359500e+03
1.454403e+09	3.359500e+03
1.459028e+09	3.359500e+03
1.463667e+09	3.359500e+03
1.468321e+09	3.359500e+03
1.472989e+09	3.359500e+03
1.477673e+09	3.359500e+03
1.482371e+09	3.359500e+03
1.487084e+09	3.359500e+03
1.491813e+09	3.359500e+03
1.496556e+09	3.359500e+03
1.501314e+09	3.359500e+03
1.506088e+09	3.359500e+03
1.510877e+09	3.359500e+03
1.515681e+09	3.359500e+03
1.520500e+09	3.359500e+03
1.525335e+09	3.359500e+03
1.530184e+09	3.359500e+03
1.535050e+09	3.359500e+03
1.539931e+09	3.359500e+03
1.544827e+09	3.359500e+03
1.549739e+09	3.359500e+03
1.554666e+09	3.359500e+03
1.559610e+09	3.359500e+03
1.564568e+09	3.359500e+03
1.569543e+09	3.359500e+03
1.574534e+09	3.359500e+03
1.579540e+09	3.359500e+03
1.584562e+09	3.359500e+03
1.589601e+09	3.359500e+03
1.594655e+09	3.359500e+03
1.599725e+09	3.359500e+03
1.604812e+09	3.359500e+03
1.609914e+09	3.359500e+03
1.615033e+09	3.359500e+03
1.620168e+09	3.359500e+03
1.625320e+09	3.359500e+03
1.630488e+09	3.359500e+03
1.635672e+09	3.359500e+03
1.640873e+09	3.359500e+03
1.646090e+09	3.359500e+03
1.651324e+09	3.359500e+03
1.656574e+09	3.359500e+03
1.661841e+09	3.359500e+03
1.667125e+09	3.359500e+03
1.672426e+09	3.359500e+03
1.677744e+09	3.359500e+03
1.683078e+09	3.359500e+03
1.688430e+09	3.359500e+03
1.693798e+09	3.359500e+03
1.699184e+09	3.359500e+03
1.704587e+09	3.359500e+03
1.710006e+09	3.359500e+03
1.715444e+09	3.359500e+03
1.720898e+09	3.359500e+03
1.726370e+09	3.359500e+03
1.731859e+09	3.359500e+03
1.737365e+09	3.359500e+03
1.742890e+09	3.359500e+03
1.748431e+09	3.359500e+03
1.753990e+09	3.359500e+03
1.759567e+09	3.359500e+03
1.765162e+09	3.359500e+03
1.770775e+09	3.359500e+03
1.776405e+09	3.359500e+03
1.782053e+09	3.359500e+03
1.787719e+09	3.359500e+03
1.793404e+09	3.359500e+03
1.799106e+09	3.359500e+03
1.804826e+09	3.359500e+03
1.810565e+09	3.359500e+03
1.816322e+09	3.359500e+03
1.822097e+09	3.359500e+03
1.827890e+09	3.359500e+03
1.833702e+09	3.359500e+03
1.839533e+09	3.359500e+03
1.845382e+09	3.359500e+03
1.851249e+09	3.359500e+03
1.857135e+09	3.359500e+03
1.863040e+09	3.359500e+03
1.868964e+09	3.359500e+03
1.874907e+09	3.359500e+03
1.880868e+09	3.359500e+03
1.886848e+09	3.359500e+03
1.892848e+09	3.359500e+03
1.898866e+09	3.359500e+03
1.904904e+09	3.359500e+03
1.910961e+09	3.359500e+03
1.917037e+09	3.359500e+03
1.923132e+09	3.359500e+03
1.929247e+09	3.359500e+03
1.935381e+09	3.359500e+03
1.941535e+09	3.359500e+03
1.947708e+09	3.359500e+03
1.953901e+09	3.359500e+03
1.960113e+09	3.359500e+03
1.966346e+09	3.359500e+03
1.972598e+09	3.359500e+03
1.978870e+09	3.359500e+03
1.985162e+09	3.359500e+03
1.991474e+09	3.359500e+03
1.997806e+09	3.359500e+03
2.004158e+09	3.359500e+03
2.010531e+09	3.359500e+03
2.016923e+09	3.359500e+03
2.023336e+09	3.359500e+03
2.029770e+09	3.359500e+03
2.036223e+09	3.359500e+03
2.042698e+09	3.359500e+03
2.049193e+09	3.359500e+03
2.055708e+09	3.359500e+03
2.062245e+09	3.359500e+03
2.068802e+09	3.359500e+03
2.075380e+09	3.359500e+03
2.081978e+09	3.359500e+03
2.088598e+09	3.359500e+03
2.095239e+09	3.359500e+03
2.101901e+09	3.359500e+03
2.108584e+09	3.359500e+03
2.115289e+09	3.359500e+03
2.122014e+09	3.359500e+03
2.128762e+09	3.359500e+03
2.135530e+09	3.359500e+03
2.142320e+09	3.359500e+03
2.149132e+09	3.359500e+03
2.155965e+09	3.359500e+03
2.162820e+09	3.359500e+03
2.169697e+09	3.359500e+03
2.176596e+09	3.359500e+03
2.183517e+09	3.359500e+03
2.190459e+09	3.359500e+03
2.197424e+09	3.359500e+03
2.204411e+09	3.359500e+03
2.211420e+09	3.359500e+03
2.218451e+09	3.359500e+03
2.225505e+09	3.359500e+03
2.232581e+09	3.359500e+03
2.239680e+09	3.359500e+03
2.246801e+09	3.359500e+03
2.253945e+09	3.359500e+03
2.261112e+09	3.359500e+03
2.268301e+09	3.359500e+03
2.275513e+09	3.359500e+03
2.282749e+09	3.359500e+03
2.290007e+09	3.359500e+03
2.297288e+09	3.359500e+03
2.304592e+09	3.359500e+03
2.311920e+09	3.359500e+03
2.319271e+09	3.359500e+03
2.326645e+09	3.359500e+03
2.334043e+09	3.359500e+03
2.341464e+09	3.359500e+03
2.348909e+09	3.359500e+03
2.356378e+09	3.359500e+03
2.363870e+09	3.359500e+03
2.371386e+09	3.359500e+03
2.378926e+09	3.359500e+03
2.386490e+09	3.359500e+03
2.394078e+09	3.359500e+03
2.401691e+09	3.359500e+03
2.409327e+09	3.359500e+03
2.416988e+09	3.359500e+03
2.424673e+09	3.359500e+03
2.432382e+09	3.359500e+03
2.440116e+09	3.359500e+03
2.447875e+09	3.359500e+03
2.455658e+09	3.359500e+03
2.463466e+09	3.359500e+03
2.471299e+09	3.359500e+03
2.479156e+09	3.359500e+03
2.487039e+09	3.359500e+03
2.494947e+09	3.359500e+03
2.502880e+09	3.359500e+03
2.510838e+09	3.359500e+03
2.518821e+09	3.359500e+03
2.526830e+09	3.359500e+03
2.534864e+09	3.359500e+03
2.542924e+09	3.359500e+03
2.551009e+09	3.359500e+03
2.559121e+09	3.359500e+03
2.567257e+09	3.359500e+03
2.575420e+09	3.359500e+03
2.583609e+09	3.359500e+03
2.591824e+09	3.359500e+03
2.600065e+09	3.359500e+03
2.608332e+09	3.359500e+03
2.616625e+09	3.359500e+03
2.624945e+09	3.359500e+03
2.633291e+09	3.359500e+03
2.641664e+09	3.359500e+03
2.650063e+09	3.359500e+03
2.658490e+09	3.359500e+03
2.666942e+09	3.359500e+03
2.675422e+09	3.359500e+03
2.683929e+09	3.359500e+03
2.692463e+09	3.359500e+03
2.701024e+09	3.359500e+03
2.709612e+09	3.359500e+03
2.718227e+09	3.359500e+03
2.726870e+09	3.359500e+03
2.735540e+09	3.359500e+03
2.744238e+09	3.359500e+03
2.752964e+09	3.359500e+03
2.761717e+09	3.359500e+03
2.770498e+09	3.359500e+03
2.779307e+09	3.359500e+03
2.788144e+09	3.359500e+03
2.797009e+09	3.359500e+03
2.805903e+09	3.359500e+03
2.814824e+09	3.359500e+03
2.823774e+09	3.359500e+03
2.832753e+09	3.359500e+03
2.841760e+09	3.359500e+03
2.850795e+09	3.359500e+03
2.859860e+09	3.359500e+03
2.868953e+09	3.359500e+03
2.878075e+09	3.359500e+03
2.887226e+09	3.359500e+03
2.896406e+09	3.359500e+03
2.905615e+09	3.359500e+03
2.914854e+09	3.359500e+03
2.924122e+09	3.359500e+03
2.933420e+09	3.359500e+03
2.942747e+09	3.359500e+03
2.952103e+09	3.359500e+03
2.961490e+09	3.359500e+03
2.970906e+09	3.359500e+03
2.980352e+09	3.359500e+03
2.989829e+09	3.359500e+03
2.999335e+09	3.359500e+03
3.008872e+09	3.359500e+03
3.018439e+09	3.359500e+03
3.028036e+09	3.359500e+03
3.037664e+09	3.359500e+03
3.047322e+09	3.359500e+03
3.057012e+09	3.359500e+03
3.066732e+09	3.359500e+03
3.076483e+09	3.359500e+03
3.086265e+09	3.359500e+03
3.096078e+09	3.359500e+03
3.105922e+09	3.359500e+03
3.115797e+09	3.359500e+03
3.125704e+09	3.359500e+03
3.135643e+09	3.359500e+03
3.145613e+09	3.359500e+03
3.155615e+09	3.359500e+03
3.165648e+09	3.359500e+03
3.175714e+09	3.359500e+03
3.185811e+09	3.359500e+03
3.195941e+09	3.359500e+03
3.206102e+09	3.359500e+03
3.216296e+09	3.359500e+03
3.226523e+09	3.359500e+03
3.236782e+09	3.359500e+03
3.247073e+09	3.359500e+03
3.257398e+09	3.359500e+03
3.267755e+09	3.359500e+03
3.278145e+09	3.359500e+03
3.288568e+09	3.359500e+03
3.299024e+09	3.359500e+03
3.309514e+09	3.359500e+03
3.320037e+09	3.359500e+03
3.330593e+09	3.359500e+03
3.341183e+09	3.359500e+03
3.351807e+09	3.359500e+03
3.362464e+09	3.359500e+03
3.373155e+09	3.359500e+03
3.383880e+09	3.359500e+03
3.394640e+09	3.359500e+03
3.405433e+09	3.359500e+03
3.416261e+09	3.359500e+03
3.427124e+09	3.359500e+03
3.438020e+09	3.359500e+03
3.448952e+09	3.359500e+03
3.459918e+09	3.359500e+03
3.470919e+09	3.359500e+03
3.481955e+09	3.359500e+03
3.493026e+09	3.359500e+03
3.504133e+09	3.359500e+03
3.515274e+09	3.359500e+03
3.526452e+09	3.359500e+03
3.537664e+09	3.359500e+03
3.548912e+09	3.359500e+03
3.560197e+09	3.359500e+03
3.571516e+09	3.359500e+03
3.582872e+09	3.359500e+03
3.594264e+09	3.359500e+03
3.605693e+09	3.359500e+03
3.617157e+09	3.359500e+03
3.628658e+09	3.359500e+03
3.640196e+09	3.359500e+03
3.651770e+09	3.359500e+03
3.663381e+09	3.359500e+03
3.675029e+09	3.359500e+03
3.686715e+09	3.359500e+03
3.698437e+09	3.359500e+03
3.710196e+09	3.359500e+03
3.721993e+09	3.359500e+03
3.733827e+09	3.359500e+03
3.745700e+09	3.359500e+03
3.757609e+09	3.359500e+03
3.769557e+09	3.359500e+03
3.781543e+09	3.359500e+03
3.793566e+09	3.359500e+03
3.805628e+09	3.359500e+03
3.817729e+09	3.359500e+03
3.829867e+09	3.359500e+03
3.842045e+09	3.359500e+03
3.854261e+09	3.359500e+03
3.866516e+09	3.359500e+03
3.878810e+09	3.359500e+03
3.891143e+09	3.359500e+03
3.903515e+09	3.359500e+03
3.915926e+09	3.359500e+03
3.928377e+09	3.359500e+03
3.940868e+09	3.359500e+03
3.953398e+09	3.359500e+03
3.965969e+09	3.359500e+03
3.978579e+09	3.359500e+03
3.991229e+09	3.359500e+03
4.003919e+09	3.359500e+03
4.016650e+09	3.359500e+03
4.029421e+09	3.359500e+03
4.042233e+09	3.359500e+03
4.055086e+09	3.359500e+03
4.067979e+09	3.359500e+03
4.080914e+09	3.359500e+03
4.093889e+09	3.359500e+03
4.106906e+09	3.359500e+03
4.119965e+09	3.359500e+03
4.133064e+09	3.359500e+03
4.146206e+09	3.359500e+03
4.159389e+09	3.359500e+03
4.172614e+09	3.359500e+03
4.185881e+09	3.359500e+03
4.199191e+09	3.359500e+03
4.212542e+09	3.359500e+03
4.225936e+09	3.359500e+03
4.239373e+09	3.359500e+03
4.252853e+09	3.359500e+03
4.266375e+09	3.359500e+03
4.279940e+09	3.359500e+03
4.293549e+09	3.359500e+03
4.307200e+09	3.359500e+03
4.320895e+09	3.359500e+03
4.334634e+09	3.359500e+03
4.348416e+09	3.359500e+03
4.362243e+09	3.359500e+03
4.376113e+09	3.359500e+03
4.390027e+09	3.359500e+03
4.403985e+09	3.359500e+03
4.417988e+09	3.359500e+03
4.432036e+09	3.359500e+03
4.446128e+09	3.359500e+03
4.460264e+09	3.359500e+03
4.474446e+09	3.359500e+03
4.488673e+09	3.359500e+03
4.502945e+09	3.359500e+03
4.517263e+09	3.359500e+03
4.531626e+09	3.359500e+03
4.546034e+09	3.359500e+03
4.560489e+09	3.359500e+03
4.574989e+09	3.359500e+03
4.589536e+09	3.359500e+03
4.604129e+09	3.359500e+03
4.618768e+09	3.359500e+03
4.633454e+09	3.359500e+03
4.648186e+09	3.359500e+03
4.662965e+09	3.359500e+03
4.677792e+09	3.359500e+03
4.692665e+09	3.359500e+03
4.707586e+09	3.359500e+03
4.722554e+09	3.359500e+03
4.737570e+09	3.359500e+03
4.752633e+09	3.359500e+03
4.767745e+09	3.359500e+03
4.782904e+09	3.359500e+03
4.798112e+09	3.359500e+03
4.813368e+09	3.359500e+03
4.828672e+09	3.359500e+03
4.844025e+09	3.359500e+03
4.859427e+09	3.359500e+03
4.874878e+09	3.359500e+03
4.890378e+09	3.359500e+03
4.905928e+09	3.359500e+03
4.921527e+09	3.359500e+03
4.937175e+09	3.359500e+03
4.952873e+09	3.359500e+03
4.968621e+09	3.359500e+03
4.984419e+09	3.359500e+03
5.000268e+09	3.359500e+03
5.016167e+09	3.359500e+03
5.032116e+09	3.359500e+03
5.048116e+09	3.359500e+03
5.064167e+09	3.359500e+03
5.080269e+09	3.359500e+03
5.096422e+09	3.359500e+03
5.112626e+09	3.359500e+03
5.128882e+09	3.359500e+03
5.145190e+09	3.359500e+03
5.161550e+09	3.359500e+03
5.177961e+09	3.359500e+03
5.194425e+09	3.359500e+03
5.210941e+09	3.359500e+03
5.227510e+09	3.359500e+03
5.244131e+09	3.359500e+03
5.260805e+09	3.359500e+03
5.277532e+09	3.359500e+03
5.294313e+09	3.359500e+03
5.311146e+09	3.359500e+03
5.328034e+09	3.359500e+03
5.344975e+09	3.359500e+03
5.361969e+09	3.359500e+03
5.379018e+09	3.359500e+03
5.396121e+09	3.359500e+03
5.413279e+09	3.359500e+03
5.430491e+09	3.359500e+03
5.447757e+09	3.359500e+03
5.465079e+09	3.359500e+03
5.482456e+09	3.359500e+03
5.499888e+09	3.359500e+03
5.517375e+09	3.359500e+03
5.534918e+09	3.359500e+03
5.552517e+09	3.359500e+03
5.570171e+09	3.359500e+03
5.587882e+09	3.359500e+03
5.605649e+09	3.359500e+03
5.623473e+09	3.359500e+03
5.641353e+09	3.359500e+03
5.659290e+09	3.359500e+03
5.677285e+09	3.359500e+03
5.695336e+09	3.359500e+03
5.713445e+09	3.359500e+03
5.731611e+09	3.359500e+03
5.749835e+09	3.359500e+03
5.768117e+09	3.359500e+03
5.786458e+09	3.359500e+03
5.804856e+09	3.359500e+03
5.823313e+09	3.359500e+03
5.841829e+09	3.359500e+03
5.860403e+09	3.359500e+03
5.879037e+09	3.359500e+03
5.897730e+09	3.359500e+03
5.916482e+09	3.359500e+03
5.935294e+09	3.359500e+03
5.954166e+09	3.359500e+03
5.973098e+09	3.359500e+03
5.992090e+09	3.359500e+03
6.011142e+09	3.359500e+03
6.030255e+09	3.359500e+03
6.049429e+09	3.359500e+03
6.068663e+09	3.359500e+03
6.087959e+09	3.359500e+03
6.107316e+09	3.359500e+03
6.126735e+09	3.359500e+03
6.146215e+09	3.359500e+03
6.165758e+09	3.359500e+03
6.185362e+09	3.359500e+03
6.205029e+09	3.359500e+03
6.224759e+09	3.359500e+03
6.244551e+09	3.359500e+03
6.264406e+09	3.359500e+03
6.284324e+09	3.359500e+03
6.304306e+09	3.359500e+03
6.324351e+09	3.359500e+03
6.344460e+09	3.359500e+03
6.364632e+09	3.359500e+03
6.384869e+09	3.359500e+03
6.405170e+09	3.359500e+03
6.425536e+09	3.359500e+03
6.445967e+09	3.359500e+03
6.466462e+09	3.359500e+03
6.487023e+09	3.359500e+03
6.507649e+09	3.359500e+03
6.528340e+09	3.359500e+03
6.549098e+09	3.359500e+03
6.569921e+09	3.359500e+03
6.590811e+09	3.359500e+03
6.611767e+09	3.359500e+03
6.632790e+09	3.359500e+03
6.653879e+09	3.359500e+03
6.675036e+09	3.359500e+03
6.696260e+09	3.359500e+03
6.717551e+09	3.359500e+03
6.738910e+09	3.359500e+03
6.760337e+09	3.359500e+03
6.781832e+09	3.359500e+03
6.803395e+09	3.359500e+03
6.825027e+09	3.359500e+03
6.846728e+09	3.359500e+03
6.868498e+09	3.359500e+03
6.890337e+09	3.359500e+03
6.912245e+09	3.359500e+03
6.934223e+09	3.359500e+03
6.956271e+09	3.359500e+03
6.978389e+09	3.359500e+03
7.000577e+09	3.359500e+03
7.022836e+09	3.359500e+03
7.045166e+09	3.359500e+03
7.067567e+09	3.359500e+03
7.090039e+09	3.359500e+03
7.112582e+09	3.435825e+03
7.135197e+09	3.436218e+03
7.157884e+09	3.436613e+03
7.180643e+09	3.437008e+03
7.203475e+09	3.437405e+03
7.226379e+09	3.437804e+03
7.249356e+09	3.438203e+03
7.272405e+09	3.438604e+03
7.295529e+09	3.439006e+03
7.318725e+09	3.439409e+03
7.341996e+09	3.439814e+03
7.365340e+09	3.440220e+03
7.388759e+09	3.440627e+03
7.412252e+09	3.441036e+03
7.435820e+09	3.441445e+03
7.459463e+09	3.441857e+03
7.483181e+09	3.442269e+03
7.506974e+09	3.442683e+03
7.530843e+09	3.443098e+03
7.554788e+09	3.443514e+03
7.578809e+09	3.443932e+03
7.602907e+09	3.444351e+03
7.627081e+09	3.444771e+03
7.651332e+09	3.445193e+03
7.675660e+09	3.445616e+03
7.700065e+09	3.446040e+03
7.724548e+09	3.446466e+03
7.749109e+09	3.446893e+03
7.773748e+09	3.447321e+03
7.798465e+09	3.447751e+03
7.823261e+09	3.448182e+03
7.848136e+09	3.448615e+03
7.873090e+09	3.449049e+03
7.898123e+09	3.449484e+03
7.923236e+09	3.449921e+03
7.948428e+09	3.450359e+03
7.973701e+09	3.450798e+03
7.999054e+09	3.451239e+03
8.024488e+09	3.451681e+03
8.050002e+09	3.452125e+03
8.075598e+09	3.452570e+03
8.101275e+09	3.453017e+03
8.127034e+09	3.453465e+03
8.152874e+09	3.453914e+03
8.178797e+09	3.454365e+03
8.204802e+09	3.454817e+03
8.230890e+09	3.455270e+03
8.257061e+09	3.455725e+03
8.283315e+09	3.456182e+03
8.309652e+09	3.456640e+03
8.336074e+09	3.457099e+03
8.362579e+09	3.457560e+03
8.389168e+09	3.458023e+03
8.415842e+09	3.458486e+03
8.442601e+09	3.458952e+03
8.469445e+09	3.459419e+03
8.496375e+09	3.459887e+03
8.523389e+09	3.460357e+03
8.550490e+09	3.460828e+03
8.577677e+09	3.461300e+03
8.604951e+09	3.461775e+03
8.632311e+09	3.462250e+03
8.659758e+09	3.462728e+03
8.687292e+09	3.463207e+03
8.714914e+09	3.463687e+03
8.742624e+09	3.464169e+03
8.770422e+09	3.464652e+03
8.798308e+09	3.465137e+03
8.826283e+09	3.465623e+03
8.854347e+09	3.466111e+03
8.882500e+09	3.466601e+03
8.910743e+09	3.467092e+03
8.939076e+09	3.467585e+03
8.967498e+09	3.468079e+03
8.996011e+09	3.468575e+03
9.024615e+09	3.469072e+03
9.053309e+09	3.469571e+03
9.082095e+09	3.470071e+03
9.110972e+09	3.470574e+03
9.139941e+09	3.471077e+03
9.169002e+09	3.471583e+03
9.198156e+09	3.472090e+03
9.227402e+09	3.472598e+03
9.256742e+09	3.473108e+03
9.286174e+09	3.473620e+03
9.315700e+09	3.474133e+03
9.345320e+09	3.474649e+03
9.375035e+09	3.475165e+03
9.404843e+09	3.475684e+03
9.434747e+09	3.476204e+03
9.464745e+09	3.476725e+03
9.494839e+09	3.477248e+03
9.525029e+09	3.477773e+03
9.555315e+09	3.478300e+03
9.585697e+09	3.478828e+03
9.616175e+09	3.479358e+03
9.646750e+09	3.479890e+03
9.677423e+09	3.480423e+03
9.708193e+09	3.480958e+03
9.739061e+09	3.481495e+03
9.770027e+09	3.482033e+03
9.801092e+09	3.482574e+03
9.832255e+09	3.483116e+03
9.863518e+09	3.483659e+03
9.894880e+09	3.484204e+03
9.926341e+09	3.484752e+03
9.957903e+09	3.485300e+03
9.989565e+09	3.485851e+03
1.002133e+10	3.486403e+03
1.005319e+10	3.486957e+03
1.008516e+10	3.487513e+03
1.011722e+10	3.488071e+03
1.014939e+10	3.488630e+03
1.018166e+10	3.489191e+03
1.021404e+10	3.489749e+03
1.024651e+10	3.490304e+03
1.027909e+10	3.490859e+03
1.031177e+10	3.491417e+03
1.034456e+10	3.491976e+03
1.037745e+10	3.492537e+03
1.041045e+10	3.493100e+03
1.044355e+10	3.493665e+03
1.047676e+10	3.494232e+03
1.051007e+10	3.494800e+03
1.054349e+10	3.495370e+03
1.057701e+10	3.495942e+03
1.061064e+10	3.496516e+03
1.064438e+10	3.497091e+03
1.067822e+10	3.497669e+03
1.071217e+10	3.498248e+03
1.074623e+10	3.498829e+03
1.078040e+10	3.499412e+03
1.081468e+10	3.499997e+03
1.084907e+10	3.500583e+03
1.088356e+10	3.501172e+03
1.091817e+10	3.501762e+03
1.095288e+10	3.502354e+03
1.098771e+10	3.502949e+03
1.102264e+10	3.503545e+03
1.105769e+10	3.504143e+03
1.109285e+10	3.504742e+03
1.112812e+10	3.505344e+03
1.116350e+10	3.505948e+03
1.119900e+10	3.506553e+03
1.123461e+10	3.507161e+03
1.127033e+10	3.507770e+03
1.130616e+10	3.508382e+03
1.134211e+10	3.508995e+03
1.137818e+10	3.509610e+03
1.141435e+10	3.510227e+03
1.145065e+10	3.510846e+03
1.148706e+10	3.511468e+03
1.152358e+10	3.512091e+03
1.156022e+10	3.512716e+03
1.159698e+10	3.513343e+03
1.163385e+10	3.513972e+03
1.167084e+10	3.514603e+03
1.170795e+10	3.515236e+03
1.174518e+10	3.515871e+03
1.178252e+10	3.516508e+03
1.181998e+10	3.517147e+03
1.185757e+10	3.517789e+03
1.189527e+10	3.518432e+03
1.193309e+10	3.519077e+03
1.197103e+10	3.519724e+03
1.200910e+10	3.520374e+03
1.204728e+10	3.521025e+03
1.208558e+10	3.521679e+03
1.212401e+10	3.522334e+03
1.216256e+10	3.522992e+03
1.220123e+10	3.523652e+03
1.224003e+10	3.524314e+03
1.227895e+10	3.524977e+03
1.231799e+10	3.525644e+03
1.235715e+10	3.526312e+03
1.239644e+10	3.526982e+03
1.243586e+10	3.527654e+03
1.247540e+10	3.528329e+03
1.251507e+10	3.529006e+03
1.255486e+10	3.529685e+03
1.259478e+10	3.530366e+03
1.263483e+10	3.531049e+03
1.267500e+10	3.531734e+03
1.271530e+10	3.532422e+03
1.275573e+10	3.533112e+03
1.279629e+10	3.533803e+03
1.283697e+10	3.534498e+03
1.287779e+10	3.535194e+03
1.291874e+10	3.535893e+03
1.295981e+10	3.536593e+03
1.300102e+10	3.537296e+03
1.304236e+10	3.538002e+03
1.308383e+10	3.538709e+03
1.312543e+10	3.539419e+03
1.316716e+10	3.540131e+03
1.320903e+10	3.540845e+03
1.325103e+10	3.541561e+03
1.329316e+10	3.542280e+03
1.333543e+10	3.543001e+03
1.337783e+10	3.724708e+03
1.342036e+10	3.726126e+03
1.346303e+10	3.727548e+03
1.350584e+10	3.728976e+03
1.354878e+10	3.730407e+03
1.359186e+10	3.731843e+03
1.363508e+10	3.733284e+03
1.367843e+10	3.734730e+03
1.372193e+10	3.736180e+03
1.376556e+10	3.737634e+03
1.380932e+10	3.739093e+03
1.385323e+10	3.740557e+03
1.389728e+10	3.742026e+03
1.394147e+10	3.743499e+03
1.398580e+10	3.744977e+03
1.403026e+10	3.746459e+03
1.407488e+10	3.747946e+03
1.411963e+10	3.749438e+03
1.416452e+10	3.750935e+03
1.420956e+10	3.752437e+03
1.425474e+10	3.753943e+03
1.430006e+10	3.755454e+03
1.434553e+10	3.756970e+03
1.439114e+10	3.758490e+03
1.443690e+10	3.760016e+03
1.448281e+10	3.761546e+03
1.452886e+10	3.763081e+03
1.457505e+10	3.764622e+03
1.462139e+10	3.766167e+03
1.466788e+10	3.767716e+03
1.471452e+10	3.769271e+03
1.476131e+10	3.770831e+03
1.480824e+10	3.772396e+03
1.485533e+10	3.773966e+03
1.490256e+10	3.775540e+03
1.494994e+10	3.777120e+03
1.499748e+10	3.778705e+03
1.504516e+10	3.780294e+03
1.509300e+10	3.781889e+03
1.514099e+10	3.783489e+03
1.518913e+10	3.785094e+03
1.523743e+10	3.786704e+03
1.528588e+10	3.788319e+03
1.533448e+10	3.789940e+03
1.538324e+10	3.791565e+03
1.543215e+10	3.793196e+03
1.548122e+10	3.794832e+03
1.553044e+10	3.796473e+03
1.557982e+10	3.798119e+03
1.562936e+10	3.799771e+03
1.567905e+10	3.801427e+03
1.572891e+10	3.803089e+03
1.577892e+10	3.804757e+03
1.582909e+10	3.806429e+03
1.587942e+10	3.808107e+03
1.592991e+10	3.809791e+03
1.598056e+10	3.811479e+03
1.603137e+10	3.813173e+03
1.608234e+10	3.814873e+03
1.613348e+10	3.816577e+03
1.618478e+10	3.818288e+03
1.623624e+10	3.820003e+03
1.628786e+10	3.821724e+03
1.633965e+10	3.823451e+03
1.639160e+10	3.825183e+03
1.644372e+10	3.826920e+03
1.649601e+10	3.828664e+03
1.654846e+10	3.830412e+03
1.660107e+10	3.832166e+03
1.665386e+10	3.833926e+03
1.670681e+10	3.835691e+03
1.675993e+10	3.837462e+03
1.681322e+10	3.839239e+03
1.686668e+10	3.841021e+03
1.692031e+10	3.842809e+03
1.697411e+10	3.844603e+03
1.702808e+10	3.846402e+03
1.708222e+10	3.848207e+03
1.713654e+10	3.850011e+03
1.719102e+10	3.851767e+03
1.724568e+10	3.853529e+03
1.730052e+10	3.855297e+03
1.735553e+10	3.857070e+03
1.741071e+10	3.858849e+03
1.746607e+10	3.860633e+03
1.752160e+10	3.862423e+03
1.757731e+10	3.864219e+03
1.763320e+10	3.866021e+03
1.768927e+10	3.867828e+03
1.774551e+10	3.869641e+03
1.780194e+10	3.871460e+03
1.785854e+10	3.873285e+03
1.791532e+10	3.875115e+03
1.797228e+10	3.876951e+03
1.802943e+10	3.878793e+03
1.808676e+10	3.880641e+03
1.814426e+10	3.882495e+03
1.820195e+10	3.884355e+03
1.825983e+10	3.886220e+03
1.831789e+10	3.888092e+03
1.837613e+10	3.889969e+03
1.843456e+10	3.891853e+03
1.849317e+10	3.893742e+03
1.855197e+10	3.895638e+03
1.861096e+10	3.897539e+03
1.867014e+10	3.899447e+03
1.872950e+10	3.901360e+03
1.878905e+10	3.903280e+03
1.884879e+10	3.905206e+03
1.890873e+10	3.907138e+03
1.896885e+10	3.909076e+03
1.902916e+10	3.911020e+03
1.908966e+10	3.912970e+03
1.915036e+10	3.914927e+03
1.921125e+10	3.916890e+03
1.927234e+10	3.918859e+03
1.933361e+10	3.920834e+03
1.939509e+10	3.922816e+03
1.945676e+10	3.924804e+03
1.951862e+10	3.926798e+03
1.958068e+10	3.928798e+03
1.964294e+10	3.930805e+03
1.970540e+10	3.932819e+03
1.976805e+10	3.934838e+03
1.983090e+10	3.936864e+03
1.989396e+10	3.938897e+03
1.995721e+10	3.940936e+03
2.002067e+10	3.942982e+03
2.008433e+10	3.945034e+03
2.014819e+10	3.947092e+03
2.021225e+10	3.949157e+03
2.027652e+10	3.951229e+03
2.034099e+10	3.953307e+03
2.040566e+10	3.955392e+03
2.047054e+10	3.957483e+03
2.053563e+10	3.959582e+03
2.060093e+10	3.961686e+03
2.066643e+10	3.963798e+03
2.073214e+10	3.965916e+03
2.079806e+10	3.968041e+03
2.086419e+10	3.970173e+03
2.093053e+10	3.972311e+03
2.099708e+10	3.974456e+03
2.106384e+10	3.975979e+03
2.113081e+10	3.976371e+03
2.119800e+10	3.976763e+03
2.126540e+10	3.977157e+03
2.133302e+10	3.977552e+03
2.140085e+10	3.977948e+03
2.146889e+10	3.978346e+03
2.153715e+10	3.978745e+03
2.160563e+10	3.979145e+03
2.167433e+10	3.979546e+03
2.174325e+10	3.979949e+03
2.181238e+10	3.980352e+03
2.188174e+10	3.980758e+03
2.195131e+10	3.981164e+03
2.202111e+10	3.981572e+03
2.209112e+10	3.981981e+03
2.216136e+10	3.982391e+03
2.223183e+10	3.982803e+03
2.230252e+10	3.983216e+03
2.237343e+10	3.983630e+03
2.244457e+10	3.984046e+03
2.251593e+10	3.984463e+03
2.258752e+10	3.984881e+03
2.265934e+10	3.985301e+03
2.273139e+10	3.985722e+03
2.280367e+10	3.986144e+03
2.287617e+10	3.986567e+03
2.294891e+10	3.986992e+03
2.302188e+10	3.987419e+03
2.309508e+10	3.987846e+03
2.316851e+10	3.988275e+03
2.324218e+10	3.988706e+03
2.331608e+10	3.989138e+03
2.339021e+10	3.989571e+03
2.346458e+10	3.990005e+03
2.353919e+10	3.990441e+03
2.361403e+10	3.990878e+03
2.368912e+10	3.991317e+03
2.376444e+10	3.991757e+03
2.384000e+10	4.380850e+03
2.397229e+10	4.381112e+03
2.410531e+10	4.383069e+03
2.423907e+10	4.385034e+03
2.437358e+10	4.387008e+03
2.450883e+10	4.388990e+03
2.464483e+10	4.390980e+03
2.478158e+10	4.392980e+03
2.491909e+10	4.394988e+03
2.505737e+10	4.397004e+03
2.519641e+10	4.399030e+03
2.533623e+10	4.401064e+03
2.547682e+10	4.403106e+03
2.561819e+10	4.405158e+03
2.576035e+10	4.407218e+03
2.590329e+10	4.409288e+03
2.604703e+10	4.411366e+03
2.619157e+10	4.413453e+03
2.633690e+10	4.415549e+03
2.648305e+10	4.417653e+03
2.663000e+10	4.419767e+03
2.677777e+10	4.421890e+03
2.692636e+10	4.424022e+03
2.707578e+10	4.426163e+03
2.722602e+10	4.428313e+03
2.737710e+10	4.430473e+03
2.752902e+10	4.432641e+03
2.768178e+10	4.434819e+03
2.783538e+10	4.437006e+03
2.798984e+10	4.439202e+03
2.814516e+10	4.441407e+03
2.830134e+10	4.443622e+03
2.845838e+10	4.445846e+03
2.861630e+10	4.448079e+03
2.877509e+10	4.450322e+03
2.893476e+10	4.452574e+03
2.909532e+10	4.454836e+03
2.925677e+10	4.457107e+03
2.941912e+10	4.459388e+03
2.958237e+10	4.461678e+03
2.974652e+10	4.463978e+03
2.991159e+10	4.466288e+03
3.007757e+10	4.468607e+03
3.024447e+10	4.470936e+03
3.041229e+10	4.473274e+03
3.058105e+10	4.475623e+03
3.075075e+10	4.477981e+03
3.092138e+10	4.480349e+03
3.109297e+10	4.482726e+03
3.126550e+10	4.485114e+03
3.143900e+10	4.487511e+03
3.161345e+10	4.489918e+03
3.178888e+10	4.492336e+03
3.196527e+10	4.494763e+03
3.214265e+10	4.497200e+03
3.232101e+10	4.499648e+03
3.250036e+10	4.502105e+03
3.268070e+10	4.504573e+03
3.286205e+10	4.507050e+03
3.304440e+10	4.509538e+03
3.322777e+10	4.512036e+03
3.341215e+10	4.514544e+03
3.359755e+10	4.517063e+03
3.378399e+10	4.519591e+03
3.397145e+10	4.522131e+03
3.415996e+10	4.524680e+03
3.434952e+10	4.527240e+03
3.454012e+10	4.529810e+03
3.473179e+10	4.532391e+03
3.492451e+10	4.534982e+03
3.511831e+10	4.537584e+03
3.531318e+10	4.540196e+03
3.550914e+10	4.542818e+03
3.570618e+10	4.545452e+03
3.590431e+10	4.548096e+03
3.610355e+10	4.550750e+03
3.630389e+10	4.553416e+03
3.650534e+10	4.556092e+03
3.670791e+10	4.558779e+03
3.691160e+10	4.561476e+03
3.711642e+10	4.564185e+03
3.732238e+10	4.566904e+03
3.752949e+10	4.569634e+03
3.773774e+10	4.572375e+03
3.794714e+10	4.575127e+03
3.815771e+10	4.577890e+03
3.836945e+10	4.580664e+03
3.858237e+10	4.583450e+03
3.879646e+10	4.586246e+03
3.901174e+10	4.589053e+03
3.922822e+10	4.591871e+03
3.944590e+10	4.594701e+03
3.966478e+10	4.597542e+03
3.988488e+10	4.600393e+03
4.010621e+10	4.603257e+03
4.032876e+10	4.606131e+03
4.055254e+10	4.609017e+03
4.077757e+10	4.611914e+03
4.100384e+10	4.614823e+03
4.123138e+10	4.617743e+03
4.146017e+10	4.620674e+03
4.169023e+10	4.623617e+03
4.192157e+10	4.626572e+03
4.215420e+10	4.629538e+03
4.238811e+10	4.632516e+03
4.262332e+10	4.635505e+03
4.285984e+10	4.638506e+03
4.309767e+10	4.641518e+03
4.333682e+10	4.644542e+03
4.357730e+10	4.647578e+03
4.381911e+10	4.650626e+03
4.406226e+10	4.653686e+03
4.430677e+10	4.656757e+03
4.455263e+10	4.659841e+03
4.479985e+10	4.662936e+03
4.504844e+10	4.666043e+03
4.529842e+10	4.669162e+03
4.554978e+10	4.672293e+03
4.580254e+10	4.675436e+03
4.605670e+10	4.678592e+03
4.631227e+10	4.681759e+03
4.656925e+10	4.684938e+03
4.682767e+10	4.688130e+03
4.708752e+10	4.691334e+03
4.734881e+10	4.694550e+03
4.761155e+10	4.697778e+03
4.787574e+10	4.701019e+03
4.814141e+10	4.704272e+03
4.840854e+10	4.707537e+03
4.867716e+10	4.710815e+03
4.894728e+10	4.714105e+03
4.921889e+10	4.717407e+03
4.949200e+10	4.720722e+03
4.976663e+10	4.724050e+03
5.004279e+10	4.727390e+03
5.032048e+10	4.730743e+03
5.059971e+10	4.734108e+03
5.088049e+10	4.737486e+03
5.116282e+10	4.740877e+03
5.144673e+10	4.744280e+03
5.173221e+10	4.747697e+03
5.201927e+10	4.751126e+03
5.230793e+10	4.754567e+03
5.259818e+10	4.758022e+03
5.289005e+10	4.761490e+03
5.318354e+10	4.764970e+03
5.347866e+10	4.768463e+03
5.377541e+10	4.771970e+03
5.407381e+10	4.775489e+03
5.437387e+10	4.779022e+03
5.467559e+10	4.782567e+03
5.497899e+10	4.786126e+03
5.528407e+10	4.789698e+03
5.559084e+10	4.793283e+03
5.589931e+10	4.796881e+03
5.620950e+10	4.800492e+03
5.652141e+10	4.804117e+03
5.683505e+10	4.807755e+03
5.715043e+10	4.811407e+03
5.746756e+10	4.815071e+03
5.778644e+10	4.818750e+03
5.810710e+10	4.822441e+03
5.842954e+10	4.826147e+03
5.875377e+10	4.829865e+03
5.907979e+10	4.833597e+03
5.940763e+10	4.837343e+03
5.973728e+10	4.841103e+03
6.006877e+10	4.844876e+03
6.040209e+10	4.848663e+03
6.073726e+10	4.852463e+03
6.107429e+10	4.856277e+03
6.141320e+10	4.860105e+03
6.175398e+10	4.863947e+03
6.209665e+10	4.867803e+03
6.244123e+10	4.871673e+03
6.278772e+10	4.875556e+03
6.313613e+10	4.879454e+03
6.348647e+10	4.883365e+03
6.383876e+10	4.887291e+03
6.419300e+10	4.891230e+03
6.454921e+10	4.895184e+03
6.490740e+10	4.899152e+03
6.526757e+10	4.903133e+03
6.562974e+10	4.907130e+03
6.599392e+10	4.911140e+03
6.636012e+10	4.915165e+03
6.672836e+10	4.919204e+03
6.709863e+10	4.923257e+03
6.747096e+10	4.927324e+03
6.784536e+10	4.931406e+03
6.822184e+10	4.935503e+03
6.860040e+10	4.939614e+03
6.898107e+10	4.943739e+03
6.936385e+10	4.947879e+03
6.974875e+10	4.952034e+03
7.013578e+10	4.956203e+03
7.052497e+10	4.960386e+03
7.091631e+10	4.964585e+03
7.130983e+10	4.968798e+03
7.170553e+10	4.973026e+03
7.210343e+10	4.977268e+03
7.250353e+10	4.981526e+03
7.290585e+10	4.985798e+03
7.331041e+10	4.990085e+03
7.371721e+10	4.994387e+03
7.412627e+10	4.998704e+03
7.453760e+10	5.003036e+03
7.495121e+10	5.007384e+03
7.536711e+10	5.011746e+03
7.578533e+10	5.016123e+03
7.620586e+10	5.020515e+03
7.662873e+10	5.024922e+03
7.705395e+10	5.029345e+03
7.748152e+10	5.033783e+03
7.791147e+10	5.038236e+03
7.834380e+10	5.042704e+03
7.877853e+10	5.047188e+03
7.921567e+10	5.051687e+03
7.965524e+10	5.056202e+03
8.009725e+10	5.060732e+03
8.054171e+10	5.065277e+03
8.098864e+10	5.069838e+03
8.143805e+10	5.074414e+03
8.188995e+10	5.079006e+03
8.234436e+10	5.083614e+03
8.280129e+10	5.088237e+03
8.326076e+10	5.092876e+03
8.372277e+10	5.097531e+03
8.418735e+10	5.102201e+03
8.465451e+10	5.106887e+03
8.512426e+10	5.111589e+03
8.559662e+10	5.116307e+03
8.607159e+10	5.121041e+03
8.654921e+10	5.125791e+03
8.702947e+10	5.130556e+03
8.751240e+10	5.135338e+03
8.799801e+10	5.140136e+03
8.848631e+10	5.144949e+03
8.897732e+10	5.149779e+03
8.947106e+10	5.154625e+03
8.996754e+10	5.159487e+03
9.046677e+10	5.164365e+03
9.096877e+10	5.169260e+03
9.147356e+10	5.174171e+03
9.198115e+10	5.179098e+03
9.249155e+10	5.184042e+03
9.300479e+10	5.189002e+03
9.352088e+10	5.193978e+03
9.403983e+10	5.198971e+03
9.456166e+10	5.203980e+03
9.508638e+10	5.209006e+03
9.561402e+10	5.214048e+03
9.614458e+10	5.219107e+03
9.667809e+10	5.224183e+03
9.721456e+10	5.229275e+03
9.775400e+10	5.234384e+03
9.829644e+10	5.239510e+03
9.884189e+10	5.244652e+03
9.939037e+10	5.249812e+03
9.994189e+10	5.254988e+03
1.004965e+11	5.260181e+03
1.010541e+11	5.265391e+03
1.016149e+11	5.270618e+03
1.021787e+11	5.275862e+03
1.027457e+11	5.281123e+03
1.033159e+11	5.286401e+03
1.038892e+11	5.291696e+03
1.044657e+11	5.297009e+03
1.050453e+11	5.302338e+03
1.056282e+11	5.307685e+03
1.062144e+11	5.313049e+03
1.068038e+11	5.318430e+03
1.073964e+11	5.323829e+03
1.079924e+11	5.329245e+03
1.085916e+11	5.334678e+03
1.091942e+11	5.340129e+03
1.098001e+11	5.345598e+03
1.104094e+11	5.351083e+03
1.110221e+11	5.356587e+03
1.116381e+11	5.362108e+03
1.122576e+11	5.367646e+03
1.128805e+11	5.373203e+03
1.135069e+11	5.378777e+03
1.141368e+11	5.384368e+03
1.147701e+11	5.389978e+03
1.154070e+11	5.395605e+03
1.160474e+11	5.401250e+03
1.166913e+11	5.406913e+03
1.173388e+11	5.412594e+03
1.179899e+11	5.418293e+03
1.186447e+11	5.424010e+03
1.193030e+11	5.429745e+03
1.199651e+11	5.435498e+03
1.206307e+11	5.441269e+03
1.213001e+11	5.447058e+03
1.219732e+11	5.452866e+03
1.226501e+11	5.458691e+03
1.233306e+11	5.464535e+03
1.240150e+11	5.470398e+03
1.247032e+11	5.476278e+03
1.253951e+11	5.482177e+03
1.260910e+11	5.488095e+03
1.267906e+11	5.494030e+03
1.274942e+11	5.499985e+03
1.282017e+11	5.505958e+03
1.289131e+11	5.511949e+03
1.296284e+11	5.517959e+03
1.303477e+11	5.523988e+03
1.310710e+11	5.530035e+03
1.317983e+11	5.536101e+03
1.325297e+11	5.542186e+03
1.332651e+11	5.548290e+03
1.340046e+11	5.554412e+03
1.347482e+11	5.560553e+03
1.354959e+11	5.566714e+03
1.362478e+11	5.572893e+03
1.370038e+11	5.579091e+03
1.377641e+11	5.585308e+03
1.385285e+11	5.591545e+03
1.392972e+11	5.597800e+03
1.400702e+11	5.604075e+03
1.408474e+11	5.610368e+03
1.416290e+11	5.616681e+03
1.424149e+11	5.623013e+03
1.432052e+11	5.629365e+03
1.439998e+11	5.635736e+03
1.447989e+11	5.642126e+03
1.456024e+11	5.648536e+03
1.464103e+11	5.654965e+03
1.472227e+11	5.661414e+03
1.480397e+11	5.667882e+03
1.488612e+11	5.674370e+03
1.496872e+11	5.680877e+03
1.505178e+11	5.687404e+03
1.513530e+11	5.693951e+03
1.521929e+11	5.700517e+03
1.530374e+11	5.707104e+03
1.538866e+11	5.713710e+03
1.547406e+11	5.720336e+03
1.555992e+11	5.726982e+03
1.564626e+11	5.733648e+03
1.573309e+11	5.740333e+03
1.582039e+11	5.747039e+03
1.590818e+11	5.753765e+03
1.599645e+11	5.760511e+03
1.608522e+11	5.767277e+03
1.617447e+11	5.774064e+03
1.626423e+11	5.780870e+03
1.635448e+11	5.787697e+03
1.644523e+11	5.794544e+03
1.653648e+11	5.801412e+03
1.662824e+11	5.808300e+03
1.672051e+11	5.815208e+03
1.681330e+11	5.822137e+03
1.690659e+11	5.829086e+03
1.700041e+11	5.836056e+03
1.709475e+11	5.843046e+03
1.718960e+11	5.850057e+03
1.728499e+11	5.857089e+03
1.738090e+11	5.864142e+03
1.747735e+11	5.871215e+03
1.757433e+11	5.878309e+03
1.767185e+11	5.885424e+03
1.776992e+11	5.892560e+03
1.786852e+11	5.899716e+03
1.796767e+11	5.906894e+03
1.806738e+11	5.914093e+03
1.816763e+11	5.921313e+03
1.826845e+11	5.928554e+03
1.836982e+11	5.935816e+03
1.847175e+11	5.943099e+03
1.857425e+11	5.950403e+03
1.867732e+11	5.957729e+03
1.878096e+11	5.965076e+03
1.888518e+11	5.972444e+03
1.898997e+11	5.979834e+03
1.909535e+11	5.987245e+03
1.920131e+11	5.994678e+03
1.930786e+11	6.002132e+03
1.941500e+11	6.009608e+03
1.952273e+11	6.017106e+03
1.963106e+11	6.024625e+03
1.974000e+11	6.032165e+03
1.984953e+11	6.039728e+03
1.995968e+11	6.047312e+03
2.007044e+11	6.054918e+03
2.018181e+11	6.062546e+03
2.029380e+11	6.070196e+03
2.040641e+11	6.077868e+03
2.051964e+11	6.085562e+03
2.063351e+11	6.093278e+03
2.074800e+11	6.101016e+03
2.086313e+11	6.108776e+03
2.097890e+11	6.116559e+03
2.109532e+11	6.124363e+03
2.121238e+11	6.132190e+03
2.133008e+11	6.140039e+03
2.144844e+11	6.147911e+03
2.156746e+11	6.155805e+03
2.168714e+11	6.163721e+03
2.180748e+11	6.171660e+03
2.192849e+11	6.179622e+03
2.205018e+11	6.187606e+03
2.217253e+11	6.195612e+03
2.229557e+11	6.203642e+03
2.241929e+11	6.211694e+03
2.254369e+11	6.219769e+03
2.266879e+11	6.227866e+03
2.279458e+11	6.235987e+03
2.292106e+11	6.244130e+03
2.304825e+11	6.252296e+03
2.317615e+11	6.260486e+03
2.330475e+11	6.268698e+03
2.343407e+11	6.276934e+03
2.356411e+11	6.285192e+03
2.369487e+11	6.293474e+03
2.382635e+11	6.301779e+03
2.395856e+11	6.310107e+03
2.409151e+11	6.318459e+03
2.422519e+11	6.326834e+03
2.435962e+11	6.335233e+03
2.449479e+11	6.343654e+03
2.463071e+11	6.352100e+03
2.476739e+11	6.360569e+03
2.490483e+11	6.369061e+03
2.504302e+11	6.377577e+03
2.518199e+11	6.386117e+03
2.532172e+11	6.394681e+03
2.546223e+11	6.403268e+03
2.560352e+11	6.411880e+03
2.574560e+11	6.420515e+03
2.588846e+11	6.429174e+03
2.603212e+11	6.437857e+03
2.617657e+11	6.446564e+03
2.632182e+11	6.455295e+03
2.646788e+11	6.464050e+03
2.661476e+11	6.472830e+03
2.676244e+11	6.481634e+03
2.691095e+11	6.490462e+03
2.706028e+11	6.499314e+03
2.721043e+11	6.508191e+03
2.736143e+11	6.517092e+03
2.751326e+11	6.526017e+03
2.766593e+11	6.534967e+03
2.781945e+11	6.543942e+03
2.797382e+11	6.552941e+03
2.812904e+11	6.561965e+03
2.828513e+11	6.571014e+03
2.844209e+11	6.580087e+03
2.859991e+11	6.589185e+03
2.875861e+11	6.598309e+03
2.891820e+11	6.607457e+03
2.907866e+11	6.616630e+03
2.924002e+11	6.625827e+03
2.940228e+11	6.635051e+03
2.956543e+11	6.644299e+03
2.972949e+11	6.653572e+03
2.989446e+11	6.662871e+03
3.006034e+11	6.672194e+03
3.022715e+11	6.681544e+03
3.039488e+11	6.690918e+03
3.056354e+11	6.700318e+03
3.073314e+11	6.709743e+03
3.090368e+11	6.719194e+03
3.107516e+11	6.728671e+03
3.124760e+11	6.738173e+03
3.142100e+11	6.747701e+03
3.159535e+11	6.757254e+03
3.177067e+11	6.766834e+03
3.194697e+11	6.776439e+03
3.212424e+11	6.786070e+03
3.230250e+11	6.795727e+03
3.248175e+11	6.805410e+03
3.266199e+11	6.815119e+03
3.284323e+11	6.824854e+03
3.302548e+11	6.834615e+03
3.320874e+11	6.844402e+03
3.339302e+11	6.854216e+03
3.357832e+11	6.864056e+03
3.376464e+11	6.873923e+03
3.395200e+11	6.883815e+03
3.414040e+11	6.893735e+03
3.432985e+11	6.903680e+03
3.452035e+11	6.913653e+03
3.471190e+11	6.923652e+03
3.490452e+11	6.933677e+03
3.509820e+11	6.943730e+03
3.529297e+11	6.953809e+03
3.548881e+11	6.963915e+03
3.568573e+11	6.974048e+03
3.588376e+11	6.984208e+03
3.608288e+11	6.994395e+03
3.628310e+11	7.004609e+03
3.648444e+11	7.014850e+03
3.668689e+11	7.025118e+03
3.689047e+11	7.035414e+03
3.709517e+11	7.045736e+03
3.730101e+11	7.056086e+03
3.750800e+11	7.066464e+03
3.771613e+11	7.076869e+03
3.792542e+11	7.087301e+03
3.813587e+11	7.097761e+03
3.834748e+11	7.108249e+03
3.856027e+11	7.118764e+03
3.877425e+11	7.129308e+03
3.898941e+11	7.139878e+03
3.920576e+11	7.150477e+03
3.942331e+11	7.161104e+03
3.964207e+11	7.171758e+03
3.986205e+11	7.182441e+03
4.008324e+11	7.193151e+03
4.030567e+11	7.203890e+03
4.052932e+11	7.214657e+03
4.075422e+11	7.225452e+03
4.098037e+11	7.236276e+03
4.120777e+11	7.247128e+03
4.143643e+11	7.258008e+03
4.166636e+11	7.268917e+03
4.189757e+11	7.279854e+03
4.213006e+11	7.290820e+03
4.236384e+11	7.301815e+03
4.259892e+11	7.312838e+03
4.283530e+11	7.323890e+03
4.307300e+11	7.334971e+03
4.331201e+11	7.346081e+03
4.355235e+11	7.357219e+03
4.379402e+11	7.368387e+03
4.403704e+11	7.379584e+03
4.428140e+11	7.390810e+03
4.452712e+11	7.402065e+03
4.477420e+11	7.413349e+03
4.502265e+11	7.424663e+03
4.527248e+11	7.436006e+03
4.552370e+11	7.447378e+03
4.577631e+11	7.458780e+03
4.603033e+11	7.470212e+03
4.628575e+11	7.481673e+03
4.654259e+11	7.493164e+03
4.680086e+11	7.504684e+03
4.706056e+11	7.516235e+03
4.732170e+11	7.527815e+03
4.758429e+11	7.539425e+03
4.784833e+11	7.551065e+03
4.811384e+11	7.562735e+03
4.838083e+11	7.574435e+03
4.864929e+11	7.586166e+03
4.891925e+11	7.597926e+03
4.919070e+11	7.609717e+03
4.946366e+11	7.621538e+03
4.973814e+11	7.633390e+03
5.001414e+11	7.645272e+03
5.029167e+11	7.657185e+03
5.057074e+11	7.669128e+03
5.085136e+11	7.681102e+03
5.113353e+11	7.693107e+03
5.141727e+11	7.705142e+03
5.170259e+11	7.717208e+03
5.198949e+11	7.729306e+03
5.227798e+11	7.741434e+03
5.256807e+11	7.753593e+03
5.285977e+11	7.765783e+03
5.315309e+11	7.778005e+03
5.344804e+11	7.790258e+03
5.374462e+11	7.802542e+03
5.404285e+11	7.814858e+03
5.434274e+11	7.827204e+03
5.464429e+11	7.839583e+03
5.494751e+11	7.851993e+03
5.525241e+11	7.864435e+03
5.555901e+11	7.876908e+03
5.586731e+11	7.889413e+03
5.617732e+11	7.901950e+03
5.648905e+11	7.914519e+03
5.680251e+11	7.927120e+03
5.711770e+11	7.939753e+03
5.743465e+11	7.952418e+03
5.775336e+11	7.965115e+03
5.807383e+11	7.977844e+03
5.839609e+11	7.990606e+03
5.872013e+11	8.003400e+03
5.904597e+11	8.016227e+03
5.937361e+11	8.029086e+03
5.970308e+11	8.041977e+03
6.003437e+11	8.054901e+03
6.036751e+11	8.067858e+03
6.070249e+11	8.080848e+03
6.103933e+11	8.093871e+03
6.137803e+11	8.106926e+03
6.171862e+11	8.120015e+03
6.206110e+11	8.133136e+03
6.240548e+11	8.146291e+03
6.275177e+11	8.159479e+03
6.309998e+11	8.172700e+03
6.345012e+11	8.185954e+03
6.380221e+11	8.199242e+03
6.415625e+11	8.212563e+03
6.451225e+11	8.225918e+03
6.487023e+11	8.239307e+03
6.523020e+11	8.252729e+03
6.559216e+11	8.266185e+03
6.595614e+11	8.279675e+03
6.632213e+11	8.293199e+03
6.669015e+11	8.306756e+03
6.706022e+11	8.320348e+03
6.743233e+11	8.333974e+03
6.780652e+11	8.347634e+03
6.818278e+11	8.361328e+03
6.856113e+11	8.375057e+03
6.894157e+11	8.388820e+03
6.932413e+11	8.402617e+03
6.970881e+11	8.416449e+03
7.009563e+11	8.430316e+03
7.048459e+11	8.444217e+03
7.087571e+11	8.458153e+03
7.126900e+11	8.472124e+03
7.166447e+11	8.486130e+03
7.206214e+11	8.500171e+03
7.246202e+11	8.514247e+03
7.286411e+11	8.528358e+03
7.326844e+11	8.542504e+03
7.367500e+11	8.556686e+03
7.408383e+11	8.570903e+03
7.449492e+11	8.585155e+03
7.490829e+11	8.599443e+03
7.532396e+11	8.613767e+03
7.574194e+11	8.628126e+03
7.616223e+11	8.642521e+03
7.658486e+11	8.656951e+03
7.700983e+11	8.671418e+03
7.743716e+11	8.685921e+03
7.786686e+11	8.700459e+03
7.829894e+11	8.715034e+03
7.873342e+11	8.729645e+03
7.917032e+11	8.744292e+03
7.960964e+11	8.758976e+03
8.005139e+11	8.773696e+03
8.049560e+11	8.788452e+03
8.094227e+11	8.803246e+03
8.139142e+11	8.818075e+03
8.184306e+11	8.832942e+03
8.229721e+11	8.847845e+03
8.275388e+11	8.862786e+03
8.321309e+11	8.877763e+03
8.367484e+11	8.892777e+03
8.413915e+11	8.907829e+03
8.460604e+11	8.922917e+03
8.507552e+11	8.938043e+03
8.554761e+11	8.953207e+03
8.602231e+11	8.968407e+03
8.649965e+11	8.983646e+03
8.697964e+11	8.998922e+03
8.746229e+11	9.014235e+03
8.794762e+11	9.029587e+03
8.843565e+11	9.044976e+03
8.892638e+11	9.060403e+03
8.941983e+11	9.075869e+03
8.991603e+11	9.091372e+03
9.041497e+11	9.106914e+03
9.091669e+11	9.122493e+03
9.142118e+11	9.138112e+03
9.192848e+11	9.153768e+03
9.243860e+11	9.169463e+03
9.295154e+11	9.185197e+03
9.346733e+11	9.200970e+03
9.398598e+11	9.216781e+03
9.450751e+11	9.232631e+03
9.503194e+11	9.248520e+03
9.555927e+11	9.264448e+03
9.608953e+11	9.280415e+03
9.662274e+11	9.296421e+03
9.715890e+11	9.312467e+03
9.769803e+11	9.328552e+03
9.824016e+11	9.344676e+03
9.878530e+11	9.360840e+03
9.933346e+11	9.377043e+03
9.988467e+11	9.393287e+03
1.004389e+12	9.409570e+03
1.009963e+12	9.425893e+03
1.015567e+12	9.442255e+03
1.021202e+12	9.458658e+03
1.026869e+12	9.475101e+03
1.032567e+12	9.491584e+03
1.038297e+12	9.508108e+03
1.044058e+12	9.524672e+03
1.049852e+12	9.541276e+03
1.055678e+12	9.557921e+03
1.061536e+12	9.574607e+03
1.067426e+12	9.591333e+03
1.073349e+12	9.608100e+03
1.079305e+12	9.624908e+03
1.085294e+12	9.641757e+03
1.091317e+12	9.658647e+03
1.097372e+12	9.675579e+03
1.103462e+12	9.692551e+03
1.109585e+12	9.709565e+03
1.115742e+12	9.726621e+03
1.121933e+12	9.743718e+03
1.128159e+12	9.760857e+03
1.134419e+12	9.778037e+03
1.140714e+12	9.795259e+03
1.147044e+12	9.812523e+03
1.153409e+12	9.829829e+03
1.159809e+12	9.847177e+03
1.166245e+12	9.864568e+03
1.172716e+12	9.882000e+03
1.179224e+12	9.899475e+03
1.185767e+12	9.916993e+03
1.192347e+12	9.934553e+03
1.198964e+12	9.952155e+03
1.205617e+12	9.969801e+03
1.212307e+12	9.987489e+03
1.219034e+12	1.000522e+04
1.225798e+12	1.002299e+04
1.232600e+12	1.004081e+04
1.239440e+12	1.005867e+04
1.246318e+12	1.007658e+04
1.253234e+12	1.009452e+04
1.260188e+12	1.011251e+04
1.267181e+12	1.013055e+04
1.274212e+12	1.014863e+04
1.281283e+12	1.016675e+04
1.288393e+12	1.018491e+04
1.295542e+12	1.020312e+04
1.302731e+12	1.022138e+04
1.309960e+12	1.023967e+04
1.317229e+12	1.025802e+04
1.324538e+12	1.027640e+04
1.331888e+12	1.029483e+04
1.339279e+12	1.031331e+04
1.346710e+12	1.033183e+04
1.354183e+12	1.035039e+04
1.361698e+12	1.036900e+04
1.369254e+12	1.038766e+04
1.376852e+12	1.040636e+04
1.384492e+12	1.042510e+04
1.392175e+12	1.044389e+04
1.399900e+12	1.046273e+04
1.407668e+12	1.048161e+04
1.415479e+12	1.050053e+04
1.423334e+12	1.051951e+04
1.431232e+12	1.053852e+04
1.439174e+12	1.055759e+04
1.447160e+12	1.057670e+04
1.455190e+12	1.059585e+04
1.463265e+12	1.061505e+04
1.471385e+12	1.063430e+04
1.479549e+12	1.065360e+04
1.487759e+12	1.067294e+04
1.496015e+12	1.069232e+04
1.504316e+12	1.071176e+04
1.512664e+12	1.073124e+04
1.521058e+12	1.075077e+04
1.529498e+12	1.077034e+04
1.537985e+12	1.078996e+04
1.546520e+12	1.080963e+04
1.555101e+12	1.082935e+04
1.563731e+12	1.084911e+04
1.572408e+12	1.086892e+04
1.581133e+12	1.088878e+04
1.589907e+12	1.090869e+04
1.598729e+12	1.092864e+04
1.607601e+12	1.094864e+04
1.616521e+12	1.096869e+04
1.625491e+12	1.098879e+04
1.634511e+12	1.100894e+04
1.643581e+12	1.102913e+04
1.652701e+12	1.104937e+04
1.661872e+12	1.106967e+04
1.671094e+12	1.109001e+04
1.680367e+12	1.111039e+04
1.689691e+12	1.113083e+04
1.699068e+12	1.115132e+04
1.708496e+12	1.117185e+04
1.717976e+12	1.119244e+04
1.727509e+12	1.121307e+04
1.737095e+12	1.123376e+04
1.746734e+12	1.125449e+04
1.756427e+12	1.127527e+04
1.766174e+12	1.129611e+04
1.775974e+12	1.131699e+04
1.785829e+12	1.133792e+04
1.795739e+12	1.135890e+04
1.805703e+12	1.137994e+04
1.815723e+12	1.140102e+04
1.825799e+12	1.142215e+04
1.835930e+12	1.144334e+04
1.846118e+12	1.146457e+04
1.856362e+12	1.148586e+04
1.866663e+12	1.150720e+04
1.877021e+12	1.152858e+04
1.887437e+12	1.155002e+04
1.897910e+12	1.157151e+04
1.908442e+12	1.159305e+04
1.919032e+12	1.161464e+04
1.929680e+12	1.163629e+04
1.940388e+12	1.165798e+04
1.951155e+12	1.167973e+04
1.961982e+12	1.170153e+04
1.972869e+12	1.172338e+04
1.983817e+12	1.174528e+04
1.994825e+12	1.176724e+04
2.005895e+12	1.178925e+04
2.017025e+12	1.181131e+04
2.028218e+12	1.183342e+04
2.039472e+12	1.185559e+04
2.050790e+12	1.187781e+04
2.062169e+12	1.190008e+04
2.073612e+12	1.192240e+04
2.085119e+12	1.194478e+04
2.096689e+12	1.196721e+04
2.108324e+12	1.198969e+04
2.120023e+12	1.201223e+04
2.131787e+12	1.203482e+04
2.143616e+12	1.205747e+04
2.155511e+12	1.208017e+04
2.167472e+12	1.210292e+04
2.179500e+12	1.212573e+04
2.191594e+12	1.214859e+04
2.203755e+12	1.217151e+04
2.215984e+12	1.219448e+04
2.228280e+12	1.221750e+04
2.240645e+12	1.224058e+04
2.253078e+12	1.226372e+04
2.265581e+12	1.228691e+04
2.278153e+12	1.231015e+04
2.290794e+12	1.233345e+04
2.303506e+12	1.235681e+04
2.316288e+12	1.238022e+04
2.329141e+12	1.240369e+04
2.342066e+12	1.242721e+04
2.355062e+12	1.245079e+04
2.368130e+12	1.247442e+04
2.381271e+12	1.249811e+04
2.394485e+12	1.252186e+04
2.407772e+12	1.254566e+04
2.421132e+12	1.256952e+04
2.434567e+12	1.259344e+04
2.448077e+12	1.261741e+04
2.461661e+12	1.264144e+04
2.475321e+12	1.266553e+04
2.489057e+12	1.268967e+04
2.502868e+12	1.271388e+04
2.516757e+12	1.273813e+04
2.530722e+12	1.276245e+04
2.544766e+12	1.278682e+04
2.558886e+12	1.281126e+04
2.573086e+12	1.283575e+04
2.587364e+12	1.286029e+04
2.601721e+12	1.288490e+04
2.616158e+12	1.290956e+04
2.630675e+12	1.293429e+04
2.645273e+12	1.295907e+04
2.659952e+12	1.298391e+04
2.674712e+12	1.300881e+04
2.689554e+12	1.303376e+04
2.704478e+12	1.305878e+04
2.719486e+12	1.308386e+04
2.734576e+12	1.310899e+04
2.749750e+12	1.313419e+04
2.765009e+12	1.315944e+04
2.780352e+12	1.318476e+04
2.795780e+12	1.321013e+04
2.811294e+12	1.323556e+04
2.826894e+12	1.326106e+04
2.842580e+12	1.328661e+04
2.858354e+12	1.331223e+04
2.874215e+12	1.333790e+04
2.890164e+12	1.336364e+04
2.906202e+12	1.338944e+04
2.922328e+12	1.341530e+04
2.938544e+12	1.344122e+04
2.954850e+12	1.346720e+04
2.971247e+12	1.349324e+04
2.987734e+12	1.351934e+04
3.004313e+12	1.354551e+04
3.020984e+12	1.357173e+04
3.037748e+12	1.359802e+04
3.054604e+12	1.362437e+04
3.071554e+12	1.365079e+04
3.088599e+12	1.367726e+04
3.105737e+12	1.370380e+04
3.122971e+12	1.373040e+04
3.140300e+12	1.375707e+04
3.157726e+12	1.378379e+04
3.175248e+12	1.381058e+04
3.192868e+12	1.383744e+04
3.210585e+12	1.386435e+04
3.228401e+12	1.389134e+04
3.246315e+12	1.391838e+04
3.264329e+12	1.394549e+04
3.282443e+12	1.397266e+04
3.300657e+12	1.399989e+04
3.318973e+12	1.402719e+04
3.337390e+12	1.405456e+04
3.355909e+12	1.408199e+04
3.374531e+12	1.410948e+04
3.393256e+12	1.413704e+04
3.412086e+12	1.416466e+04
3.431019e+12	1.419235e+04
3.450058e+12	1.422011e+04
3.469203e+12	1.424793e+04
3.488453e+12	1.427581e+04
3.507811e+12	1.430376e+04
3.527276e+12	1.433178e+04
3.546849e+12	1.435986e+04
3.566530e+12	1.438801e+04
3.586321e+12	1.441622e+04
3.606222e+12	1.444451e+04
3.626233e+12	1.447285e+04
3.646355e+12	1.450127e+04
3.666588e+12	1.452975e+04
3.686934e+12	1.455830e+04
3.707393e+12	1.458692e+04
3.727966e+12	1.461560e+04
3.748652e+12	1.464435e+04
3.769454e+12	1.467317e+04
3.790370e+12	1.470206e+04
3.811403e+12	1.473101e+04
3.832553e+12	1.476004e+04
3.853820e+12	1.478913e+04
3.875205e+12	1.481829e+04
3.896708e+12	1.484751e+04
3.918331e+12	1.487681e+04
3.940074e+12	1.490618e+04
3.961938e+12	1.493561e+04
3.983922e+12	1.496512e+04
4.006029e+12	1.499469e+04
4.028259e+12	1.502434e+04
4.050612e+12	1.505405e+04
4.073089e+12	1.508383e+04
4.095690e+12	1.511369e+04
4.118417e+12	1.514361e+04
4.141271e+12	1.517360e+04
4.164251e+12	1.520367e+04
4.187358e+12	1.523380e+04
4.210594e+12	1.526401e+04
4.233959e+12	1.529429e+04
4.257453e+12	1.532463e+04
4.281078e+12	1.535505e+04
4.304833e+12	1.538554e+04
4.328721e+12	1.541611e+04
4.352741e+12	1.544674e+04
4.376895e+12	1.547745e+04
4.401182e+12	1.550823e+04
4.425604e+12	1.553908e+04
4.450162e+12	1.557000e+04
4.474856e+12	1.560100e+04
4.499687e+12	1.563207e+04
4.524656e+12	1.566321e+04
4.549764e+12	1.569442e+04
4.575010e+12	1.572571e+04
4.600397e+12	1.575707e+04
4.625925e+12	1.578851e+04
4.651594e+12	1.582002e+04
4.677406e+12	1.585160e+04
4.703361e+12	1.588326e+04
4.729460e+12	1.591499e+04
4.755704e+12	1.594680e+04
4.782094e+12	1.597868e+04
4.808630e+12	1.601064e+04
4.835313e+12	1.604267e+04
4.862144e+12	1.607477e+04
4.889124e+12	1.610696e+04
4.916254e+12	1.613921e+04
4.943534e+12	1.617155e+04
4.970966e+12	1.620396e+04
4.998550e+12	1.623644e+04
5.026287e+12	1.626900e+04
5.054178e+12	1.630164e+04
5.082224e+12	1.633435e+04
5.110425e+12	1.636714e+04
5.138783e+12	1.640001e+04
5.167298e+12	1.643296e+04
5.195972e+12	1.646598e+04
5.224804e+12	1.649908e+04
5.253797e+12	1.653226e+04
5.282950e+12	1.656551e+04
5.312266e+12	1.659884e+04
5.341744e+12	1.663226e+04
5.371385e+12	1.666575e+04
5.401191e+12	1.669931e+04
5.431162e+12	1.673296e+04
5.461300e+12	1.676669e+04
5.491605e+12	1.680049e+04
5.522078e+12	1.683438e+04
5.552720e+12	1.686834e+04
5.583532e+12	1.690238e+04
5.614515e+12	1.693651e+04
5.645670e+12	1.697071e+04
5.676998e+12	1.700499e+04
5.708500e+12	1.703936e+04
5.740177e+12	1.707380e+04
5.772029e+12	1.710833e+04
5.804058e+12	1.714293e+04
5.836265e+12	1.717762e+04
5.868651e+12	1.721239e+04
5.901216e+12	1.724724e+04
5.933962e+12	1.728217e+04
5.966890e+12	1.731718e+04
6.000000e+12	1.735228e+04
6.289490e+12	1.750754e+04
6.439431e+12	1.768395e+04
6.592947e+12	1.786235e+04
6.750123e+12	1.804276e+04
6.911045e+12	1.822520e+04
7.075804e+12	1.840971e+04
7.244491e+12	1.859631e+04
7.417200e+12	1.878502e+04
7.594026e+12	1.897588e+04
7.775067e+12	1.916891e+04
7.960424e+12	1.936415e+04
8.150201e+12	1.956161e+04
8.344501e+12	1.976134e+04
8.543434e+12	1.996336e+04
8.747109e+12	2.016769e+04
8.955640e+12	2.037438e+04
9.169142e+12	2.058346e+04
9.387734e+12	2.079495e+04
9.611538e+12	2.100888e+04
9.840676e+12	2.122530e+04
1.007528e+13	2.144423e+04
1.031547e+13	2.166571e+04
1.056139e+13	2.188978e+04
1.081318e+13	2.211646e+04
1.107096e+13	2.234579e+04
1.133489e+13	2.257781e+04
1.160512e+13	2.281256e+04
1.188178e+13	2.305007e+04
1.216504e+13	2.329038e+04
1.245506e+13	2.353352e+04
1.275199e+13	2.377955e+04
1.305599e+13	2.402849e+04
1.336725e+13	2.428038e+04
1.368592e+13	2.453527e+04
1.401219e+13	2.479319e+04
1.434624e+13	2.505420e+04
1.468826e+13	2.531832e+04
1.503843e+13	2.558560e+04
1.539694e+13	2.585609e+04
1.576401e+13	2.612983e+04
1.613982e+13	2.640686e+04
1.652459e+13	2.668723e+04
1.691854e+13	2.697098e+04
1.732187e+13	2.725816e+04
1.773483e+13	2.754882e+04
1.815763e+13	2.784300e+04
1.859050e+13	2.814075e+04
1.903370e+13	2.844211e+04
1.948746e+13	2.874715e+04
1.995204e+13	2.905590e+04
2.042770e+13	2.936842e+04
2.091469e+13	2.968476e+04
2.141330e+13	3.000497e+04
2.192379e+13	3.032910e+04
2.244646e+13	3.065721e+04
2.298158e+13	3.098934e+04
2.352946e+13	3.132556e+04
2.409040e+13	3.166591e+04
2.466471e+13	3.201045e+04
2.525272e+13	3.235923e+04
2.585475e+13	3.271233e+04
2.647112e+13	3.306978e+04
2.710219e+13	3.343165e+04
2.774831e+13	3.379799e+04
2.840983e+13	3.416887e+04
2.908712e+13	3.454434e+04
2.978055e+13	3.492447e+04
3.049052e+13	3.530931e+04
3.121741e+13	3.569893e+04
3.196164e+13	3.609339e+04
3.272360e+13	3.649275e+04
3.350373e+13	3.689708e+04
3.430246e+13	3.730643e+04
3.512023e+13	3.772088e+04
3.595749e+13	3.814048e+04
3.681472e+13	3.856531e+04
3.769238e+13	3.899544e+04
3.859096e+13	3.943092e+04
3.951097e+13	3.987182e+04
4.045291e+13	4.031822e+04
4.141731e+13	4.077018e+04
4.240470e+13	4.122778e+04
4.341562e+13	4.169108e+04
4.445065e+13	4.216016e+04
4.551035e+13	4.263508e+04
4.659532e+13	4.311592e+04
4.770615e+13	4.360276e+04
4.884346e+13	4.409566e+04
5.000789e+13	4.459470e+04
5.120008e+13	4.509995e+04
5.242068e+13	4.561150e+04
5.367039e+13	4.612942e+04
5.494989e+13	4.665378e+04
5.625990e+13	4.718466e+04
5.760113e+13	4.772214e+04
5.897434e+13	4.826631e+04
6.038029e+13	4.881723e+04
6.181975e+13	4.937500e+04
6.329353e+13	4.993969e+04
6.480245e+13	5.051138e+04
6.634734e+13	5.109015e+04
6.792906e+13	5.167610e+04
6.954848e+13	5.226930e+04
7.120652e+13	5.286984e+04
7.290408e+13	5.347781e+04
7.464211e+13	5.409329e+04
7.642157e+13	5.471636e+04
7.824346e+13	5.534712e+04
8.010878e+13	5.598566e+04
8.201858e+13	5.663206e+04
8.397390e+13	5.728642e+04
8.597583e+13	5.794882e+04
8.802549e+13	5.861936e+04
9.012402e+13	5.929813e+04
9.227257e+13	5.998523e+04
9.447235e+13	6.068075e+04
9.672457e+13	6.138478e+04
9.903048e+13	6.209742e+04
1.013914e+14	6.281877e+04
1.038085e+14	6.354892e+04
1.062833e+14	6.428799e+04
1.088171e+14	6.503606e+04
1.114113e+14	6.579323e+04
1.140674e+14	6.655962e+04
1.167867e+14	6.733532e+04
1.195709e+14	6.812043e+04
1.224215e+14	6.891507e+04
1.253400e+14	6.971934e+04
1.283281e+14	7.053335e+04
1.313874e+14	7.135720e+04
1.345197e+14	7.219101e+04
1.377267e+14	7.303489e+04
1.410101e+14	7.388895e+04
1.443717e+14	7.475330e+04
1.478135e+14	7.562806e+04
1.513374e+14	7.651335e+04
1.549453e+14	7.740929e+04
1.586392e+14	7.831598e+04
1.624211e+14	7.923357e+04
1.662933e+14	8.016216e+04
1.702577e+14	8.110188e+04
1.743166e+14	8.205286e+04
1.784723e+14	8.301522e+04
1.827271e+14	8.398910e+04
1.870833e+14	8.497462e+04
1.915434e+14	8.597192e+04
1.961098e+14	8.698113e+04
2.007850e+14	8.800238e+04
2.055717e+14	8.903582e+04
2.104725e+14	9.008159e+04
2.154902e+14	9.113982e+04
2.206275e+14	9.221066e+04
2.258872e+14	9.329426e+04
2.312724e+14	9.439077e+04
2.367859e+14	9.550032e+04
2.424309e+14	9.662309e+04
2.482104e+14	9.775922e+04
2.541278e+14	9.890887e+04
2.601862e+14	1.000722e+05
2.663890e+14	1.012494e+05
2.727397e+14	1.024406e+05
2.792418e+14	1.036459e+05
2.858989e+14	1.048656e+05
2.927147e+14	1.060998e+05
2.996930e+14	1.073487e+05
3.068377e+14	1.086125e+05
3.141527e+14	1.098913e+05
3.216421e+14	1.111854e+05
3.293101e+14	1.124949e+05
3.371608e+14	1.138200e+05
3.451987e+14	1.151609e+05
3.534282e+14	1.165178e+05
3.618539e+14	1.178909e+05
3.704805e+14	1.192805e+05
3.793128e+14	1.206866e+05
3.883556e+14	1.221096e+05
3.976140e+14	1.235496e+05
4.070931e+14	1.250068e+05
4.167982e+14	1.264815e+05
4.267346e+14	1.279740e+05
4.369080e+14	1.294843e+05
4.473238e+14	1.310129e+05
4.579880e+14	1.325598e+05
4.689064e+14	1.341254e+05
4.800852e+14	1.357098e+05
4.915304e+14	1.373134e+05
5.032485e+14	1.389363e+05
5.152459e+14	1.405790e+05
5.275293e+14	1.422415e+05
5.401056e+14	1.439242e+05
5.529817e+14	1.456273e+05
5.661648e+14	1.473511e+05
5.796621e+14	1.490960e+05
5.934813e+14	1.508621e+05
6.076298e+14	1.526498e+05
6.221157e+14	1.544593e+05
6.369469e+14	1.562910e+05
6.521317e+14	1.581452e+05
6.676785e+14	1.600222e+05
6.835960e+14	1.619222e+05
6.998929e+14	1.638457e+05
7.165783e+14	1.657929e+05
7.336615e+14	1.677642e+05
7.511520e+14	1.697598e+05
7.690594e+14	1.717802e+05
7.873938e+14	1.738257e+05
8.061652e+14	1.758967e+05
8.253842e+14	1.779934e+05
8.450613e+14	1.801163e+05
8.652076e+14	1.822658e+05
8.858341e+14	1.844421e+05
9.069523e+14	1.866457e+05
9.285741e+14	1.888770e+05
9.507112e+14	1.911364e+05
9.733762e+14	1.934243e+05
9.965814e+14	1.957410e+05
1.020340e+15	1.980870e+05
1.044665e+15	2.004627e+05
1.069570e+15	2.028685e+05
1.095068e+15	2.053049e+05
1.121174e+15	2.077723e+05
1.147903e+15	2.102712e+05
1.175269e+15	2.128019e+05
1.203288e+15	2.153650e+05
1.231974e+15	2.179609e+05
1.261344e+15	2.205901e+05
1.291415e+15	2.232531e+05
1.322202e+15	2.259503e+05
1.353723e+15	2.286822e+05
1.385996e+15	2.314494e+05
1.419038e+15	2.342524e+05
1.452868e+15	2.370916e+05
1.487504e+15	2.399676e+05
1.522966e+15	2.428809e+05
1.559274e+15	2.458321e+05
1.596447e+15	2.488216e+05
1.634506e+15	2.518502e+05
1.673472e+15	2.549182e+05
1.713368e+15	2.580263e+05
1.754215e+15	2.611750e+05
1.796035e+15	2.643650e+05
1.838852e+15	2.675968e+05
1.882691e+15	2.708711e+05
1.927574e+15	2.741883e+05
1.973527e+15	2.775492e+05
2.020576e+15	2.809544e+05
2.068747e+15	2.844045e+05
2.118065e+15	2.879001e+05
2.168560e+15	2.914420e+05
2.220258e+15	2.950307e+05
2.273189e+15	2.986669e+05
2.327382e+15	3.023513e+05
2.382867e+15	3.060846e+05
2.439674e+15	3.098674e+05
2.497836e+15	3.137006e+05
2.557384e+15	3.175847e+05
2.618352e+15	3.215206e+05
2.680774e+15	3.255089e+05
2.744683e+15	3.295503e+05
2.810117e+15	3.336458e+05
2.877110e+15	3.377959e+05
2.945700e+15	3.420015e+05
3.015925e+15	3.462633e+05
3.087825e+15	3.505822e+05
3.161439e+15	3.549589e+05
3.236807e+15	3.593943e+05
3.313973e+15	3.638891e+05
3.392978e+15	3.684443e+05
3.473866e+15	3.730606e+05
3.556683e+15	3.777389e+05
3.641474e+15	3.824801e+05
3.728287e+15	3.872850e+05
3.817169e+15	3.921545e+05
3.908170e+15	3.970896e+05
4.001341e+15	4.020911e+05
4.096733e+15	4.071600e+05
4.194399e+15	4.122972e+05
4.294393e+15	4.175036e+05
4.396771e+15	4.227802e+05
4.501590e+15	4.281280e+05
4.608908e+15	4.335480e+05
4.718784e+15	4.390411e+05
4.831280e+15	4.446083e+05
4.946458e+15	4.502507e+05
5.064381e+15	4.559694e+05
5.185116e+15	4.617653e+05
5.308729e+15	4.676395e+05
5.435289e+15	4.735932e+05
5.564866e+15	4.796273e+05
5.697532e+15	4.857430e+05
5.833361e+15	4.919415e+05
5.972428e+15	4.982237e+05
6.114811e+15	5.045910e+05
6.260588e+15	5.110444e+05
6.409840e+15	5.175852e+05
6.562650e+15	5.242145e+05
6.719104e+15	5.309335e+05
6.879287e+15	5.377435e+05
7.043289e+15	5.446457e+05
7.211201e+15	5.516414e+05
7.383115e+15	5.587318e+05
7.559129e+15	5.659182e+05
7.739338e+15	5.732019e+05
7.923844e+15	5.805843e+05
8.112748e+15	5.880668e+05
8.306156e+15	5.956505e+05
8.504174e+15	6.033371e+05
8.706913e+15	6.111277e+05
8.914486e+15	6.190239e+05
9.127007e+15	6.270271e+05
9.344595e+15	6.351388e+05
9.567370e+15	6.433604e+05
9.795455e+15	6.516934e+05
1.002898e+16	6.601393e+05
1.026807e+16	6.686997e+05
1.051286e+16	6.773761e+05
1.076349e+16	6.861701e+05
1.102009e+16	6.950833e+05
1.128281e+16	7.041173e+05
1.155179e+16	7.132738e+05
1.182718e+16	7.225544e+05
1.210914e+16	7.319608e+05
1.239782e+16	7.414948e+05
1.269339e+16	7.511580e+05
1.299600e+16	7.609522e+05
1.330582e+16	7.708792e+05
1.362303e+16	7.809408e+05
1.394780e+16	7.911388e+05
1.428032e+16	8.014751e+05
1.462076e+16	8.119516e+05
1.496932e+16	8.225702e+05
1.532619e+16	8.333328e+05
1.569156e+16	8.442413e+05
1.606565e+16	8.552979e+05
1.644866e+16	8.665043e+05
1.684079e+16	8.778629e+05
1.724228e+16	8.893755e+05
1.765333e+16	9.010443e+05
1.807419e+16	9.128714e+05
1.850507e+16	9.248590e+05
1.894623e+16	9.370093e+05
1.939791e+16	9.493245e+05
1.986036e+16	9.618068e+05
2.033383e+16	9.744586e+05
2.081859e+16	9.872821e+05
2.131490e+16	1.000280e+06
2.182305e+16	1.013454e+06
2.234331e+16	1.026807e+06
2.287597e+16	1.040341e+06
2.342133e+16	1.054059e+06
2.397970e+16	1.067963e+06
2.455137e+16	1.082057e+06
2.513668e+16	1.096342e+06
2.573593e+16	1.110820e+06
2.634948e+16	1.125496e+06
2.697765e+16	1.140371e+06
2.762080e+16	1.155448e+06
2.827927e+16	1.170730e+06
2.895345e+16	1.186220e+06
2.964370e+16	1.201921e+06
3.035041e+16	1.217835e+06
3.107396e+16	1.233965e+06
3.181476e+16	1.250315e+06
3.257322e+16	1.266888e+06
3.334977e+16	1.283685e+06
3.414483e+16	1.300712e+06
3.495884e+16	1.317970e+06
3.579226e+16	1.335463e+06
3.664554e+16	1.353194e+06
3.751917e+16	1.371167e+06
3.841363e+16	1.389384e+06
3.932941e+16	1.407849e+06
4.026702e+16	1.426566e+06
4.122698e+16	1.445538e+06
4.220983e+16	1.464769e+06
4.321612e+16	1.484261e+06
4.424639e+16	1.504020e+06
4.530122e+16	1.524047e+06
4.638120e+16	1.544348e+06
4.748692e+16	1.564925e+06
4.861901e+16	1.585783e+06
4.977809e+16	1.606926e+06
5.096480e+16	1.628357e+06
5.217980e+16	1.650081e+06
5.342376e+16	1.672101e+06
5.469738e+16	1.694421e+06
5.600136e+16	1.717047e+06
5.733644e+16	1.739981e+06
5.870333e+16	1.763229e+06
6.010282e+16	1.786794e+06
6.153567e+16	1.810681e+06
6.300268e+16	1.834894e+06
6.450466e+16	1.859438e+06
6.604245e+16	1.884318e+06
6.761690e+16	1.909538e+06
6.922889e+16	1.935103e+06
7.087930e+16	1.961017e+06
7.256906e+16	1.987286e+06
7.429911e+16	2.013914e+06
7.607039e+16	2.040906e+06
7.788391e+16	2.068268e+06
7.974066e+16	2.096004e+06
8.164167e+16	2.124120e+06
8.358801e+16	2.152621e+06
8.558075e+16	2.181512e+06
8.762099e+16	2.210799e+06
8.970987e+16	2.240487e+06
9.184855e+16	2.270582e+06
9.403822e+16	2.301089e+06
9.628009e+16	2.332015e+06
9.857540e+16	2.363364e+06
1.009254e+17	2.395143e+06
1.033315e+17	2.427358e+06
1.057949e+17	2.460014e+06
1.083171e+17	2.493119e+06
1.108993e+17	2.526677e+06
1.135432e+17	2.560696e+06
1.162500e+17	2.595182e+06
1.190214e+17	2.630142e+06
1.218589e+17	2.665581e+06
1.247640e+17	2.701507e+06
1.277384e+17	2.737926e+06
1.307837e+17	2.774845e+06
1.339015e+17	2.812271e+06
1.370938e+17	2.850212e+06
1.403621e+17	2.888674e+06
1.437083e+17	2.927665e+06
1.471343e+17	2.967191e+06
1.506420e+17	3.007261e+06
1.542333e+17	3.047882e+06
1.579102e+17	3.089061e+06
1.616748e+17	3.130807e+06
1.655291e+17	3.173127e+06
1.694753e+17	3.216030e+06
1.735156e+17	3.259522e+06
1.776522e+17	3.303614e+06
1.818874e+17	3.348312e+06
1.862236e+17	3.393625e+06
1.906632e+17	3.439563e+06
1.952086e+17	3.486133e+06
1.998623e+17	3.533344e+06
2.046271e+17	3.581206e+06
2.095054e+17	3.629727e+06
2.145000e+17	3.678917e+06
2.196136e+17	3.728785e+06
2.248492e+17	3.779340e+06
2.302096e+17	3.830592e+06
2.356978e+17	3.882550e+06
2.413168e+17	3.935225e+06
2.470698e+17	3.988626e+06
2.529600e+17	4.042764e+06
2.589905e+17	4.097649e+06
2.651648e+17	4.153291e+06
2.714864e+17	4.209701e+06
2.779586e+17	4.266890e+06
2.845851e+17	4.324868e+06
2.913696e+17	4.383646e+06
2.983159e+17	4.443236e+06
3.054277e+17	4.503648e+06
3.127091e+17	4.564895e+06
3.201641e+17	4.626988e+06
3.277968e+17	4.689939e+06
3.356114e+17	4.753759e+06
3.436124e+17	4.818462e+06
3.518041e+17	4.884058e+06
3.601911e+17	4.950562e+06
3.687781e+17	5.017984e+06
3.775697e+17	5.086339e+06
3.865710e+17	5.155639e+06
3.957868e+17	5.225897e+06
4.052224e+17	5.297128e+06
4.148829e+17	5.369343e+06
4.247736e+17	5.442558e+06
4.349002e+17	5.516785e+06
4.452682e+17	5.592040e+06
4.558834e+17	5.668337e+06
4.667517e+17	5.745689e+06
4.778790e+17	5.824112e+06
4.892716e+17	5.903622e+06
5.009359e+17	5.984232e+06
5.128782e+17	6.065959e+06
5.251052e+17	6.148817e+06
5.376237e+17	6.232824e+06
5.504406e+17	6.317994e+06
5.635631e+17	6.404344e+06
5.769984e+17	6.491891e+06
5.907540e+17	6.580652e+06
6.048376e+17	6.670643e+06
6.192569e+17	6.761881e+06
6.340200e+17	6.854384e+06
6.491350e+17	6.948170e+06
6.646103e+17	7.043257e+06
6.804546e+17	7.139662e+06
6.966767e+17	7.237405e+06
7.132854e+17	7.336504e+06
7.302901e+17	7.436978e+06
7.477002e+17	7.538846e+06
7.655254e+17	7.642127e+06
7.837755e+17	7.746842e+06
8.024607e+17	7.853011e+06
8.215913e+17	7.960654e+06
8.411780e+17	8.069791e+06
8.612317e+17	8.180444e+06
8.817634e+17	8.292633e+06
9.027846e+17	8.406380e+06
9.243070e+17	8.521708e+06
9.463424e+17	8.638638e+06
9.689032e+17	8.757192e+06
9.920018e+17	8.877394e+06
1.015651e+18	8.999266e+06
1.039864e+18	9.122832e+06
1.064655e+18	9.248116e+06
1.090036e+18	9.375141e+06
1.116022e+18	9.503932e+06
1.142628e+18	9.634514e+06
1.169868e+18	9.766912e+06
1.197758e+18	9.901152e+06
1.226313e+18	1.003726e+07
1.255548e+18	1.017526e+07
1.285480e+18	1.031518e+07
1.316126e+18	1.045704e+07
1.347502e+18	1.060088e+07
1.379627e+18	1.074673e+07
1.412517e+18	1.089460e+07
1.446191e+18	1.104453e+07
1.480669e+18	1.119655e+07
1.515968e+18	1.135068e+07
1.552108e+18	1.150696e+07
1.589110e+18	1.166542e+07
1.626995e+18	1.182608e+07
1.665782e+18	1.198898e+07
1.705495e+18	1.215415e+07
1.746153e+18	1.232162e+07
1.787782e+18	1.249142e+07
1.830402e+18	1.266359e+07
1.874039e+18	1.283816e+07
1.918716e+18	1.301516e+07
1.964458e+18	1.319463e+07
2.011291e+18	1.337660e+07
2.059240e+18	1.356111e+07
2.108332e+18	1.374819e+07
2.158595e+18	1.393788e+07
2.210056e+18	1.413021e+07
2.262743e+18	1.432523e+07
2.316687e+18	1.452296e+07
2.371917e+18	1.472346e+07
2.428463e+18	1.492675e+07
2.486358e+18	1.513287e+07
2.545633e+18	1.534187e+07
2.606320e+18	1.555379e+07
2.668455e+18	1.576867e+07
2.732071e+18	1.598654e+07
2.797203e+18	1.620746e+07
2.863889e+18	1.643146e+07
2.932164e+18	1.665858e+07
3.002066e+18	1.688888e+07
3.073635e+18	1.712239e+07
3.146911e+18	1.735917e+07
3.221933e+18	1.759925e+07
3.298744e+18	1.784268e+07
3.377386e+18	1.808951e+07
3.457903e+18	1.833979e+07
3.540339e+18	1.859357e+07
3.624740e+18	1.885089e+07
3.711154e+18	1.911181e+07
3.799628e+18	1.937638e+07
3.890211e+18	1.964464e+07
3.982954e+18	1.991665e+07
4.077907e+18	2.019246e+07
4.175124e+18	2.047213e+07
4.274659e+18	2.075571e+07
4.376567e+18	2.104325e+07
4.480904e+18	2.133481e+07
4.587729e+18	2.163045e+07
4.697100e+18	2.193022e+07
4.809079e+18	2.223419e+07
4.923727e+18	2.254241e+07
5.041109e+18	2.285494e+07
5.161288e+18	2.317184e+07
5.284333e+18	2.349317e+07
5.410312e+18	2.381900e+07
5.539293e+18	2.414939e+07
5.671350e+18	2.448440e+07
5.806555e+18	2.482410e+07
5.944983e+18	2.516856e+07
6.086711e+18	2.551784e+07
6.231818e+18	2.587200e+07
6.380385e+18	2.623112e+07
6.532493e+18	2.659527e+07
6.688227e+18	2.696452e+07
6.847674e+18	2.733894e+07
7.010923e+18	2.771861e+07
7.178063e+18	2.810358e+07
7.349188e+18	2.849396e+07
7.524392e+18	2.888979e+07
7.703774e+18	2.929118e+07
7.887431e+18	2.969818e+07
8.075467e+18	3.011089e+07
8.267986e+18	3.052938e+07
8.465095e+18	3.095374e+07
8.666902e+18	3.138404e+07
8.873521e+18	3.182037e+07
9.085066e+18	3.226281e+07
9.301653e+18	3.271146e+07
9.523405e+18	3.316639e+07
9.750442e+18	3.362771e+07
9.982893e+18	3.409548e+07
1.022088e+19	3.456982e+07
1.046455e+19	3.505081e+07
1.071402e+19	3.553854e+07
1.096945e+19	3.603311e+07
1.123096e+19	3.653462e+07
1.149870e+19	3.704316e+07
1.177283e+19	3.755883e+07
1.205350e+19	3.808174e+07
1.234085e+19	3.861198e+07
1.263506e+19	3.914966e+07
1.293628e+19	3.969488e+07
1.324468e+19	4.024776e+07
1.356043e+19	4.080839e+07
1.388371e+19	4.137688e+07
1.421470e+19	4.195336e+07
1.455358e+19	4.253793e+07
1.490053e+19	4.313070e+07
1.525576e+19	4.373179e+07
1.561946e+19	4.434131e+07
1.599182e+19	4.495940e+07
1.637307e+19	4.558616e+07
1.676340e+19	4.622172e+07
1.716304e+19	4.686620e+07
1.757221e+19	4.751974e+07
1.799113e+19	4.818245e+07
1.842004e+19	4.885447e+07
1.885917e+19	4.953592e+07
1.930877e+19	5.022695e+07
1.976909e+19	5.092768e+07
2.024039e+19	5.163826e+07
2.072292e+19	5.235882e+07
2.121695e+19	5.308950e+07
2.172276e+19	5.383044e+07
2.224063e+19	5.458180e+07
2.277085e+19	5.534371e+07
2.331371e+19	5.611633e+07
2.386950e+19	5.689981e+07
2.443855e+19	5.769430e+07
2.502117e+19	5.849996e+07
2.561767e+19	5.931694e+07
2.622839e+19	6.014540e+07
2.685368e+19	6.098551e+07
2.749387e+19	6.183743e+07
2.814932e+19	6.270132e+07
2.882040e+19	6.357736e+07
2.950748e+19	6.446572e+07
3.021094e+19	6.536657e+07
3.093116e+19	6.628009e+07
3.166856e+19	6.720645e+07
3.242354e+19	6.814585e+07
3.319652e+19	6.909845e+07
3.398792e+19	7.006445e+07
3.479819e+19	7.104405e+07
3.562778e+19	7.203742e+07
3.647715e+19	7.304476e+07
3.734676e+19	7.406628e+07
3.823710e+19	7.510217e+07
3.914868e+19	7.615263e+07
4.008198e+19	7.721787e+07
4.103753e+19	7.829811e+07
4.201587e+19	7.939354e+07
4.301752e+19	8.050439e+07
4.404306e+19	8.163087e+07
4.509305e+19	8.277321e+07
4.616806e+19	8.393163e+07
4.726871e+19	8.510635e+07
4.839559e+19	8.629761e+07
4.954934e+19	8.750564e+07
5.073060e+19	8.873068e+07
5.194001e+19	8.997296e+07
5.317826e+19	9.123274e+07
5.444603e+19	9.251025e+07
5.574402e+19	9.380575e+07
5.707296e+19	9.511949e+07
5.843358e+19	9.645174e+07
5.982663e+19	9.780274e+07
6.125289e+19	9.917278e+07
6.271316e+19	1.005621e+08
6.420824e+19	1.019710e+08
6.573896e+19	1.033998e+08
6.730618e+19	1.048486e+08
6.891076e+19	1.063179e+08
7.055359e+19	1.078079e+08
7.223558e+19	1.093189e+08
7.395768e+19	1.108511e+08
7.572083e+19	1.124050e+08
7.752601e+19	1.139807e+08
7.937423e+19	1.155787e+08
8.126651e+19	1.171992e+08
8.320390e+19	1.188425e+08
8.518748e+19	1.205089e+08
8.721834e+19	1.221989e+08
8.929763e+19	1.239127e+08
9.142648e+19	1.256506e+08
9.360608e+19	1.274130e+08
9.583765e+19	1.292003e+08
9.812242e+19	1.310128e+08
1.004617e+20	1.328508e+08
1.028567e+20	1.347147e+08
1.053088e+20	1.366049e+08
1.078193e+20	1.385218e+08
1.103897e+20	1.404657e+08
1.130214e+20	1.424370e+08
1.157158e+20	1.444361e+08
1.184745e+20	1.464634e+08
1.212989e+20	1.485193e+08
1.241907e+20	1.506042e+08
1.271514e+20	1.527185e+08
1.301827e+20	1.548626e+08
1.332862e+20	1.570370e+08
1.364638e+20	1.592420e+08
1.397171e+20	1.614782e+08
1.430479e+20	1.637458e+08
1.464582e+20	1.660455e+08
1.499497e+20	1.683776e+08
1.535245e+20	1.707427e+08
1.571845e+20	1.731411e+08
1.609318e+20	1.755733e+08
1.647684e+20	1.780399e+08
1.686965e+20	1.805412e+08
1.727182e+20	1.830779e+08
1.768358e+20	1.856504e+08
1.810516e+20	1.882591e+08
1.853679e+20	1.909047e+08
1.897870e+20	1.935876e+08
1.943115e+20	1.963085e+08
1.989439e+20	1.990677e+08
2.036867e+20	2.018658e+08
2.085426e+20	2.047035e+08
2.135143e+20	2.075812e+08
2.186044e+20	2.104995e+08
2.238160e+20	2.134591e+08
2.291517e+20	2.164604e+08
2.346147e+20	2.195041e+08
2.402079e+20	2.225908e+08
2.459345e+20	2.257211e+08
2.517975e+20	2.288955e+08
2.578004e+20	2.321149e+08
2.639463e+20	2.353796e+08
2.702388e+20	2.386905e+08
2.766813e+20	2.420481e+08
2.832774e+20	2.454532e+08
2.900307e+20	2.489063e+08
2.969450e+20	2.524082e+08
3.040242e+20	2.559596e+08
3.112721e+20	2.595612e+08
3.186928e+20	2.632136e+08
3.262904e+20	2.669177e+08
3.340692e+20	2.706740e+08
3.420334e+20	2.744834e+08
3.501875e+20	2.783467e+08
3.585359e+20	2.822645e+08
3.670834e+20	2.862377e+08
3.758347e+20	2.902670e+08
3.847946e+20	2.943533e+08
3.939681e+20	2.984973e+08
4.033602e+20	3.026999e+08
4.129763e+20	3.069618e+08
4.228217e+20	3.112840e+08
4.329017e+20	3.156673e+08
4.432221e+20	3.201125e+08
4.537885e+20	3.246205e+08
4.646068e+20	3.291923e+08
4.756830e+20	3.338287e+08
4.870233e+20	3.385306e+08
4.986339e+20	3.432990e+08
5.105213e+20	3.481348e+08
5.226921e+20	3.530389e+08
5.351531e+20	3.580124e+08
5.479111e+20	3.630562e+08
5.609733e+20	3.681713e+08
5.743469e+20	3.733588e+08
5.880393e+20	3.786195e+08
6.020582e+20	3.839547e+08
6.164112e+20	3.893653e+08
6.311065e+20	3.948524e+08
6.461520e+20	4.004171e+08
6.615563e+20	4.060605e+08
6.773277e+20	4.117836e+08
6.934752e+20	4.175878e+08
7.100076e+20	4.234740e+08
7.269342e+20	4.294434e+08
7.442643e+20	4.354973e+08
7.620075e+20	4.416368e+08
7.801738e+20	4.478632e+08
7.987731e+20	4.541776e+08
8.178158e+20	4.605813e+08
8.373125e+20	4.670757e+08
8.572740e+20	4.736618e+08
8.777114e+20	4.803412e+08
8.986360e+20	4.871150e+08
9.200595e+20	4.939847e+08
9.419937e+20	5.009516e+08
9.644508e+20	5.080170e+08
9.874433e+20	5.151824e+08
1.010984e+21	5.224492e+08
1.035086e+21	5.298188e+08
1.059762e+21	5.372927e+08
1.085027e+21	5.448723e+08
1.110894e+21	5.525592e+08
1.137378e+21	5.603549e+08
1.164493e+21	5.682609e+08
1.192254e+21	5.762787e+08
1.220677e+21	5.844101e+08
1.249778e+21	5.926565e+08
1.279573e+21	6.010196e+08
1.310078e+21	6.095011e+08
1.341310e+21	6.181026e+08
1.373287e+21	6.268259e+08
1.406026e+21	6.356727e+08
1.439546e+21	6.446446e+08
1.473864e+21	6.537436e+08
1.509001e+21	6.629714e+08
1.544976e+21	6.723298e+08
1.581808e+21	6.818207e+08
1.619518e+21	6.914459e+08
1.658128e+21	7.012074e+08
1.697657e+21	7.111071e+08
1.738129e+21	7.211470e+08
1.779566e+21	7.313290e+08
1.821991e+21	7.416552e+08
1.865427e+21	7.521275e+08
1.909899e+21	7.627482e+08
1.955431e+21	7.735192e+08
2.002048e+21	7.844428e+08
2.049777e+21	7.955210e+08
2.098644e+21	8.067561e+08
2.148675e+21	8.181503e+08
2.199900e+21	8.297059e+08
2.252345e+21	8.414251e+08
2.306041e+21	8.533103e+08
2.361017e+21	8.653638e+08
2.417304e+21	8.775880e+08
2.474932e+21	8.899854e+08
2.533935e+21	9.025583e+08
2.594343e+21	9.153093e+08
2.656193e+21	9.282410e+08
2.719516e+21	9.413558e+08
2.784349e+21	9.546563e+08
2.850728e+21	9.681453e+08
2.918689e+21	9.818253e+08
2.988271e+21	9.956992e+08
3.059511e+21	1.009770e+09
3.132450e+21	1.024039e+09
3.207127e+21	1.038511e+09
3.283585e+21	1.053188e+09
3.361866e+21	1.068073e+09
3.442012e+21	1.083168e+09
3.524070e+21	1.098478e+09
3.608084e+21	1.114005e+09
3.694100e+21	1.129751e+09
3.782168e+21	1.145721e+09
3.872334e+21	1.161916e+09
3.964651e+21	1.178342e+09
4.059168e+21	1.195000e+09
4.155938e+21	1.211894e+09
4.255016e+21	1.229028e+09
4.356455e+21	1.246404e+09
4.460313e+21	1.264027e+09
4.566647e+21	1.281899e+09
4.675515e+21	1.300024e+09
4.786980e+21	1.318407e+09
4.901101e+21	1.337050e+09
5.017943e+21	1.355957e+09
5.137571e+21	1.375132e+09
5.260050e+21	1.394579e+09
5.385450e+21	1.414302e+09
5.513839e+21	1.434304e+09
5.645288e+21	1.454590e+09
5.779872e+21	1.475163e+09
5.917664e+21	1.496028e+09
6.058741e+21	1.517188e+09
6.203181e+21	1.538649e+09
6.351065e+21	1.560414e+09
6.502474e+21	1.582487e+09
6.657493e+21	1.604873e+09
6.816207e+21	1.627577e+09
6.978705e+21	1.650602e+09
7.145078e+21	1.673954e+09
7.315416e+21	1.697637e+09
7.489815e+21	1.721656e+09
7.668372e+21	1.746015e+09
7.851186e+21	1.770720e+09
8.038358e+21	1.795775e+09
8.229992e+21	1.821185e+09
8.426195e+21	1.846955e+09
8.627075e+21	1.873091e+09
8.832745e+21	1.899597e+09
9.043317e+21	1.926480e+09
9.258909e+21	1.953743e+09
9.479642e+21	1.981393e+09
9.705636e+21	2.009435e+09
9.937018e+21	2.037875e+09
1.017392e+22	2.066718e+09
1.041646e+22	2.095970e+09
1.066479e+22	2.125637e+09
1.091904e+22	2.155725e+09
1.117935e+22	2.186240e+09
1.144586e+22	2.217187e+09
1.171873e+22	2.248573e+09
1.199811e+22	2.280404e+09
1.228414e+22	2.312687e+09
1.257699e+22	2.345427e+09
1.287683e+22	2.378632e+09
1.318381e+22	2.412308e+09
1.349812e+22	2.446462e+09
1.381991e+22	2.481100e+09
1.414938e+22	2.516229e+09
1.448670e+22	2.551857e+09
1.483206e+22	2.587990e+09
1.518566e+22	2.624636e+09
1.554768e+22	2.661801e+09
1.591834e+22	2.699494e+09
1.629783e+22	2.737721e+09
1.668637e+22	2.776491e+09
1.708417e+22	2.815811e+09
1.749146e+22	2.855688e+09
1.790845e+22	2.896132e+09
1.833539e+22	2.937149e+09
1.877251e+22	2.978748e+09
1.922004e+22	3.020937e+09
1.967825e+22	3.063725e+09
2.014738e+22	3.107119e+09
2.062769e+22	3.151130e+09
2.111945e+22	3.195765e+09
2.162294e+22	3.241033e+09
2.213843e+22	3.286944e+09
2.266621e+22	3.333506e+09
2.320657e+22	3.380729e+09
2.375982e+22	3.428621e+09
2.432625e+22	3.477194e+09
2.490619e+22	3.526455e+09
2.549995e+22	3.576416e+09
2.610787e+22	3.627086e+09
2.673028e+22	3.678474e+09
2.736753e+22	3.730592e+09
2.801997e+22	3.783450e+09
2.868796e+22	3.837058e+09
2.937188e+22	3.891426e+09
3.007211e+22	3.946566e+09
3.078903e+22	4.002489e+09
3.152304e+22	4.059205e+09
3.227454e+22	4.116726e+09
3.304397e+22	4.175064e+09
3.383174e+22	4.234229e+09
3.463828e+22	4.294235e+09
3.546406e+22	4.355092e+09
3.630952e+22	4.416812e+09
3.717514e+22	4.479409e+09
3.806139e+22	4.542894e+09
3.896878e+22	4.607281e+09
3.989779e+22	4.672581e+09
4.084895e+22	4.738808e+09
4.182279e+22	4.805976e+09
4.281984e+22	4.874096e+09
4.384067e+22	4.943184e+09
4.488583e+22	5.013253e+09
4.595591e+22	5.084316e+09
4.705149e+22	5.156387e+09
4.817320e+22	5.229482e+09
4.932165e+22	5.303615e+09
5.049747e+22	5.378800e+09
5.170133e+22	5.455053e+09
5.293389e+22	5.532387e+09
5.419583e+22	5.610820e+09
5.548786e+22	5.690367e+09
5.681069e+22	5.771042e+09
5.816505e+22	5.852863e+09
5.955171e+22	5.935846e+09
6.097142e+22	6.020007e+09
6.242498e+22	6.105363e+09
6.391319e+22	6.191930e+09
6.543687e+22	6.279727e+09
6.699689e+22	6.368770e+09
6.859409e+22	6.459078e+09
7.022937e+22	6.550668e+09
7.190364e+22	6.643558e+09
7.361782e+22	6.737767e+09
7.537287e+22	6.833314e+09
7.716975e+22	6.930218e+09
7.900948e+22	7.028498e+09
8.089306e+22	7.128173e+09
8.282155e+22	7.229264e+09
8.479601e+22	7.331790e+09
8.681755e+22	7.435772e+09
8.888728e+22	7.541231e+09
9.100635e+22	7.648187e+09
9.317593e+22	7.756662e+09
9.539725e+22	7.866678e+09
9.767151e+22	7.978256e+09
1.000000e+23	8.091418e+09