# Zeng et al. (2016) core EOS
# Pressure (Pa)	Density (kg m-3)
# (1) 1 Pa - 12 TPa: BME EOS with rho0 = 7.05 g/cm3 and K0 = 201 GPa
# (2) > 12 TPa: TFD EOS
1.000000e+00	7.084816e+03
1.000000e+09	7.084816e+03
1.009446e+09	7.085143e+03
1.018982e+09	7.085472e+03
1.028608e+09	7.085805e+03
1.038324e+09	7.086141e+03
1.048133e+09	7.086479e+03
1.058034e+09	7.086821e+03
1.068029e+09	7.087166e+03
1.078118e+09	7.087515e+03
1.088302e+09	7.087866e+03
1.098582e+09	7.088221e+03
1.108960e+09	7.088579e+03
1.119436e+09	7.088941e+03
1.130010e+09	7.089306e+03
1.140685e+09	7.089674e+03
1.151460e+09	7.090045e+03
1.162337e+09	7.090420e+03
1.173317e+09	7.090799e+03
1.184401e+09	7.091181e+03
1.195589e+09	7.091567e+03
1.206883e+09	7.091956e+03
1.218284e+09	7.092349e+03
1.229792e+09	7.092745e+03
1.241410e+09	7.093145e+03
1.253136e+09	7.093549e+03
1.264974e+09	7.093957e+03
1.276923e+09	7.094368e+03
1.288986e+09	7.094783e+03
1.301162e+09	7.095202e+03
1.313453e+09	7.095625e+03
1.325861e+09	7.096052e+03
1.338385e+09	7.096483e+03
1.351028e+09	7.096918e+03
1.363791e+09	7.097357e+03
1.376674e+09	7.097799e+03
1.389678e+09	7.098246e+03
1.402806e+09	7.098698e+03
1.416057e+09	7.099153e+03
1.429434e+09	7.099612e+03
1.442937e+09	7.100076e+03
1.456567e+09	7.100544e+03
1.470327e+09	7.101016e+03
1.484216e+09	7.101493e+03
1.498237e+09	7.101974e+03
1.512389e+09	7.102460e+03
1.526676e+09	7.102950e+03
1.541098e+09	7.103445e+03
1.555656e+09	7.103944e+03
1.570351e+09	7.104448e+03
1.585185e+09	7.104956e+03
1.600159e+09	7.105469e+03
1.615275e+09	7.105987e+03
1.630534e+09	7.106510e+03
1.645936e+09	7.107037e+03
1.661484e+09	7.107569e+03
1.677180e+09	7.108107e+03
1.693023e+09	7.108649e+03
1.709016e+09	7.109196e+03
1.725160e+09	7.109748e+03
1.741456e+09	7.110306e+03
1.757907e+09	7.110868e+03
1.774513e+09	7.111436e+03
1.791276e+09	7.112009e+03
1.808197e+09	7.112587e+03
1.825278e+09	7.113170e+03
1.842520e+09	7.113759e+03
1.859925e+09	7.114353e+03
1.877495e+09	7.114953e+03
1.895230e+09	7.115558e+03
1.913133e+09	7.116169e+03
1.931206e+09	7.116785e+03
1.949449e+09	7.117407e+03
1.967864e+09	7.118035e+03
1.986453e+09	7.118669e+03
2.005218e+09	7.119308e+03
2.024160e+09	7.119953e+03
2.043281e+09	7.120604e+03
2.062583e+09	7.121261e+03
2.082067e+09	7.121924e+03
2.101735e+09	7.122594e+03
2.121589e+09	7.123269e+03
2.141630e+09	7.123950e+03
2.161861e+09	7.124638e+03
2.182282e+09	7.125332e+03
2.202897e+09	7.126033e+03
2.223707e+09	7.126740e+03
2.244713e+09	7.127453e+03
2.265917e+09	7.128173e+03
2.287322e+09	7.128899e+03
2.308929e+09	7.129632e+03
2.330740e+09	7.130372e+03
2.352757e+09	7.131118e+03
2.374982e+09	7.131872e+03
2.397417e+09	7.132632e+03
2.420064e+09	7.133399e+03
2.442925e+09	7.134173e+03
2.466002e+09	7.134954e+03
2.489297e+09	7.135742e+03
2.512812e+09	7.136538e+03
2.536549e+09	7.137341e+03
2.560510e+09	7.138151e+03
2.584697e+09	7.138968e+03
2.609114e+09	7.139793e+03
2.633760e+09	7.140625e+03
2.658640e+09	7.141465e+03
2.683754e+09	7.142313e+03
2.709106e+09	7.143168e+03
2.734698e+09	7.144031e+03
2.760531e+09	7.144902e+03
2.786608e+09	7.145781e+03
2.812931e+09	7.146668e+03
2.839503e+09	7.147563e+03
2.866326e+09	7.148466e+03
2.893403e+09	7.149377e+03
2.920735e+09	7.150296e+03
2.948325e+09	7.151224e+03
2.976177e+09	7.152160e+03
3.004291e+09	7.153105e+03
3.032670e+09	7.154058e+03
3.061318e+09	7.155020e+03
3.090237e+09	7.155990e+03
3.119428e+09	7.156970e+03
3.148896e+09	7.157958e+03
3.178641e+09	7.158955e+03
3.208668e+09	7.159961e+03
3.238978e+09	7.160976e+03
3.269575e+09	7.162000e+03
3.300461e+09	7.163034e+03
3.331638e+09	7.164077e+03
3.363110e+09	7.165129e+03
3.394880e+09	7.166191e+03
3.426949e+09	7.167262e+03
3.459321e+09	7.168343e+03
3.492000e+09	7.169434e+03
3.524986e+09	7.170534e+03
3.558285e+09	7.171644e+03
3.591898e+09	7.172765e+03
3.625828e+09	7.173895e+03
3.660079e+09	7.175036e+03
3.694654e+09	7.176187e+03
3.729555e+09	7.177348e+03
3.764786e+09	7.178519e+03
3.800350e+09	7.179701e+03
3.836249e+09	7.180894e+03
3.872488e+09	7.182097e+03
3.909069e+09	7.183311e+03
3.945996e+09	7.184536e+03
3.983271e+09	7.185772e+03
4.020899e+09	7.187019e+03
4.058882e+09	7.188277e+03
4.097224e+09	7.189546e+03
4.135928e+09	7.190827e+03
4.174997e+09	7.192119e+03
4.214436e+09	7.193422e+03
4.254247e+09	7.194738e+03
4.294435e+09	7.196064e+03
4.335002e+09	7.197403e+03
4.375952e+09	7.198754e+03
4.417289e+09	7.200116e+03
4.459016e+09	7.201491e+03
4.501138e+09	7.202878e+03
4.543657e+09	7.204277e+03
4.586579e+09	7.205689e+03
4.629905e+09	7.207113e+03
4.673641e+09	7.208550e+03
4.717790e+09	7.209999e+03
4.762357e+09	7.211461e+03
4.807344e+09	7.212937e+03
4.852756e+09	7.214425e+03
4.898597e+09	7.215926e+03
4.944871e+09	7.217441e+03
4.991582e+09	7.218969e+03
5.038735e+09	7.220511e+03
5.086333e+09	7.222066e+03
5.134380e+09	7.223635e+03
5.182882e+09	7.225218e+03
5.231841e+09	7.226814e+03
5.281263e+09	7.228425e+03
5.331152e+09	7.230050e+03
5.381512e+09	7.231689e+03
5.432348e+09	7.233342e+03
5.483665e+09	7.235010e+03
5.535465e+09	7.236693e+03
5.587756e+09	7.238390e+03
5.640540e+09	7.240102e+03
5.693823e+09	7.241830e+03
5.747609e+09	7.243572e+03
5.801903e+09	7.245329e+03
5.856710e+09	7.247102e+03
5.912035e+09	7.248891e+03
5.967882e+09	7.250695e+03
6.024257e+09	7.252514e+03
6.081165e+09	7.254350e+03
6.138610e+09	7.256201e+03
6.196598e+09	7.258069e+03
6.255133e+09	7.259953e+03
6.314222e+09	7.261853e+03
6.373869e+09	7.263769e+03
6.434079e+09	7.265703e+03
6.494858e+09	7.267653e+03
6.556211e+09	7.269620e+03
6.618143e+09	7.271604e+03
6.680661e+09	7.273605e+03
6.743769e+09	7.275623e+03
6.807474e+09	7.277659e+03
6.871780e+09	7.279713e+03
6.936693e+09	7.281784e+03
7.002220e+09	7.283873e+03
7.068366e+09	7.285980e+03
7.135136e+09	7.288105e+03
7.202538e+09	7.290248e+03
7.270576e+09	7.292410e+03
7.339257e+09	7.294590e+03
7.408586e+09	7.296789e+03
7.478571e+09	7.299007e+03
7.549216e+09	7.301244e+03
7.620529e+09	7.303500e+03
7.692516e+09	7.305775e+03
7.765182e+09	7.308070e+03
7.838535e+09	7.310384e+03
7.912581e+09	7.312718e+03
7.987327e+09	7.315072e+03
8.062778e+09	7.317446e+03
8.138943e+09	7.319840e+03
8.215826e+09	7.322255e+03
8.293436e+09	7.324690e+03
8.371779e+09	7.327145e+03
8.450863e+09	7.329622e+03
8.530693e+09	7.332119e+03
8.611277e+09	7.334637e+03
8.692623e+09	7.337177e+03
8.774737e+09	7.339739e+03
8.857627e+09	7.342321e+03
8.941299e+09	7.344926e+03
9.025762e+09	7.347553e+03
9.111023e+09	7.350201e+03
9.197090e+09	7.352872e+03
9.283969e+09	7.355566e+03
9.371669e+09	7.358282e+03
9.460198e+09	7.361020e+03
9.549563e+09	7.363782e+03
9.639772e+09	7.366567e+03
9.730833e+09	7.369375e+03
9.822754e+09	7.372206e+03
9.915544e+09	7.375061e+03
1.000921e+10	7.377940e+03
1.010376e+10	7.380843e+03
1.019921e+10	7.383770e+03
1.029555e+10	7.386721e+03
1.039281e+10	7.389697e+03
1.049098e+10	7.392698e+03
1.059008e+10	7.395723e+03
1.069012e+10	7.398773e+03
1.079111e+10	7.401849e+03
1.089304e+10	7.404950e+03
1.099594e+10	7.408076e+03
1.109981e+10	7.411229e+03
1.120467e+10	7.414407e+03
1.131051e+10	7.417611e+03
1.141736e+10	7.420842e+03
1.152521e+10	7.424099e+03
1.163408e+10	7.427383e+03
1.174398e+10	7.430694e+03
1.185492e+10	7.434032e+03
1.196690e+10	7.437397e+03
1.207995e+10	7.440789e+03
1.219406e+10	7.444209e+03
1.230925e+10	7.447657e+03
1.242553e+10	7.451133e+03
1.254291e+10	7.454638e+03
1.266139e+10	7.458170e+03
1.278100e+10	7.461732e+03
1.290173e+10	7.465322e+03
1.302360e+10	7.468941e+03
1.314663e+10	7.472589e+03
1.327082e+10	7.476267e+03
1.339618e+10	7.479975e+03
1.352273e+10	7.483712e+03
1.365047e+10	7.487479e+03
1.377942e+10	7.491277e+03
1.390958e+10	7.495104e+03
1.404098e+10	7.498963e+03
1.417361e+10	7.502852e+03
1.430750e+10	7.506773e+03
1.444266e+10	7.510725e+03
1.457909e+10	7.514708e+03
1.471681e+10	7.518723e+03
1.485583e+10	7.522769e+03
1.499616e+10	7.526848e+03
1.513782e+10	7.530959e+03
1.528082e+10	7.535103e+03
1.542517e+10	7.539280e+03
1.557088e+10	7.543489e+03
1.571797e+10	7.547732e+03
1.586645e+10	7.552008e+03
1.601633e+10	7.556317e+03
1.616763e+10	7.560661e+03
1.632035e+10	7.565038e+03
1.647452e+10	7.569450e+03
1.663015e+10	7.573896e+03
1.678724e+10	7.578377e+03
1.694582e+10	7.582893e+03
1.710590e+10	7.587444e+03
1.726749e+10	7.592031e+03
1.743060e+10	7.596653e+03
1.759526e+10	7.601311e+03
1.776147e+10	7.606005e+03
1.792925e+10	7.610735e+03
1.809862e+10	7.615502e+03
1.826959e+10	7.620306e+03
1.844217e+10	7.625146e+03
1.861638e+10	7.630024e+03
1.879224e+10	7.634939e+03
1.896976e+10	7.639892e+03
1.914895e+10	7.644883e+03
1.932984e+10	7.649912e+03
1.951244e+10	7.654979e+03
1.969676e+10	7.660085e+03
1.988283e+10	7.665230e+03
2.007065e+10	7.670414e+03
2.026024e+10	7.675637e+03
2.045163e+10	7.680900e+03
2.064482e+10	7.686202e+03
2.083984e+10	7.691545e+03
2.103670e+10	7.696928e+03
2.123543e+10	7.702351e+03
2.143602e+10	7.707815e+03
2.163852e+10	7.713321e+03
2.184292e+10	7.718867e+03
2.204926e+10	7.724455e+03
2.225755e+10	7.730085e+03
2.246780e+10	7.735756e+03
2.268004e+10	7.741470e+03
2.289428e+10	7.747226e+03
2.311055e+10	7.753026e+03
2.332887e+10	7.758868e+03
2.354924e+10	7.764753e+03
2.377169e+10	7.770682e+03
2.399625e+10	7.776654e+03
2.422293e+10	7.782670e+03
2.445175e+10	7.788731e+03
2.468273e+10	7.794836e+03
2.491589e+10	7.800986e+03
2.515126e+10	7.807181e+03
2.538885e+10	7.813421e+03
2.562868e+10	7.819707e+03
2.587078e+10	7.826038e+03
2.611517e+10	7.832415e+03
2.636186e+10	7.838839e+03
2.661088e+10	7.845309e+03
2.686226e+10	7.851826e+03
2.711601e+10	7.858390e+03
2.737216e+10	7.865001e+03
2.763073e+10	7.871659e+03
2.789174e+10	7.878366e+03
2.815522e+10	7.885120e+03
2.842118e+10	7.891923e+03
2.868966e+10	7.898775e+03
2.896068e+10	7.905675e+03
2.923425e+10	7.912625e+03
2.951041e+10	7.919623e+03
2.978918e+10	7.926672e+03
3.007058e+10	7.933770e+03
3.035464e+10	7.940919e+03
3.064138e+10	7.948117e+03
3.093083e+10	7.955367e+03
3.122301e+10	7.962668e+03
3.151796e+10	7.970019e+03
3.181569e+10	7.977423e+03
3.211623e+10	7.984878e+03
3.241962e+10	7.992385e+03
3.272586e+10	7.999944e+03
3.303501e+10	8.007556e+03
3.334707e+10	8.015221e+03
3.366208e+10	8.022939e+03
3.398006e+10	8.030710e+03
3.430105e+10	8.038535e+03
3.462507e+10	8.046413e+03
3.495216e+10	8.054346e+03
3.528233e+10	8.062334e+03
3.561562e+10	8.070376e+03
3.595206e+10	8.078473e+03
3.629168e+10	8.086626e+03
3.663450e+10	8.094834e+03
3.698057e+10	8.103097e+03
3.732990e+10	8.111417e+03
3.768253e+10	8.119794e+03
3.803850e+10	8.128226e+03
3.839783e+10	8.136716e+03
3.876055e+10	8.145263e+03
3.912669e+10	8.153868e+03
3.949630e+10	8.162530e+03
3.986940e+10	8.171250e+03
4.024602e+10	8.180029e+03
4.062620e+10	8.188866e+03
4.100997e+10	8.197762e+03
4.139737e+10	8.206717e+03
4.178843e+10	8.215732e+03
4.218318e+10	8.224806e+03
4.258166e+10	8.233941e+03
4.298390e+10	8.243135e+03
4.338994e+10	8.252390e+03
4.379982e+10	8.261706e+03
4.421357e+10	8.271083e+03
4.463123e+10	8.280521e+03
4.505284e+10	8.290021e+03
4.547842e+10	8.299583e+03
4.590803e+10	8.309208e+03
4.634170e+10	8.318894e+03
4.677946e+10	8.328644e+03
4.722136e+10	8.338457e+03
4.766743e+10	8.348333e+03
4.811771e+10	8.358272e+03
4.857225e+10	8.368276e+03
4.903109e+10	8.378344e+03
4.949425e+10	8.388476e+03
4.996180e+10	8.398673e+03
5.043375e+10	8.408935e+03
5.091017e+10	8.419263e+03
5.139109e+10	8.429656e+03
5.187655e+10	8.440115e+03
5.236660e+10	8.450640e+03
5.286127e+10	8.461232e+03
5.336062e+10	8.471891e+03
5.386469e+10	8.482617e+03
5.437352e+10	8.493410e+03
5.488715e+10	8.504271e+03
5.540564e+10	8.515199e+03
5.592902e+10	8.526196e+03
5.645735e+10	8.537262e+03
5.699067e+10	8.548396e+03
5.752902e+10	8.559600e+03
5.807247e+10	8.570873e+03
5.862104e+10	8.582215e+03
5.917480e+10	8.593628e+03
5.973379e+10	8.605111e+03
6.029806e+10	8.616664e+03
6.086766e+10	8.628289e+03
6.144264e+10	8.639984e+03
6.202305e+10	8.651751e+03
6.260894e+10	8.663590e+03
6.320037e+10	8.675500e+03
6.379739e+10	8.687484e+03
6.440005e+10	8.699539e+03
6.500839e+10	8.711668e+03
6.562249e+10	8.723870e+03
6.624239e+10	8.736145e+03
6.686814e+10	8.748494e+03
6.749980e+10	8.760918e+03
6.813743e+10	8.773416e+03
6.878109e+10	8.785988e+03
6.943082e+10	8.798635e+03
7.008669e+10	8.811358e+03
7.074876e+10	8.824157e+03
7.141708e+10	8.837031e+03
7.209171e+10	8.849981e+03
7.277272e+10	8.863008e+03
7.346016e+10	8.876112e+03
7.415410e+10	8.889293e+03
7.485459e+10	8.902551e+03
7.556169e+10	8.915887e+03
7.627548e+10	8.929301e+03
7.699601e+10	8.942794e+03
7.772334e+10	8.956365e+03
7.845755e+10	8.970015e+03
7.919869e+10	8.983744e+03
7.994683e+10	8.997552e+03
8.070204e+10	9.011441e+03
8.146439e+10	9.025409e+03
8.223393e+10	9.039458e+03
8.301075e+10	9.053588e+03
8.379490e+10	9.067799e+03
8.458646e+10	9.082091e+03
8.538550e+10	9.096465e+03
8.619208e+10	9.110921e+03
8.700629e+10	9.125459e+03
8.782818e+10	9.140080e+03
8.865785e+10	9.154783e+03
8.949534e+10	9.169570e+03
9.034075e+10	9.184440e+03
9.119415e+10	9.199395e+03
9.205560e+10	9.214433e+03
9.292520e+10	9.229556e+03
9.380301e+10	9.244763e+03
9.468911e+10	9.260056e+03
9.558358e+10	9.275434e+03
9.648650e+10	9.290897e+03
9.739795e+10	9.306447e+03
9.831801e+10	9.322083e+03
9.924676e+10	9.337806e+03
1.001843e+11	9.353615e+03
1.011307e+11	9.369512e+03
1.020860e+11	9.385497e+03
1.030503e+11	9.401569e+03
1.040238e+11	9.417730e+03
1.050064e+11	9.433979e+03
1.059984e+11	9.450317e+03
1.069997e+11	9.466744e+03
1.080104e+11	9.483261e+03
1.090307e+11	9.499868e+03
1.100607e+11	9.516565e+03
1.111004e+11	9.533352e+03
1.121499e+11	9.550230e+03
1.132093e+11	9.567199e+03
1.142787e+11	9.584260e+03
1.153582e+11	9.601412e+03
1.164479e+11	9.618657e+03
1.175480e+11	9.635994e+03
1.186584e+11	9.653424e+03
1.197793e+11	9.670947e+03
1.209107e+11	9.688563e+03
1.220529e+11	9.706273e+03
1.232059e+11	9.724077e+03
1.243697e+11	9.741975e+03
1.255446e+11	9.759969e+03
1.267305e+11	9.778057e+03
1.279277e+11	9.796241e+03
1.291361e+11	9.814520e+03
1.303560e+11	9.832896e+03
1.315874e+11	9.851368e+03
1.328304e+11	9.869936e+03
1.340852e+11	9.888602e+03
1.353518e+11	9.907365e+03
1.366304e+11	9.926226e+03
1.379211e+11	9.945185e+03
1.392239e+11	9.964243e+03
1.405391e+11	9.983399e+03
1.418667e+11	1.000265e+04
1.432068e+11	1.002201e+04
1.445596e+11	1.004146e+04
1.459252e+11	1.006102e+04
1.473036e+11	1.008067e+04
1.486951e+11	1.010043e+04
1.500998e+11	1.012029e+04
1.515177e+11	1.014025e+04
1.529490e+11	1.016031e+04
1.543938e+11	1.018047e+04
1.558522e+11	1.020074e+04
1.573245e+11	1.022111e+04
1.588106e+11	1.024158e+04
1.603108e+11	1.026215e+04
1.618252e+11	1.028283e+04
1.633538e+11	1.030362e+04
1.648970e+11	1.032451e+04
1.664546e+11	1.034550e+04
1.680270e+11	1.036660e+04
1.696143e+11	1.038781e+04
1.712165e+11	1.040912e+04
1.728339e+11	1.043054e+04
1.744666e+11	1.045206e+04
1.761146e+11	1.047369e+04
1.777783e+11	1.049543e+04
1.794577e+11	1.051728e+04
1.811529e+11	1.053924e+04
1.828641e+11	1.056130e+04
1.845915e+11	1.058348e+04
1.863353e+11	1.060576e+04
1.880955e+11	1.062815e+04
1.898723e+11	1.065066e+04
1.916659e+11	1.067327e+04
1.934765e+11	1.069600e+04
1.953041e+11	1.071883e+04
1.971490e+11	1.074178e+04
1.990114e+11	1.076484e+04
2.008913e+11	1.078801e+04
2.027890e+11	1.081130e+04
2.047047e+11	1.083470e+04
2.066384e+11	1.085821e+04
2.085904e+11	1.088184e+04
2.105608e+11	1.090558e+04
2.125498e+11	1.092944e+04
2.145577e+11	1.095341e+04
2.165845e+11	1.097750e+04
2.186304e+11	1.100170e+04
2.206957e+11	1.102602e+04
2.227805e+11	1.105046e+04
2.248849e+11	1.107501e+04
2.270093e+11	1.109968e+04
2.291537e+11	1.112447e+04
2.313184e+11	1.114938e+04
2.335035e+11	1.117440e+04
2.357093e+11	1.119955e+04
2.379359e+11	1.122481e+04
2.401835e+11	1.125020e+04
2.424524e+11	1.127570e+04
2.447427e+11	1.130133e+04
2.470546e+11	1.132708e+04
2.493884e+11	1.135295e+04
2.517442e+11	1.137894e+04
2.541223e+11	1.140505e+04
2.565229e+11	1.143129e+04
2.589461e+11	1.145765e+04
2.613922e+11	1.148413e+04
2.638614e+11	1.151074e+04
2.663539e+11	1.153747e+04
2.688700e+11	1.156433e+04
2.714099e+11	1.159131e+04
2.739737e+11	1.161842e+04
2.765618e+11	1.164566e+04
2.791743e+11	1.167302e+04
2.818115e+11	1.170051e+04
2.844736e+11	1.172813e+04
2.871609e+11	1.175587e+04
2.898735e+11	1.178374e+04
2.926118e+11	1.181175e+04
2.953759e+11	1.183988e+04
2.981661e+11	1.186814e+04
3.009827e+11	1.189653e+04
3.038259e+11	1.192505e+04
3.066960e+11	1.195371e+04
3.095932e+11	1.198249e+04
3.125177e+11	1.201141e+04
3.154699e+11	1.204046e+04
3.184499e+11	1.206964e+04
3.214581e+11	1.209896e+04
3.244947e+11	1.212841e+04
3.275601e+11	1.215799e+04
3.306543e+11	1.218771e+04
3.337778e+11	1.221756e+04
3.369308e+11	1.224755e+04
3.401136e+11	1.227768e+04
3.433264e+11	1.230794e+04
3.465696e+11	1.233834e+04
3.498435e+11	1.236888e+04
3.531482e+11	1.239955e+04
3.564842e+11	1.243037e+04
3.598517e+11	1.246132e+04
3.632510e+11	1.249241e+04
3.666824e+11	1.252365e+04
3.701463e+11	1.255502e+04
3.736428e+11	1.258653e+04
3.771724e+11	1.261819e+04
3.807353e+11	1.264999e+04
3.843319e+11	1.268193e+04
3.879625e+11	1.271401e+04
3.916273e+11	1.274623e+04
3.953268e+11	1.277860e+04
3.990612e+11	1.281112e+04
4.028309e+11	1.284378e+04
4.066362e+11	1.287658e+04
4.104774e+11	1.290953e+04
4.143550e+11	1.294263e+04
4.182691e+11	1.297587e+04
4.222203e+11	1.300927e+04
4.262087e+11	1.304281e+04
4.302349e+11	1.307649e+04
4.342990e+11	1.311033e+04
4.384016e+11	1.314432e+04
4.425429e+11	1.317845e+04
4.467234e+11	1.321274e+04
4.509433e+11	1.324718e+04
4.552031e+11	1.328177e+04
4.595031e+11	1.331651e+04
4.638438e+11	1.335141e+04
4.682254e+11	1.338646e+04
4.726485e+11	1.342166e+04
4.771133e+11	1.345701e+04
4.816203e+11	1.349253e+04
4.861699e+11	1.352819e+04
4.907624e+11	1.356401e+04
4.953984e+11	1.359999e+04
5.000781e+11	1.363613e+04
5.048020e+11	1.367242e+04
5.095706e+11	1.370887e+04
5.143842e+11	1.374549e+04
5.192433e+11	1.378226e+04
5.241483e+11	1.381918e+04
5.290996e+11	1.385628e+04
5.340977e+11	1.389353e+04
5.391430e+11	1.393094e+04
5.442359e+11	1.396851e+04
5.493770e+11	1.400625e+04
5.545667e+11	1.404415e+04
5.598053e+11	1.408222e+04
5.650935e+11	1.412045e+04
5.704316e+11	1.415884e+04
5.758201e+11	1.419740e+04
5.812595e+11	1.423612e+04
5.867503e+11	1.427502e+04
5.922930e+11	1.431408e+04
5.978880e+11	1.435331e+04
6.035359e+11	1.439270e+04
6.092372e+11	1.443227e+04
6.149923e+11	1.447200e+04
6.208017e+11	1.451191e+04
6.266661e+11	1.455199e+04
6.325858e+11	1.459223e+04
6.385615e+11	1.463266e+04
6.445936e+11	1.467325e+04
6.506827e+11	1.471402e+04
6.568293e+11	1.475496e+04
6.630340e+11	1.479607e+04
6.692973e+11	1.483736e+04
6.756197e+11	1.487883e+04
6.820019e+11	1.492047e+04
6.884443e+11	1.496230e+04
6.949477e+11	1.500429e+04
7.015124e+11	1.504647e+04
7.081392e+11	1.508883e+04
7.148286e+11	1.513137e+04
7.215811e+11	1.517408e+04
7.283975e+11	1.521698e+04
7.352782e+11	1.526006e+04
7.422239e+11	1.530332e+04
7.492353e+11	1.534677e+04
7.563129e+11	1.539040e+04
7.634573e+11	1.543421e+04
7.706692e+11	1.547821e+04
7.779493e+11	1.552239e+04
7.852981e+11	1.556676e+04
7.927163e+11	1.561132e+04
8.002046e+11	1.565606e+04
8.077637e+11	1.570100e+04
8.153942e+11	1.574612e+04
8.230967e+11	1.579143e+04
8.308720e+11	1.583694e+04
8.387208e+11	1.588263e+04
8.466436e+11	1.592852e+04
8.546414e+11	1.597460e+04
8.627147e+11	1.602087e+04
8.708642e+11	1.606734e+04
8.790908e+11	1.611400e+04
8.873950e+11	1.616085e+04
8.957777e+11	1.620791e+04
9.042396e+11	1.625515e+04
9.127814e+11	1.630260e+04
9.214039e+11	1.635025e+04
9.301078e+11	1.639809e+04
9.388940e+11	1.644614e+04
9.477632e+11	1.649438e+04
9.567161e+11	1.654283e+04
9.657536e+11	1.659147e+04
9.748765e+11	1.664032e+04
9.840856e+11	1.668938e+04
9.933817e+11	1.673864e+04
1.002766e+12	1.678810e+04
1.012238e+12	1.683777e+04
1.021800e+12	1.688764e+04
1.031452e+12	1.693773e+04
1.041196e+12	1.698802e+04
1.051032e+12	1.703852e+04
1.060960e+12	1.708922e+04
1.070982e+12	1.714014e+04
1.081099e+12	1.719127e+04
1.091312e+12	1.724262e+04
1.101621e+12	1.729417e+04
1.112027e+12	1.734594e+04
1.122532e+12	1.739792e+04
1.133136e+12	1.745012e+04
1.143840e+12	1.750253e+04
1.154645e+12	1.755516e+04
1.165552e+12	1.760801e+04
1.176562e+12	1.766107e+04
1.187677e+12	1.771436e+04
1.198896e+12	1.776786e+04
1.210221e+12	1.782159e+04
1.221653e+12	1.787553e+04
1.233194e+12	1.792970e+04
1.244843e+12	1.798410e+04
1.256602e+12	1.803871e+04
1.268472e+12	1.809355e+04
1.280455e+12	1.814862e+04
1.292551e+12	1.820391e+04
1.304761e+12	1.825943e+04
1.317086e+12	1.831518e+04
1.329528e+12	1.837116e+04
1.342087e+12	1.842736e+04
1.354765e+12	1.848380e+04
1.367562e+12	1.854047e+04
1.380481e+12	1.859737e+04
1.393521e+12	1.865451e+04
1.406685e+12	1.871188e+04
1.419973e+12	1.876948e+04
1.433387e+12	1.882732e+04
1.446927e+12	1.888540e+04
1.460596e+12	1.894372e+04
1.474393e+12	1.900227e+04
1.488321e+12	1.906106e+04
1.502380e+12	1.912010e+04
1.516572e+12	1.917937e+04
1.530898e+12	1.923889e+04
1.545360e+12	1.929865e+04
1.559958e+12	1.935865e+04
1.574694e+12	1.941890e+04
1.589569e+12	1.947940e+04
1.604585e+12	1.954014e+04
1.619742e+12	1.960113e+04
1.635043e+12	1.966237e+04
1.650488e+12	1.972386e+04
1.666079e+12	1.978560e+04
1.681818e+12	1.984759e+04
1.697705e+12	1.990983e+04
1.713742e+12	1.997233e+04
1.729931e+12	2.003508e+04
1.746273e+12	2.009808e+04
1.762769e+12	2.016135e+04
1.779420e+12	2.022487e+04
1.796229e+12	2.028864e+04
1.813197e+12	2.035268e+04
1.830326e+12	2.041698e+04
1.847616e+12	2.048154e+04
1.865069e+12	2.054636e+04
1.882687e+12	2.061144e+04
1.900472e+12	2.067679e+04
1.918424e+12	2.074240e+04
1.936547e+12	2.080828e+04
1.954840e+12	2.087443e+04
1.973306e+12	2.094084e+04
1.991947e+12	2.100753e+04
2.010763e+12	2.107448e+04
2.029758e+12	2.114171e+04
2.048932e+12	2.120920e+04
2.068287e+12	2.127698e+04
2.087825e+12	2.134502e+04
2.107547e+12	2.141334e+04
2.127456e+12	2.148194e+04
2.147553e+12	2.155081e+04
2.167839e+12	2.161997e+04
2.188318e+12	2.168940e+04
2.208989e+12	2.175911e+04
2.229856e+12	2.182911e+04
2.250921e+12	2.189939e+04
2.272184e+12	2.196995e+04
2.293648e+12	2.204080e+04
2.315314e+12	2.211193e+04
2.337186e+12	2.218335e+04
2.359264e+12	2.225506e+04
2.381550e+12	2.232706e+04
2.404047e+12	2.239935e+04
2.426757e+12	2.247193e+04
2.449681e+12	2.254481e+04
2.472822e+12	2.261797e+04
2.496181e+12	2.269143e+04
2.519761e+12	2.276519e+04
2.543564e+12	2.283925e+04
2.567591e+12	2.291360e+04
2.591846e+12	2.298826e+04
2.616329e+12	2.306321e+04
2.641044e+12	2.313847e+04
2.665993e+12	2.321403e+04
2.691177e+12	2.328989e+04
2.716598e+12	2.336606e+04
2.742261e+12	2.344253e+04
2.768165e+12	2.351932e+04
2.794314e+12	2.359641e+04
2.820710e+12	2.367381e+04
2.847356e+12	2.375152e+04
2.874253e+12	2.382955e+04
2.901405e+12	2.390789e+04
2.928813e+12	2.398654e+04
2.956479e+12	2.406551e+04
2.984407e+12	2.414480e+04
3.012599e+12	2.422441e+04
3.041057e+12	2.430433e+04
3.069785e+12	2.438458e+04
3.098783e+12	2.446515e+04
3.128055e+12	2.454604e+04
3.157604e+12	2.462726e+04
3.187432e+12	2.470880e+04
3.217542e+12	2.479067e+04
3.247936e+12	2.487287e+04
3.278617e+12	2.495539e+04
3.309589e+12	2.503825e+04
3.340852e+12	2.512145e+04
3.372411e+12	2.520497e+04
3.404268e+12	2.528883e+04
3.436427e+12	2.537303e+04
3.468888e+12	2.545756e+04
3.501657e+12	2.554243e+04
3.534735e+12	2.562764e+04
3.568126e+12	2.571320e+04
3.601831e+12	2.579909e+04
3.635856e+12	2.588534e+04
3.670202e+12	2.597192e+04
3.704872e+12	2.605885e+04
3.739869e+12	2.614613e+04
3.775198e+12	2.623376e+04
3.810860e+12	2.632174e+04
3.846859e+12	2.641008e+04
3.883198e+12	2.649876e+04
3.919880e+12	2.658780e+04
3.956909e+12	2.667720e+04
3.994287e+12	2.676696e+04
4.032019e+12	2.685707e+04
4.070107e+12	2.694755e+04
4.108555e+12	2.703838e+04
4.147366e+12	2.712958e+04
4.186544e+12	2.722114e+04
4.226091e+12	2.731307e+04
4.266013e+12	2.740537e+04
4.306311e+12	2.749804e+04
4.346990e+12	2.759107e+04
4.388054e+12	2.768448e+04
4.429505e+12	2.777826e+04
4.471348e+12	2.787242e+04
4.513586e+12	2.796695e+04
4.556223e+12	2.806186e+04
4.599263e+12	2.815715e+04
4.642710e+12	2.825282e+04
4.686567e+12	2.834887e+04
4.730838e+12	2.844531e+04
4.775527e+12	2.854213e+04
4.820639e+12	2.863933e+04
4.866176e+12	2.873693e+04
4.912144e+12	2.883491e+04
4.958546e+12	2.893329e+04
5.005387e+12	2.903205e+04
5.052670e+12	2.913121e+04
5.100399e+12	2.923077e+04
5.148580e+12	2.933072e+04
5.197215e+12	2.943108e+04
5.246310e+12	2.953183e+04
5.295869e+12	2.963299e+04
5.345896e+12	2.973454e+04
5.396395e+12	2.983651e+04
5.447372e+12	2.993888e+04
5.498830e+12	3.004165e+04
5.550774e+12	3.014484e+04
5.603209e+12	3.024844e+04
5.656139e+12	3.035245e+04
5.709569e+12	3.045688e+04
5.763504e+12	3.056172e+04
5.817949e+12	3.066698e+04
5.872907e+12	3.077266e+04
5.928385e+12	3.087876e+04
5.984387e+12	3.098529e+04
6.040918e+12	3.109223e+04
6.097983e+12	3.119961e+04
6.155587e+12	3.130741e+04
6.213735e+12	3.141564e+04
6.272432e+12	3.152430e+04
6.331684e+12	3.163340e+04
6.391496e+12	3.174293e+04
6.451873e+12	3.185289e+04
6.512820e+12	3.196330e+04
6.574342e+12	3.207414e+04
6.636446e+12	3.218542e+04
6.699137e+12	3.229715e+04
6.762420e+12	3.240932e+04
6.826300e+12	3.252194e+04
6.890784e+12	3.263501e+04
6.955877e+12	3.274852e+04
7.021585e+12	3.286249e+04
7.087914e+12	3.297691e+04
7.154869e+12	3.309179e+04
7.222457e+12	3.320713e+04
7.290683e+12	3.332292e+04
7.359554e+12	3.343917e+04
7.429075e+12	3.355589e+04
7.499253e+12	3.367307e+04
7.570094e+12	3.379072e+04
7.641604e+12	3.390884e+04
7.713790e+12	3.402742e+04
7.786658e+12	3.414648e+04
7.860214e+12	3.426601e+04
7.934464e+12	3.438601e+04
8.009416e+12	3.450650e+04
8.085077e+12	3.462746e+04
8.161451e+12	3.474890e+04
8.238548e+12	3.487083e+04
8.316372e+12	3.499324e+04
8.394932e+12	3.511614e+04
8.474234e+12	3.523952e+04
8.554285e+12	3.536340e+04
8.635092e+12	3.548777e+04
8.716663e+12	3.561263e+04
8.799004e+12	3.573800e+04
8.882123e+12	3.586385e+04
8.966027e+12	3.599021e+04
9.050724e+12	3.611707e+04
9.136221e+12	3.624444e+04
9.222525e+12	3.637231e+04
9.309645e+12	3.650069e+04
9.397587e+12	3.662958e+04
9.486361e+12	3.675899e+04
9.575973e+12	3.688890e+04
9.666431e+12	3.701934e+04
9.757744e+12	3.715029e+04
9.849920e+12	3.728176e+04
9.942966e+12	3.741375e+04
1.003689e+13	3.754627e+04
1.013170e+13	3.767932e+04
1.022741e+13	3.781289e+04
1.032402e+13	3.794700e+04
1.042155e+13	3.808163e+04
1.052000e+13	3.821681e+04
1.061937e+13	3.835252e+04
1.071969e+13	3.848877e+04
1.082095e+13	3.862556e+04
1.092317e+13	3.876289e+04
1.102635e+13	3.890077e+04
1.113051e+13	3.903919e+04
1.123565e+13	3.917817e+04
1.134179e+13	3.931770e+04
1.144893e+13	3.945778e+04
1.155708e+13	3.959842e+04
1.166625e+13	3.973962e+04
1.177646e+13	3.988138e+04
1.188770e+13	4.002370e+04
1.200000e+13	4.016659e+04
1.285208e+13	4.042035e+04
1.314935e+13	4.079186e+04
1.345349e+13	4.116708e+04
1.376467e+13	4.154605e+04
1.408304e+13	4.192882e+04
1.440878e+13	4.231543e+04
1.474205e+13	4.270593e+04
1.508304e+13	4.310037e+04
1.543190e+13	4.349878e+04
1.578884e+13	4.390122e+04
1.615403e+13	4.430774e+04
1.652767e+13	4.471839e+04
1.690996e+13	4.513322e+04
1.730108e+13	4.555227e+04
1.770125e+13	4.597560e+04
1.811068e+13	4.640326e+04
1.852958e+13	4.683531e+04
1.895816e+13	4.727180e+04
1.939666e+13	4.771279e+04
1.984530e+13	4.815833e+04
2.030432e+13	4.860848e+04
2.077396e+13	4.906330e+04
2.125446e+13	4.952284e+04
2.174607e+13	4.998718e+04
2.224905e+13	5.045636e+04
2.276367e+13	5.093045e+04
2.329019e+13	5.140952e+04
2.382889e+13	5.189362e+04
2.438004e+13	5.238283e+04
2.494395e+13	5.287721e+04
2.552090e+13	5.337683e+04
2.611119e+13	5.388175e+04
2.671514e+13	5.439204e+04
2.733306e+13	5.490778e+04
2.796527e+13	5.542903e+04
2.861210e+13	5.595588e+04
2.927389e+13	5.648838e+04
2.995099e+13	5.702663e+04
3.064375e+13	5.757068e+04
3.135254e+13	5.812063e+04
3.207772e+13	5.867655e+04
3.281967e+13	5.923851e+04
3.357878e+13	5.980660e+04
3.435546e+13	6.038090e+04
3.515009e+13	6.096149e+04
3.596311e+13	6.154845e+04
3.679493e+13	6.214188e+04
3.764599e+13	6.274185e+04
3.851674e+13	6.334846e+04
3.940762e+13	6.396179e+04
4.031911e+13	6.458194e+04
4.125169e+13	6.520899e+04
4.220583e+13	6.584303e+04
4.318205e+13	6.648416e+04
4.418084e+13	6.713248e+04
4.520274e+13	6.778808e+04
4.624827e+13	6.845105e+04
4.731798e+13	6.912150e+04
4.841244e+13	6.979952e+04
4.953221e+13	7.048522e+04
5.067788e+13	7.117870e+04
5.185005e+13	7.188005e+04
5.304934e+13	7.258939e+04
5.427636e+13	7.330683e+04
5.553176e+13	7.403245e+04
5.681620e+13	7.476639e+04
5.813035e+13	7.550874e+04
5.947490e+13	7.625961e+04
6.085054e+13	7.701913e+04
6.225801e+13	7.778739e+04
6.369802e+13	7.856452e+04
6.517135e+13	7.935063e+04
6.667875e+13	8.014583e+04
6.822102e+13	8.095026e+04
6.979896e+13	8.176402e+04
7.141340e+13	8.258723e+04
7.306518e+13	8.342002e+04
7.475517e+13	8.426251e+04
7.648424e+13	8.511483e+04
7.825331e+13	8.597710e+04
8.006329e+13	8.684944e+04
8.191514e+13	8.773200e+04
8.380983e+13	8.862488e+04
8.574834e+13	8.952823e+04
8.773168e+13	9.044218e+04
8.976090e+13	9.136685e+04
9.183706e+13	9.230239e+04
9.396123e+13	9.324893e+04
9.613454e+13	9.420660e+04
9.835812e+13	9.517555e+04
1.006331e+14	9.615591e+04
1.029608e+14	9.714782e+04
1.053422e+14	9.815142e+04
1.077788e+14	9.916686e+04
1.102717e+14	1.001943e+05
1.128222e+14	1.012338e+05
1.154318e+14	1.022856e+05
1.181017e+14	1.033498e+05
1.208334e+14	1.044266e+05
1.236282e+14	1.055161e+05
1.264877e+14	1.066185e+05
1.294134e+14	1.077339e+05
1.324067e+14	1.088624e+05
1.354692e+14	1.100043e+05
1.386026e+14	1.111596e+05
1.418085e+14	1.123286e+05
1.450885e+14	1.135114e+05
1.484444e+14	1.147081e+05
1.518779e+14	1.159189e+05
1.553908e+14	1.171440e+05
1.589849e+14	1.183835e+05
1.626622e+14	1.196376e+05
1.664246e+14	1.209065e+05
1.702739e+14	1.221903e+05
1.742123e+14	1.234892e+05
1.782419e+14	1.248033e+05
1.823646e+14	1.261329e+05
1.865826e+14	1.274780e+05
1.908982e+14	1.288389e+05
1.953137e+14	1.302157e+05
1.998313e+14	1.316087e+05
2.044533e+14	1.330179e+05
2.091823e+14	1.344436e+05
2.140207e+14	1.358859e+05
2.189709e+14	1.373450e+05
2.240357e+14	1.388211e+05
2.292176e+14	1.403144e+05
2.345193e+14	1.418250e+05
2.399437e+14	1.433532e+05
2.454936e+14	1.448990e+05
2.511718e+14	1.464628e+05
2.569814e+14	1.480447e+05
2.629253e+14	1.496448e+05
2.690068e+14	1.512634e+05
2.752288e+14	1.529006e+05
2.815948e+14	1.545567e+05
2.881081e+14	1.562318e+05
2.947720e+14	1.579261e+05
3.015900e+14	1.596399e+05
3.085657e+14	1.613733e+05
3.157028e+14	1.631265e+05
3.230049e+14	1.648997e+05
3.304760e+14	1.666932e+05
3.381199e+14	1.685071e+05
3.459405e+14	1.703416e+05
3.539421e+14	1.721969e+05
3.621287e+14	1.740734e+05
3.705047e+14	1.759710e+05
3.790744e+14	1.778902e+05
3.878423e+14	1.798310e+05
3.968130e+14	1.817937e+05
4.059912e+14	1.837786e+05
4.153818e+14	1.857858e+05
4.249895e+14	1.878155e+05
4.348194e+14	1.898681e+05
4.448767e+14	1.919437e+05
4.551666e+14	1.940425e+05
4.656946e+14	1.961648e+05
4.764660e+14	1.983108e+05
4.874866e+14	2.004808e+05
4.987621e+14	2.026750e+05
5.102984e+14	2.048936e+05
5.221015e+14	2.071369e+05
5.341776e+14	2.094052e+05
5.465330e+14	2.116986e+05
5.591742e+14	2.140175e+05
5.721079e+14	2.163621e+05
5.853406e+14	2.187326e+05
5.988795e+14	2.211294e+05
6.127314e+14	2.235527e+05
6.269038e+14	2.260027e+05
6.414040e+14	2.284798e+05
6.562396e+14	2.309842e+05
6.714183e+14	2.335162e+05
6.869481e+14	2.360761e+05
7.028371e+14	2.386642e+05
7.190936e+14	2.412808e+05
7.357261e+14	2.439262e+05
7.527433e+14	2.466007e+05
7.701541e+14	2.493046e+05
7.879677e+14	2.520382e+05
8.061932e+14	2.548018e+05
8.248404e+14	2.575958e+05
8.439188e+14	2.604205e+05
8.634385e+14	2.632763e+05
8.834097e+14	2.661633e+05
9.038428e+14	2.690821e+05
9.247485e+14	2.720330e+05
9.461378e+14	2.750163e+05
9.680218e+14	2.780323e+05
9.904120e+14	2.810816e+05
1.013320e+15	2.841643e+05
1.036758e+15	2.872809e+05
1.060738e+15	2.904319e+05
1.085273e+15	2.936175e+05
1.110375e+15	2.968383e+05
1.136058e+15	3.000945e+05
1.162335e+15	3.033866e+05
1.189219e+15	3.067151e+05
1.216726e+15	3.100803e+05
1.244868e+15	3.134827e+05
1.273662e+15	3.169228e+05
1.303121e+15	3.204009e+05
1.333262e+15	3.239177e+05
1.364101e+15	3.274734e+05
1.395652e+15	3.310686e+05
1.427933e+15	3.347038e+05
1.460961e+15	3.383794e+05
1.494753e+15	3.420961e+05
1.529326e+15	3.458542e+05
1.564699e+15	3.496542e+05
1.600891e+15	3.534968e+05
1.637919e+15	3.573825e+05
1.675804e+15	3.613117e+05
1.714565e+15	3.652851e+05
1.754222e+15	3.693032e+05
1.794797e+15	3.733665e+05
1.836311e+15	3.774757e+05
1.878784e+15	3.816314e+05
1.922240e+15	3.858341e+05
1.966701e+15	3.900845e+05
2.012191e+15	3.943831e+05
2.058732e+15	3.987307e+05
2.106350e+15	4.031278e+05
2.155070e+15	4.075751e+05
2.204916e+15	4.120733e+05
2.255916e+15	4.166230e+05
2.308095e+15	4.212249e+05
2.361481e+15	4.258798e+05
2.416101e+15	4.305882e+05
2.471985e+15	4.353510e+05
2.529162e+15	4.401689e+05
2.587661e+15	4.450426e+05
2.647513e+15	4.499728e+05
2.708750e+15	4.549603e+05
2.771403e+15	4.600059e+05
2.835505e+15	4.651104e+05
2.901089e+15	4.702746e+05
2.968191e+15	4.754993e+05
3.036845e+15	4.807852e+05
3.107087e+15	4.861334e+05
3.178953e+15	4.915445e+05
3.252482e+15	4.970194e+05
3.327711e+15	5.025591e+05
3.404681e+15	5.081644e+05
3.483430e+15	5.138361e+05
3.564001e+15	5.195753e+05
3.646436e+15	5.253829e+05
3.730778e+15	5.312597e+05
3.817070e+15	5.372067e+05
3.905358e+15	5.432250e+05
3.995688e+15	5.493154e+05
4.088108e+15	5.554790e+05
4.182665e+15	5.617167e+05
4.279410e+15	5.680296e+05
4.378392e+15	5.744188e+05
4.479663e+15	5.808852e+05
4.583277e+15	5.874299e+05
4.689288e+15	5.940541e+05
4.797750e+15	6.007587e+05
4.908721e+15	6.075450e+05
5.022259e+15	6.144140e+05
5.138423e+15	6.213668e+05
5.257274e+15	6.284046e+05
5.378874e+15	6.355287e+05
5.503286e+15	6.427400e+05
5.630576e+15	6.500399e+05
5.760811e+15	6.574296e+05
5.894057e+15	6.649103e+05
6.030386e+15	6.724832e+05
6.169868e+15	6.801496e+05
6.312576e+15	6.879107e+05
6.458585e+15	6.957679e+05
6.607971e+15	7.037225e+05
6.760812e+15	7.117757e+05
6.917188e+15	7.199290e+05
7.077182e+15	7.281837e+05
7.240876e+15	7.365411e+05
7.408356e+15	7.450027e+05
7.579710e+15	7.535699e+05
7.755028e+15	7.622440e+05
7.934400e+15	7.710266e+05
8.117922e+15	7.799191e+05
8.305688e+15	7.889230e+05
8.497797e+15	7.980397e+05
8.694350e+15	8.072708e+05
8.895449e+15	8.166179e+05
9.101199e+15	8.260825e+05
9.311708e+15	8.356661e+05
9.527086e+15	8.453704e+05
9.747446e+15	8.551969e+05
9.972903e+15	8.651474e+05
1.020357e+16	8.752234e+05
1.043958e+16	8.854267e+05
1.068105e+16	8.957589e+05
1.092810e+16	9.062217e+05
1.118086e+16	9.168169e+05
1.143948e+16	9.275462e+05
1.170407e+16	9.384114e+05
1.197478e+16	9.494144e+05
1.225176e+16	9.605568e+05
1.253514e+16	9.718407e+05
1.282507e+16	9.832678e+05
1.312171e+16	9.948400e+05
1.342522e+16	1.006559e+06
1.373574e+16	1.018428e+06
1.405345e+16	1.030447e+06
1.437850e+16	1.042619e+06
1.471107e+16	1.054946e+06
1.505134e+16	1.067430e+06
1.539947e+16	1.080073e+06
1.575566e+16	1.092877e+06
1.612009e+16	1.105845e+06
1.649294e+16	1.118978e+06
1.687442e+16	1.132278e+06
1.726472e+16	1.145748e+06
1.766405e+16	1.159390e+06
1.807262e+16	1.173206e+06
1.849064e+16	1.187199e+06
1.891832e+16	1.201370e+06
1.935590e+16	1.215722e+06
1.980360e+16	1.230258e+06
2.026165e+16	1.244980e+06
2.073030e+16	1.259890e+06
2.120979e+16	1.274990e+06
2.170037e+16	1.290284e+06
2.220229e+16	1.305774e+06
2.271583e+16	1.321461e+06
2.324124e+16	1.337350e+06
2.377881e+16	1.353442e+06
2.432881e+16	1.369740e+06
2.489153e+16	1.386247e+06
2.546727e+16	1.402965e+06
2.605632e+16	1.419897e+06
2.665900e+16	1.437046e+06
2.727562e+16	1.454416e+06
2.790650e+16	1.472007e+06
2.855197e+16	1.489825e+06
2.921237e+16	1.507871e+06
2.988805e+16	1.526148e+06
3.057936e+16	1.544659e+06
3.128665e+16	1.563409e+06
3.201031e+16	1.582398e+06
3.275070e+16	1.601632e+06
3.350822e+16	1.621112e+06
3.428326e+16	1.640842e+06
3.507622e+16	1.660825e+06
3.588753e+16	1.681066e+06
3.671760e+16	1.701566e+06
3.756688e+16	1.722329e+06
3.843579e+16	1.743359e+06
3.932480e+16	1.764659e+06
4.023438e+16	1.786233e+06
4.116500e+16	1.808084e+06
4.211713e+16	1.830216e+06
4.309130e+16	1.852632e+06
4.408799e+16	1.875337e+06
4.510774e+16	1.898334e+06
4.615107e+16	1.921626e+06
4.721854e+16	1.945218e+06
4.831070e+16	1.969113e+06
4.942812e+16	1.993316e+06
5.057138e+16	2.017831e+06
5.174109e+16	2.042661e+06
5.293785e+16	2.067810e+06
5.416230e+16	2.093284e+06
5.541506e+16	2.119085e+06
5.669680e+16	2.145219e+06
5.800819e+16	2.171690e+06
5.934991e+16	2.198501e+06
6.072266e+16	2.225658e+06
6.212717e+16	2.253165e+06
6.356416e+16	2.281027e+06
6.503439e+16	2.309248e+06
6.653862e+16	2.337833e+06
6.807765e+16	2.366786e+06
6.965228e+16	2.396114e+06
7.126332e+16	2.425819e+06
7.291163e+16	2.455908e+06
7.459806e+16	2.486386e+06
7.632350e+16	2.517257e+06
7.808886e+16	2.548526e+06
7.989504e+16	2.580200e+06
8.174300e+16	2.612283e+06
8.363370e+16	2.644780e+06
8.556813e+16	2.677698e+06
8.754731e+16	2.711041e+06
8.957226e+16	2.744815e+06
9.164406e+16	2.779026e+06
9.376377e+16	2.813679e+06
9.593251e+16	2.848781e+06
9.815141e+16	2.884338e+06
1.004216e+17	2.920354e+06
1.027444e+17	2.956837e+06
1.051208e+17	2.993792e+06
1.075523e+17	3.031226e+06
1.100399e+17	3.069145e+06
1.125851e+17	3.107556e+06
1.151892e+17	3.146464e+06
1.178535e+17	3.185877e+06
1.205794e+17	3.225801e+06
1.233684e+17	3.266243e+06
1.262219e+17	3.307210e+06
1.291414e+17	3.348708e+06
1.321284e+17	3.390745e+06
1.351845e+17	3.433328e+06
1.383113e+17	3.476464e+06
1.415105e+17	3.520160e+06
1.447836e+17	3.564424e+06
1.481324e+17	3.609263e+06
1.515587e+17	3.654685e+06
1.550642e+17	3.700697e+06
1.586508e+17	3.747308e+06
1.623204e+17	3.794526e+06
1.660748e+17	3.842358e+06
1.699161e+17	3.890812e+06
1.738462e+17	3.939897e+06
1.778673e+17	3.989621e+06
1.819813e+17	4.039993e+06
1.861905e+17	4.091021e+06
1.904971e+17	4.142713e+06
1.949032e+17	4.195080e+06
1.994113e+17	4.248129e+06
2.040237e+17	4.301870e+06
2.087427e+17	4.356312e+06
2.135709e+17	4.411464e+06
2.185107e+17	4.467336e+06
2.235649e+17	4.523937e+06
2.287359e+17	4.581277e+06
2.340265e+17	4.639365e+06
2.394395e+17	4.698213e+06
2.449777e+17	4.757829e+06
2.506440e+17	4.818224e+06
2.564413e+17	4.879409e+06
2.623728e+17	4.941393e+06
2.684414e+17	5.004188e+06
2.746504e+17	5.067804e+06
2.810030e+17	5.132253e+06
2.875026e+17	5.197544e+06
2.941525e+17	5.263691e+06
3.009562e+17	5.330703e+06
3.079173e+17	5.398593e+06
3.150393e+17	5.467372e+06
3.223261e+17	5.537052e+06
3.297815e+17	5.607645e+06
3.374093e+17	5.679163e+06
3.452135e+17	5.751619e+06
3.531982e+17	5.825025e+06
3.613677e+17	5.899393e+06
3.697260e+17	5.974737e+06
3.782777e+17	6.051070e+06
3.870272e+17	6.128404e+06
3.959791e+17	6.206754e+06
4.051380e+17	6.286132e+06
4.145088e+17	6.366553e+06
4.240963e+17	6.448030e+06
4.339056e+17	6.530577e+06
4.439418e+17	6.614210e+06
4.542101e+17	6.698941e+06
4.647159e+17	6.784787e+06
4.754647e+17	6.871761e+06
4.864621e+17	6.959879e+06
4.977139e+17	7.049156e+06
5.092259e+17	7.139608e+06
5.210042e+17	7.231251e+06
5.330550e+17	7.324100e+06
5.453845e+17	7.418171e+06
5.579991e+17	7.513481e+06
5.709055e+17	7.610046e+06
5.841105e+17	7.707884e+06
5.976209e+17	7.807011e+06
6.114438e+17	7.907444e+06
6.255863e+17	8.009201e+06
6.400561e+17	8.112300e+06
6.548604e+17	8.216759e+06
6.700073e+17	8.322595e+06
6.855044e+17	8.429828e+06
7.013600e+17	8.538476e+06
7.175824e+17	8.648557e+06
7.341799e+17	8.760092e+06
7.511614e+17	8.873100e+06
7.685356e+17	8.987600e+06
7.863117e+17	9.103612e+06
8.044990e+17	9.221157e+06
8.231069e+17	9.340255e+06
8.421453e+17	9.460928e+06
8.616239e+17	9.583195e+06
8.815532e+17	9.707079e+06
9.019433e+17	9.832602e+06
9.228051e+17	9.959784e+06
9.441495e+17	1.008865e+07
9.659875e+17	1.021922e+07
9.883306e+17	1.035152e+07
1.011191e+18	1.048557e+07
1.034579e+18	1.062139e+07
1.058509e+18	1.075901e+07
1.082992e+18	1.089846e+07
1.108041e+18	1.103975e+07
1.133670e+18	1.118292e+07
1.159892e+18	1.132798e+07
1.186720e+18	1.147496e+07
1.214169e+18	1.162389e+07
1.242252e+18	1.177480e+07
1.270985e+18	1.192771e+07
1.300383e+18	1.208265e+07
1.330461e+18	1.223964e+07
1.361234e+18	1.239871e+07
1.392719e+18	1.255990e+07
1.424932e+18	1.272322e+07
1.457891e+18	1.288872e+07
1.491612e+18	1.305641e+07
1.526112e+18	1.322633e+07
1.561411e+18	1.339850e+07
1.597526e+18	1.357296e+07
1.634477e+18	1.374974e+07
1.672282e+18	1.392887e+07
1.710962e+18	1.411038e+07
1.750536e+18	1.429430e+07
1.791025e+18	1.448067e+07
1.832451e+18	1.466951e+07
1.874836e+18	1.486087e+07
1.918200e+18	1.505478e+07
1.962568e+18	1.525126e+07
2.007962e+18	1.545036e+07
2.054406e+18	1.565210e+07
2.101924e+18	1.585653e+07
2.150541e+18	1.606369e+07
2.200283e+18	1.627360e+07
2.251175e+18	1.648631e+07
2.303244e+18	1.670185e+07
2.356518e+18	1.692026e+07
2.411024e+18	1.714159e+07
2.466790e+18	1.736586e+07
2.523847e+18	1.759312e+07
2.582223e+18	1.782341e+07
2.641949e+18	1.805677e+07
2.703057e+18	1.829324e+07
2.765578e+18	1.853287e+07
2.829546e+18	1.877569e+07
2.894993e+18	1.902176e+07
2.961953e+18	1.927110e+07
3.030463e+18	1.952377e+07
3.100557e+18	1.977982e+07
3.172272e+18	2.003928e+07
3.245647e+18	2.030221e+07
3.320718e+18	2.056865e+07
3.397525e+18	2.083864e+07
3.476110e+18	2.111224e+07
3.556512e+18	2.138950e+07
3.638773e+18	2.167046e+07
3.722937e+18	2.195518e+07
3.809048e+18	2.224370e+07
3.897151e+18	2.253608e+07
3.987291e+18	2.283236e+07
4.079517e+18	2.313261e+07
4.173875e+18	2.343687e+07
4.270416e+18	2.374521e+07
4.369190e+18	2.405766e+07
4.470249e+18	2.437430e+07
4.573645e+18	2.469517e+07
4.679433e+18	2.502034e+07
4.787667e+18	2.534986e+07
4.898405e+18	2.568379e+07
5.011705e+18	2.602219e+07
5.127625e+18	2.636512e+07
5.246226e+18	2.671265e+07
5.367570e+18	2.706482e+07
5.491721e+18	2.742172e+07
5.618744e+18	2.778340e+07
5.748704e+18	2.814992e+07
5.881671e+18	2.852136e+07
6.017713e+18	2.889777e+07
6.156902e+18	2.927923e+07
6.299310e+18	2.966580e+07
6.445012e+18	3.005755e+07
6.594084e+18	3.045456e+07
6.746604e+18	3.085689e+07
6.902652e+18	3.126462e+07
7.062309e+18	3.167782e+07
7.225659e+18	3.209656e+07
7.392787e+18	3.252092e+07
7.563781e+18	3.295098e+07
7.738730e+18	3.338681e+07
7.917726e+18	3.382848e+07
8.100861e+18	3.427609e+07
8.288233e+18	3.472971e+07
8.479939e+18	3.518942e+07
8.676078e+18	3.565530e+07
8.876754e+18	3.612744e+07
9.082072e+18	3.660592e+07
9.292139e+18	3.709083e+07
9.507065e+18	3.758226e+07
9.726962e+18	3.808029e+07
9.951945e+18	3.858502e+07
1.018213e+19	3.909653e+07
1.041764e+19	3.961491e+07
1.065860e+19	4.014027e+07
1.090513e+19	4.067268e+07
1.115737e+19	4.121226e+07
1.141543e+19	4.175910e+07
1.167947e+19	4.231329e+07
1.194962e+19	4.287494e+07
1.222601e+19	4.344414e+07
1.250879e+19	4.402101e+07
1.279812e+19	4.460564e+07
1.309414e+19	4.519813e+07
1.339700e+19	4.579860e+07
1.370687e+19	4.640716e+07
1.402391e+19	4.702391e+07
1.434828e+19	4.764896e+07
1.468016e+19	4.828243e+07
1.501971e+19	4.892443e+07
1.536711e+19	4.957508e+07
1.572255e+19	5.023450e+07
1.608621e+19	5.090280e+07
1.645828e+19	5.158011e+07
1.683896e+19	5.226654e+07
1.722844e+19	5.296222e+07
1.762693e+19	5.366729e+07
1.803464e+19	5.438185e+07
1.845178e+19	5.510605e+07
1.887856e+19	5.584002e+07
1.931522e+19	5.658388e+07
1.976198e+19	5.733777e+07
2.021907e+19	5.810184e+07
2.068673e+19	5.887620e+07
2.116521e+19	5.966102e+07
2.165476e+19	6.045643e+07
2.215563e+19	6.126256e+07
2.266809e+19	6.207958e+07
2.319240e+19	6.290762e+07
2.372884e+19	6.374684e+07
2.427768e+19	6.459739e+07
2.483922e+19	6.545942e+07
2.541375e+19	6.633309e+07
2.600156e+19	6.721856e+07
2.660297e+19	6.811599e+07
2.721830e+19	6.902553e+07
2.784785e+19	6.994737e+07
2.849197e+19	7.088165e+07
2.915098e+19	7.182856e+07
2.982524e+19	7.278826e+07
3.051509e+19	7.376093e+07
3.122090e+19	7.474674e+07
3.194303e+19	7.574588e+07
3.268187e+19	7.675852e+07
3.343780e+19	7.778486e+07
3.421121e+19	7.882506e+07
3.500251e+19	7.987933e+07
3.581211e+19	8.094786e+07
3.664044e+19	8.203084e+07
3.748793e+19	8.312846e+07
3.835502e+19	8.424093e+07
3.924216e+19	8.536845e+07
4.014983e+19	8.651123e+07
4.107849e+19	8.766946e+07
4.202862e+19	8.884337e+07
4.300074e+19	9.003316e+07
4.399534e+19	9.123905e+07
4.501294e+19	9.246127e+07
4.605409e+19	9.370002e+07
4.711931e+19	9.495555e+07
4.820917e+19	9.622808e+07
4.932424e+19	9.751783e+07
5.046510e+19	9.882505e+07
5.163235e+19	1.001500e+08
5.282660e+19	1.014928e+08
5.404847e+19	1.028539e+08
5.529860e+19	1.042334e+08
5.657765e+19	1.056316e+08
5.788628e+19	1.070487e+08
5.922518e+19	1.084850e+08
6.059505e+19	1.099408e+08
6.199661e+19	1.114163e+08
6.343058e+19	1.129118e+08
6.489772e+19	1.144276e+08
6.639879e+19	1.159639e+08
6.793458e+19	1.175211e+08
6.950590e+19	1.190993e+08
7.111356e+19	1.206990e+08
7.275840e+19	1.223203e+08
7.444129e+19	1.239637e+08
7.616311e+19	1.256293e+08
7.792475e+19	1.273175e+08
7.972713e+19	1.290286e+08
8.157121e+19	1.307630e+08
8.345794e+19	1.325208e+08
8.538831e+19	1.343025e+08
8.736332e+19	1.361084e+08
8.938402e+19	1.379388e+08
9.145146e+19	1.397940e+08
9.356672e+19	1.416744e+08
9.573090e+19	1.435803e+08
9.794514e+19	1.455121e+08
1.002106e+20	1.474701e+08
1.025285e+20	1.494547e+08
1.048999e+20	1.514663e+08
1.073262e+20	1.535051e+08
1.098087e+20	1.555717e+08
1.123485e+20	1.576663e+08
1.149471e+20	1.597894e+08
1.176058e+20	1.619413e+08
1.203260e+20	1.641224e+08
1.231092e+20	1.663331e+08
1.259567e+20	1.685739e+08
1.288700e+20	1.708451e+08
1.318508e+20	1.731472e+08
1.349004e+20	1.754806e+08
1.380207e+20	1.778457e+08
1.412131e+20	1.802429e+08
1.444793e+20	1.826727e+08
1.478211e+20	1.851356e+08
1.512402e+20	1.876319e+08
1.547383e+20	1.901621e+08
1.583174e+20	1.927268e+08
1.619793e+20	1.953263e+08
1.657258e+20	1.979611e+08
1.695590e+20	2.006318e+08
1.734809e+20	2.033388e+08
1.774935e+20	2.060827e+08
1.815989e+20	2.088638e+08
1.857992e+20	2.116828e+08
1.900967e+20	2.145401e+08
1.944936e+20	2.174363e+08
1.989922e+20	2.203719e+08
2.035949e+20	2.233475e+08
2.083040e+20	2.263635e+08
2.131220e+20	2.294206e+08
2.180515e+20	2.325192e+08
2.230950e+20	2.356601e+08
2.282552e+20	2.388437e+08
2.335347e+20	2.420706e+08
2.389363e+20	2.453414e+08
2.444629e+20	2.486568e+08
2.501172e+20	2.520173e+08
2.559024e+20	2.554236e+08
2.618214e+20	2.588762e+08
2.678773e+20	2.623759e+08
2.740732e+20	2.659232e+08
2.804125e+20	2.695188e+08
2.868984e+20	2.731634e+08
2.935343e+20	2.768577e+08
3.003237e+20	2.806022e+08
3.072702e+20	2.843978e+08
3.143773e+20	2.882451e+08
3.216488e+20	2.921447e+08
3.290884e+20	2.960976e+08
3.367002e+20	3.001042e+08
3.444880e+20	3.041655e+08
3.524560e+20	3.082821e+08
3.606082e+20	3.124548e+08
3.689490e+20	3.166844e+08
3.774828e+20	3.209717e+08
3.862139e+20	3.253173e+08
3.951469e+20	3.297222e+08
4.042866e+20	3.341872e+08
4.136377e+20	3.387130e+08
4.232051e+20	3.433005e+08
4.329937e+20	3.479506e+08
4.430088e+20	3.526641e+08
4.532555e+20	3.574419e+08
4.637393e+20	3.622848e+08
4.744655e+20	3.671937e+08
4.854398e+20	3.721696e+08
4.966679e+20	3.772134e+08
5.081558e+20	3.823260e+08
5.199093e+20	3.875083e+08
5.319348e+20	3.927613e+08
5.442383e+20	3.980860e+08
5.568265e+20	4.034833e+08
5.697058e+20	4.089543e+08
5.828830e+20	4.144999e+08
5.963650e+20	4.201212e+08
6.101588e+20	4.258191e+08
6.242716e+20	4.315949e+08
6.387109e+20	4.374495e+08
6.534842e+20	4.433840e+08
6.685992e+20	4.493994e+08
6.840638e+20	4.554970e+08
6.998861e+20	4.616779e+08
7.160743e+20	4.679431e+08
7.326370e+20	4.742938e+08
7.495828e+20	4.807313e+08
7.669205e+20	4.872566e+08
7.846593e+20	4.938710e+08
8.028083e+20	5.005758e+08
8.213771e+20	5.073721e+08
8.403754e+20	5.142613e+08
8.598132e+20	5.212445e+08
8.797005e+20	5.283231e+08
9.000479e+20	5.354984e+08
9.208658e+20	5.427717e+08
9.421653e+20	5.501443e+08
9.639574e+20	5.576177e+08
9.862536e+20	5.651931e+08
1.009065e+21	5.728721e+08
1.032405e+21	5.806559e+08
1.056284e+21	5.885462e+08
1.080716e+21	5.965442e+08
1.105713e+21	6.046515e+08
1.131288e+21	6.128696e+08
1.157454e+21	6.212001e+08
1.184226e+21	6.296443e+08
1.211617e+21	6.382040e+08
1.239641e+21	6.468807e+08
1.268314e+21	6.556760e+08
1.297650e+21	6.645915e+08
1.327665e+21	6.736289e+08
1.358373e+21	6.827898e+08
1.389792e+21	6.920760e+08
1.421938e+21	7.014891e+08
1.454827e+21	7.110310e+08
1.488477e+21	7.207033e+08
1.522905e+21	7.305078e+08
1.558130e+21	7.404465e+08
1.594169e+21	7.505210e+08
1.631042e+21	7.607333e+08
1.668768e+21	7.710853e+08
1.707366e+21	7.815789e+08
1.746857e+21	7.922160e+08
1.787261e+21	8.029986e+08
1.828601e+21	8.139287e+08
1.870896e+21	8.250083e+08
1.914169e+21	8.362395e+08
1.958444e+21	8.476244e+08
2.003742e+21	8.591650e+08
2.050088e+21	8.708635e+08
2.097507e+21	8.827220e+08
2.146022e+21	8.947428e+08
2.195659e+21	9.069281e+08
2.246444e+21	9.192802e+08
2.298404e+21	9.318013e+08
2.351566e+21	9.444937e+08
2.405957e+21	9.573599e+08
2.461606e+21	9.704022e+08
2.518543e+21	9.836229e+08
2.576796e+21	9.970247e+08
2.636397e+21	1.010610e+09
2.697377e+21	1.024381e+09
2.759766e+21	1.038341e+09
2.823599e+21	1.052491e+09
2.888909e+21	1.066836e+09
2.955729e+21	1.081377e+09
3.024094e+21	1.096117e+09
3.094041e+21	1.111059e+09
3.165606e+21	1.126205e+09
3.238826e+21	1.141559e+09
3.313739e+21	1.157123e+09
3.390385e+21	1.172900e+09
3.468804e+21	1.188893e+09
3.549037e+21	1.205106e+09
3.631126e+21	1.221540e+09
3.715113e+21	1.238199e+09
3.801043e+21	1.255087e+09
3.888961e+21	1.272206e+09
3.978912e+21	1.289559e+09
4.070943e+21	1.307151e+09
4.165104e+21	1.324983e+09
4.261442e+21	1.343059e+09
4.360008e+21	1.361383e+09
4.460855e+21	1.379958e+09
4.564033e+21	1.398788e+09
4.669599e+21	1.417876e+09
4.777606e+21	1.437225e+09
4.888111e+21	1.456839e+09
5.001172e+21	1.476722e+09
5.116849e+21	1.496878e+09
5.235200e+21	1.517310e+09
5.356290e+21	1.538022e+09
5.480180e+21	1.559017e+09
5.606936e+21	1.580301e+09
5.736623e+21	1.601876e+09
5.869310e+21	1.623747e+09
6.005066e+21	1.645917e+09
6.143963e+21	1.668392e+09
6.286071e+21	1.691175e+09
6.431467e+21	1.714270e+09
6.580226e+21	1.737681e+09
6.732426e+21	1.761414e+09
6.888145e+21	1.785472e+09
7.047467e+21	1.809860e+09
7.210474e+21	1.834582e+09
7.377251e+21	1.859643e+09
7.547886e+21	1.885048e+09
7.722467e+21	1.910801e+09
7.901086e+21	1.936907e+09
8.083837e+21	1.963371e+09
8.270815e+21	1.990199e+09
8.462118e+21	2.017394e+09
8.657845e+21	2.044962e+09
8.858099e+21	2.072908e+09
9.062986e+21	2.101238e+09
9.272611e+21	2.129956e+09
9.487085e+21	2.159068e+09
9.706520e+21	2.188579e+09
9.931030e+21	2.218495e+09
1.016073e+22	2.248822e+09
1.039575e+22	2.279564e+09
1.063620e+22	2.310729e+09
1.088221e+22	2.342321e+09
1.113392e+22	2.374346e+09
1.139144e+22	2.406811e+09
1.165493e+22	2.439721e+09
1.192450e+22	2.473082e+09
1.220032e+22	2.506902e+09
1.248251e+22	2.541185e+09
1.277122e+22	2.575939e+09
1.306662e+22	2.611170e+09
1.336885e+22	2.646884e+09
1.367807e+22	2.683089e+09
1.399444e+22	2.719790e+09
1.431813e+22	2.756995e+09
1.464931e+22	2.794711e+09
1.498814e+22	2.832944e+09
1.533481e+22	2.871702e+09
1.568951e+22	2.910992e+09
1.605240e+22	2.950821e+09
1.642369e+22	2.991197e+09
1.680357e+22	3.032127e+09
1.719223e+22	3.073619e+09
1.758989e+22	3.115681e+09
1.799674e+22	3.158320e+09
1.841300e+22	3.201545e+09
1.883889e+22	3.245363e+09
1.927463e+22	3.289782e+09
1.972045e+22	3.334812e+09
2.017658e+22	3.380459e+09
2.064326e+22	3.426734e+09
2.112074e+22	3.473644e+09
2.160925e+22	3.521197e+09
2.210907e+22	3.569404e+09
2.262045e+22	3.618273e+09
2.314366e+22	3.667813e+09
2.367897e+22	3.718034e+09
2.422666e+22	3.768944e+09
2.478702e+22	3.820553e+09
2.536034e+22	3.872871e+09
2.594692e+22	3.925907e+09
2.654707e+22	3.979672e+09
2.716110e+22	4.034175e+09
2.778933e+22	4.089427e+09
2.843209e+22	4.145438e+09
2.908972e+22	4.202219e+09
2.976256e+22	4.259779e+09
3.045096e+22	4.318130e+09
3.115529e+22	4.377282e+09
3.187591e+22	4.437247e+09
3.261319e+22	4.498036e+09
3.336753e+22	4.559660e+09
3.413931e+22	4.622131e+09
3.492895e+22	4.685460e+09
3.573685e+22	4.749659e+09
3.656344e+22	4.814740e+09
3.740914e+22	4.880715e+09
3.827441e+22	4.947597e+09
3.915969e+22	5.015397e+09
4.006545e+22	5.084130e+09
4.099216e+22	5.153807e+09
4.194030e+22	5.224441e+09
4.291037e+22	5.296046e+09
4.390288e+22	5.368635e+09
4.491835e+22	5.442221e+09
4.595730e+22	5.516819e+09
4.702029e+22	5.592442e+09
4.810786e+22	5.669104e+09
4.922058e+22	5.746820e+09
5.035905e+22	5.825604e+09
5.152384e+22	5.905471e+09
5.271558e+22	5.986436e+09
5.393489e+22	6.068513e+09
5.518239e+22	6.151719e+09
5.645875e+22	6.236068e+09
5.776463e+22	6.321577e+09
5.910072e+22	6.408262e+09
6.046771e+22	6.496138e+09
6.186632e+22	6.585221e+09
6.329727e+22	6.675530e+09
6.476133e+22	6.767080e+09
6.625925e+22	6.859889e+09
6.779181e+22	6.953973e+09
6.935983e+22	7.049352e+09
7.096411e+22	7.146041e+09
7.260550e+22	7.244060e+09
7.428485e+22	7.343427e+09
7.600305e+22	7.444159e+09
7.776099e+22	7.546277e+09
7.955958e+22	7.649799e+09
8.139978e+22	7.754745e+09
8.328255e+22	7.861133e+09
8.520886e+22	7.968985e+09
8.717973e+22	8.078319e+09
8.919618e+22	8.189158e+09
9.125927e+22	8.301520e+09
9.337008e+22	8.415428e+09
9.552972e+22	8.530902e+09
9.773931e+22	8.647964e+09
1.000000e+23	8.766636e+09