# Zeng et al. (2021) core EOS (Holzapfel EOS)
# Pressure (Pa)	Density (kg m-3)
0.000000e+00	2.100000e+03
8.589292e+08	2.116215e+03
1.743867e+09	2.132556e+03
2.655382e+09	2.149023e+03
3.594052e+09	2.165616e+03
4.560469e+09	2.182338e+03
5.555232e+09	2.199190e+03
6.578955e+09	2.216171e+03
7.632260e+09	2.233283e+03
8.715782e+09	2.250528e+03
9.830169e+09	2.267905e+03
1.097608e+10	2.285417e+03
1.215418e+10	2.303064e+03
1.336517e+10	2.320847e+03
1.460972e+10	2.338768e+03
1.588856e+10	2.356827e+03
1.720241e+10	2.375025e+03
1.855200e+10	2.393364e+03
1.993807e+10	2.411845e+03
2.136140e+10	2.430468e+03
2.282275e+10	2.449235e+03
2.432292e+10	2.468147e+03
2.586272e+10	2.487205e+03
2.744296e+10	2.506410e+03
2.906447e+10	2.525764e+03
3.072812e+10	2.545267e+03
3.243475e+10	2.564920e+03
3.418526e+10	2.584726e+03
3.598053e+10	2.604684e+03
3.782149e+10	2.624796e+03
3.970906e+10	2.645064e+03
4.164419e+10	2.665488e+03
4.362783e+10	2.686069e+03
4.566098e+10	2.706810e+03
4.774463e+10	2.727711e+03
4.987978e+10	2.748773e+03
5.206749e+10	2.769998e+03
5.430879e+10	2.791387e+03
5.660477e+10	2.812941e+03
5.895650e+10	2.834661e+03
6.136511e+10	2.856549e+03
6.383171e+10	2.878606e+03
6.635746e+10	2.900834e+03
6.894353e+10	2.923233e+03
7.159110e+10	2.945805e+03
7.430139e+10	2.968551e+03
7.707564e+10	2.991473e+03
7.991509e+10	3.014572e+03
8.282102e+10	3.037849e+03
8.579473e+10	3.061306e+03
8.883754e+10	3.084944e+03
9.195079e+10	3.108765e+03
9.513586e+10	3.132770e+03
9.839414e+10	3.156959e+03
1.017270e+11	3.181336e+03
1.051360e+11	3.205901e+03
1.086225e+11	3.230656e+03
1.121880e+11	3.255602e+03
1.158341e+11	3.280740e+03
1.195622e+11	3.306072e+03
1.233740e+11	3.331601e+03
1.272710e+11	3.357326e+03
1.312549e+11	3.383250e+03
1.353274e+11	3.409374e+03
1.394900e+11	3.435700e+03
1.437446e+11	3.462229e+03
1.480928e+11	3.488962e+03
1.525365e+11	3.515903e+03
1.570774e+11	3.543051e+03
1.617174e+11	3.570409e+03
1.664583e+11	3.597978e+03
1.713021e+11	3.625760e+03
1.762506e+11	3.653757e+03
1.813058e+11	3.681970e+03
1.864697e+11	3.710400e+03
1.917444e+11	3.739051e+03
1.971318e+11	3.767922e+03
2.026342e+11	3.797016e+03
2.082536e+11	3.826335e+03
2.139921e+11	3.855881e+03
2.198521e+11	3.885654e+03
2.258358e+11	3.915658e+03
2.319453e+11	3.945893e+03
2.381832e+11	3.976361e+03
2.445516e+11	4.007065e+03
2.510530e+11	4.038006e+03
2.576899e+11	4.069186e+03
2.644648e+11	4.100606e+03
2.713800e+11	4.132269e+03
2.784383e+11	4.164177e+03
2.856423e+11	4.196331e+03
2.929945e+11	4.228733e+03
3.004977e+11	4.261386e+03
3.081546e+11	4.294291e+03
3.159680e+11	4.327449e+03
3.239407e+11	4.360864e+03
3.320757e+11	4.394537e+03
3.403758e+11	4.428470e+03
3.488440e+11	4.462664e+03
3.574834e+11	4.497123e+03
3.662971e+11	4.531848e+03
3.752881e+11	4.566841e+03
3.844596e+11	4.602105e+03
3.938149e+11	4.637640e+03
4.033573e+11	4.673450e+03
4.130901e+11	4.709536e+03
4.230166e+11	4.745902e+03
4.331405e+11	4.782547e+03
4.434651e+11	4.819476e+03
4.539940e+11	4.856690e+03
4.647309e+11	4.894192e+03
4.756795e+11	4.931982e+03
4.868434e+11	4.970065e+03
4.982266e+11	5.008442e+03
5.098328e+11	5.047115e+03
5.216661e+11	5.086087e+03
5.337303e+11	5.125359e+03
5.460297e+11	5.164935e+03
5.585682e+11	5.204817e+03
5.713502e+11	5.245006e+03
5.843798e+11	5.285506e+03
5.976615e+11	5.326318e+03
6.111995e+11	5.367446e+03
6.249985e+11	5.408891e+03
6.390629e+11	5.450656e+03
6.533975e+11	5.492744e+03
6.680068e+11	5.535157e+03
6.828956e+11	5.577897e+03
6.980689e+11	5.620967e+03
7.135316e+11	5.664370e+03
7.292886e+11	5.708108e+03
7.453451e+11	5.752184e+03
7.617062e+11	5.796600e+03
7.783773e+11	5.841358e+03
7.953636e+11	5.886463e+03
8.126706e+11	5.931916e+03
8.303038e+11	5.977720e+03
8.482689e+11	6.023877e+03
8.665715e+11	6.070391e+03
8.852174e+11	6.117264e+03
9.042125e+11	6.164499e+03
9.235628e+11	6.212099e+03
9.432743e+11	6.260066e+03
9.633533e+11	6.308404e+03
9.838060e+11	6.357114e+03
1.004639e+12	6.406201e+03
1.025858e+12	6.455667e+03
1.047471e+12	6.505515e+03
1.069483e+12	6.555748e+03
1.091902e+12	6.606369e+03
1.114734e+12	6.657381e+03
1.137987e+12	6.708786e+03
1.161668e+12	6.760589e+03
1.185784e+12	6.812791e+03
1.210341e+12	6.865397e+03
1.235349e+12	6.918408e+03
1.260814e+12	6.971829e+03
1.286743e+12	7.025663e+03
1.313146e+12	7.079912e+03
1.340029e+12	7.134580e+03
1.367402e+12	7.189671e+03
1.395271e+12	7.245186e+03
1.423645e+12	7.301131e+03
1.452534e+12	7.357507e+03
1.481945e+12	7.414319e+03
1.511887e+12	7.471569e+03
1.542370e+12	7.529261e+03
1.573401e+12	7.587399e+03
1.604991e+12	7.645986e+03
1.637148e+12	7.705025e+03
1.669882e+12	7.764520e+03
1.703203e+12	7.824474e+03
1.737120e+12	7.884892e+03
1.771644e+12	7.945775e+03
1.806783e+12	8.007129e+03
1.842550e+12	8.068957e+03
1.878953e+12	8.131262e+03
1.916004e+12	8.194048e+03
1.953712e+12	8.257319e+03
1.992090e+12	8.321079e+03
2.031148e+12	8.385331e+03
2.070897e+12	8.450079e+03
2.111349e+12	8.515327e+03
2.152515e+12	8.581079e+03
2.194407e+12	8.647338e+03
2.237037e+12	8.714109e+03
2.280417e+12	8.781396e+03
2.324560e+12	8.849202e+03
2.369477e+12	8.917532e+03
2.415181e+12	8.986390e+03
2.461686e+12	9.055779e+03
2.509005e+12	9.125704e+03
2.557150e+12	9.196169e+03
2.606136e+12	9.267178e+03
2.655975e+12	9.338735e+03
2.706682e+12	9.410845e+03
2.758272e+12	9.483512e+03
2.810758e+12	9.556739e+03
2.864155e+12	9.630532e+03
2.918477e+12	9.704895e+03
2.973740e+12	9.779833e+03
3.029960e+12	9.855348e+03
3.087151e+12	9.931447e+03
3.145329e+12	1.000813e+04
3.204510e+12	1.008541e+04
3.264711e+12	1.016329e+04
3.325948e+12	1.024176e+04
3.388238e+12	1.032085e+04
3.451597e+12	1.040054e+04
3.516043e+12	1.048085e+04
3.581594e+12	1.056178e+04
3.648266e+12	1.064333e+04
3.716079e+12	1.072551e+04
3.785051e+12	1.080833e+04
3.855200e+12	1.089179e+04
3.926545e+12	1.097589e+04
3.999105e+12	1.106064e+04
4.072900e+12	1.114605e+04
4.147949e+12	1.123211e+04
4.224273e+12	1.131884e+04
4.301892e+12	1.140624e+04
4.380827e+12	1.149432e+04
4.461098e+12	1.158307e+04
4.542728e+12	1.167251e+04
4.625737e+12	1.176264e+04
4.710148e+12	1.185347e+04
4.795983e+12	1.194500e+04
4.883264e+12	1.203723e+04
4.972015e+12	1.213018e+04
5.062259e+12	1.222384e+04
5.154020e+12	1.231823e+04
5.247322e+12	1.241334e+04
5.342189e+12	1.250919e+04
5.438646e+12	1.260579e+04
5.536718e+12	1.270312e+04
5.636431e+12	1.280121e+04
5.737811e+12	1.290006e+04
5.840884e+12	1.299967e+04
5.945677e+12	1.310004e+04
6.052217e+12	1.320120e+04
6.160531e+12	1.330313e+04
6.270648e+12	1.340585e+04
6.382596e+12	1.350937e+04
6.496404e+12	1.361368e+04
6.612100e+12	1.371880e+04
6.729716e+12	1.382473e+04
6.849280e+12	1.393148e+04
6.970824e+12	1.403905e+04
7.094378e+12	1.414746e+04
7.219975e+12	1.425670e+04
7.347645e+12	1.436678e+04
7.477423e+12	1.447771e+04
7.609339e+12	1.458951e+04
7.743429e+12	1.470216e+04
7.879726e+12	1.481568e+04
8.018264e+12	1.493008e+04
8.159079e+12	1.504537e+04
8.302206e+12	1.516154e+04
8.447682e+12	1.527861e+04
8.595541e+12	1.539659e+04
8.745823e+12	1.551547e+04
8.898565e+12	1.563528e+04
9.053804e+12	1.575601e+04
9.211580e+12	1.587767e+04
9.371932e+12	1.600027e+04
9.534900e+12	1.612382e+04
9.700525e+12	1.624832e+04
9.868848e+12	1.637378e+04
1.003991e+13	1.650021e+04
1.021376e+13	1.662762e+04
1.039043e+13	1.675601e+04
1.056997e+13	1.688540e+04
1.075242e+13	1.701578e+04
1.093783e+13	1.714717e+04
1.112625e+13	1.727957e+04
1.131771e+13	1.741299e+04
1.151228e+13	1.754745e+04
1.170999e+13	1.768294e+04
1.191089e+13	1.781949e+04
1.211504e+13	1.795708e+04
1.232248e+13	1.809574e+04
1.253326e+13	1.823546e+04
1.274744e+13	1.837627e+04
1.296507e+13	1.851817e+04
1.318619e+13	1.866115e+04
1.341087e+13	1.880525e+04
1.363916e+13	1.895045e+04
1.387112e+13	1.909678e+04
1.410679e+13	1.924424e+04
1.434624e+13	1.939284e+04
1.458953e+13	1.954258e+04
1.483671e+13	1.969348e+04
1.508785e+13	1.984554e+04
1.534299e+13	1.999878e+04
1.560222e+13	2.015320e+04
1.586558e+13	2.030882e+04
1.613314e+13	2.046564e+04
1.640497e+13	2.062366e+04
1.668112e+13	2.078291e+04
1.696167e+13	2.094339e+04
1.724669e+13	2.110510e+04
1.753624e+13	2.126807e+04
1.783038e+13	2.143229e+04
1.812920e+13	2.159778e+04
1.843275e+13	2.176455e+04
1.874112e+13	2.193261e+04
1.905437e+13	2.210196e+04
1.937259e+13	2.227263e+04
1.969584e+13	2.244461e+04
2.002420e+13	2.261791e+04
2.035775e+13	2.279256e+04
2.069657e+13	2.296855e+04
2.104073e+13	2.314591e+04
2.139033e+13	2.332463e+04
2.174543e+13	2.350473e+04
2.210613e+13	2.368623e+04
2.247251e+13	2.386912e+04
2.284465e+13	2.405343e+04
2.322264e+13	2.423916e+04
2.360658e+13	2.442633e+04
2.399654e+13	2.461494e+04
2.439262e+13	2.480500e+04
2.479491e+13	2.499654e+04
2.520351e+13	2.518955e+04
2.561852e+13	2.538405e+04
2.604001e+13	2.558006e+04
2.646811e+13	2.577758e+04
2.690290e+13	2.597662e+04
2.734448e+13	2.617720e+04
2.779296e+13	2.637933e+04
2.824844e+13	2.658302e+04
2.871102e+13	2.678828e+04
2.918082e+13	2.699513e+04
2.965794e+13	2.720358e+04
3.014249e+13	2.741363e+04
3.063458e+13	2.762531e+04
3.113432e+13	2.783862e+04
3.164183e+13	2.805358e+04
3.215723e+13	2.827019e+04
3.268063e+13	2.848848e+04
3.321215e+13	2.870846e+04
3.375192e+13	2.893014e+04
3.430005e+13	2.915352e+04
3.485667e+13	2.937863e+04
3.542192e+13	2.960548e+04
3.599591e+13	2.983408e+04
3.657878e+13	3.006445e+04
3.717065e+13	3.029660e+04
3.777168e+13	3.053053e+04
3.838198e+13	3.076628e+04
3.900170e+13	3.100384e+04
3.963098e+13	3.124324e+04
4.026996e+13	3.148449e+04
4.091878e+13	3.172760e+04
4.157760e+13	3.197259e+04
4.224655e+13	3.221946e+04
4.292580e+13	3.246825e+04
4.361548e+13	3.271896e+04
4.431577e+13	3.297160e+04
4.502681e+13	3.322619e+04
4.574876e+13	3.348275e+04
4.648179e+13	3.374129e+04
4.722606e+13	3.400183e+04
4.798173e+13	3.426437e+04
4.874898e+13	3.452895e+04
4.952797e+13	3.479557e+04
5.031889e+13	3.506424e+04
5.112190e+13	3.533500e+04
5.193718e+13	3.560784e+04
5.276493e+13	3.588279e+04
5.360531e+13	3.615986e+04
5.445851e+13	3.643907e+04
5.532473e+13	3.672044e+04
5.620416e+13	3.700398e+04
5.709699e+13	3.728971e+04
5.800342e+13	3.757764e+04
5.892365e+13	3.786780e+04
5.985788e+13	3.816020e+04
6.080632e+13	3.845486e+04
6.176918e+13	3.875179e+04
6.274667e+13	3.905102e+04
6.373900e+13	3.935255e+04
6.474639e+13	3.965642e+04
6.576907e+13	3.996263e+04
6.680725e+13	4.027120e+04
6.786118e+13	4.058216e+04
6.893106e+13	4.089552e+04
7.001715e+13	4.121129e+04
7.111968e+13	4.152951e+04
7.223888e+13	4.185018e+04
7.337501e+13	4.217333e+04
7.452831e+13	4.249898e+04
7.569904e+13	4.282714e+04
7.688744e+13	4.315783e+04
7.809377e+13	4.349108e+04
7.931830e+13	4.382690e+04
8.056130e+13	4.416531e+04
8.182303e+13	4.450634e+04
8.310377e+13	4.485000e+04
8.440380e+13	4.519631e+04
8.572339e+13	4.554530e+04
8.706283e+13	4.589698e+04
8.842241e+13	4.625138e+04
8.980243e+13	4.660851e+04
9.120318e+13	4.696840e+04
9.262496e+13	4.733107e+04
9.406809e+13	4.769654e+04
9.553286e+13	4.806484e+04
9.701961e+13	4.843597e+04
9.852864e+13	4.880998e+04
1.000603e+14	4.918687e+04
1.016149e+14	4.956667e+04
1.031927e+14	4.994940e+04
1.047942e+14	5.033509e+04
1.064196e+14	5.072376e+04
1.080693e+14	5.111542e+04
1.097437e+14	5.151011e+04
1.114430e+14	5.190785e+04
1.131678e+14	5.230867e+04
1.149183e+14	5.271257e+04
1.166949e+14	5.311960e+04
1.184980e+14	5.352976e+04
1.203280e+14	5.394310e+04
1.221852e+14	5.435962e+04
1.240701e+14	5.477937e+04
1.259831e+14	5.520235e+04
1.279245e+14	5.562860e+04
1.298949e+14	5.605814e+04
1.318945e+14	5.649100e+04
1.339238e+14	5.692720e+04
1.359833e+14	5.736677e+04
1.380733e+14	5.780973e+04
1.401944e+14	5.825611e+04
1.423470e+14	5.870594e+04
1.445315e+14	5.915924e+04
1.467483e+14	5.961605e+04
1.489980e+14	6.007638e+04
1.512811e+14	6.054026e+04
1.535980e+14	6.100773e+04
1.559491e+14	6.147880e+04
1.583351e+14	6.195352e+04
1.607563e+14	6.243190e+04
1.632133e+14	6.291397e+04
1.657067e+14	6.339977e+04
1.682368e+14	6.388931e+04
1.708044e+14	6.438264e+04
1.734098e+14	6.487978e+04
1.760537e+14	6.538075e+04
1.787366e+14	6.588559e+04
1.814590e+14	6.639433e+04
1.842216e+14	6.690700e+04
1.870248e+14	6.742363e+04
1.898694e+14	6.794425e+04
1.927558e+14	6.846889e+04
1.956847e+14	6.899757e+04
1.986567e+14	6.953034e+04
2.016723e+14	7.006723e+04
2.047324e+14	7.060826e+04
2.078373e+14	7.115347e+04
2.109879e+14	7.170288e+04
2.141848e+14	7.225654e+04
2.174285e+14	7.281448e+04
2.207199e+14	7.337672e+04
2.240595e+14	7.394331e+04
2.274481e+14	7.451427e+04
2.308864e+14	7.508963e+04
2.343750e+14	7.566945e+04
2.379147e+14	7.625373e+04
2.415063e+14	7.684253e+04
2.451504e+14	7.743588e+04
2.488478e+14	7.803381e+04
2.525993e+14	7.863635e+04
2.564056e+14	7.924355e+04
2.602676e+14	7.985543e+04
2.641859e+14	8.047204e+04
2.681615e+14	8.109342e+04
2.721951e+14	8.171959e+04
2.762876e+14	8.235059e+04
2.804398e+14	8.298647e+04
2.846525e+14	8.362725e+04
2.889267e+14	8.427299e+04
2.932631e+14	8.492371e+04
2.976627e+14	8.557946e+04
3.021264e+14	8.624026e+04
3.066551e+14	8.690618e+04
3.112496e+14	8.757723e+04
3.159110e+14	8.825346e+04
3.206402e+14	8.893492e+04
3.254381e+14	8.962164e+04
3.303058e+14	9.031366e+04
3.352441e+14	9.101102e+04
3.402542e+14	9.171377e+04
3.453371e+14	9.242195e+04
3.504937e+14	9.313559e+04
3.557251e+14	9.385475e+04
3.610324e+14	9.457946e+04
3.664166e+14	9.530976e+04
3.718789e+14	9.604570e+04
3.774203e+14	9.678733e+04
3.830420e+14	9.753468e+04
3.887450e+14	9.828780e+04
3.945307e+14	9.904674e+04
4.004000e+14	9.981153e+04
4.063543e+14	1.005822e+05
4.123946e+14	1.013589e+05
4.185223e+14	1.021415e+05
4.247385e+14	1.029302e+05
4.310445e+14	1.037250e+05
4.374416e+14	1.045259e+05
4.439311e+14	1.053330e+05
4.505142e+14	1.061464e+05
4.571923e+14	1.069660e+05
4.639668e+14	1.077920e+05
4.708389e+14	1.086243e+05
4.778101e+14	1.094630e+05
4.848817e+14	1.103083e+05
4.920552e+14	1.111600e+05
4.993320e+14	1.120183e+05
5.067136e+14	1.128833e+05
5.142015e+14	1.137549e+05
5.217970e+14	1.146333e+05
5.295018e+14	1.155185e+05
5.373174e+14	1.164104e+05
5.452454e+14	1.173093e+05
5.532873e+14	1.182151e+05
5.614447e+14	1.191279e+05
5.697193e+14	1.200478e+05
5.781127e+14	1.209748e+05
5.866265e+14	1.219089e+05
5.952625e+14	1.228502e+05
6.040224e+14	1.237988e+05
6.129080e+14	1.247547e+05
6.219209e+14	1.257180e+05
6.310630e+14	1.266888e+05
6.403360e+14	1.276670e+05
6.497419e+14	1.286528e+05
6.592825e+14	1.296462e+05
6.689597e+14	1.306473e+05
6.787753e+14	1.316561e+05
6.887314e+14	1.326727e+05
6.988299e+14	1.336971e+05
7.090728e+14	1.347295e+05
7.194621e+14	1.357698e+05
7.299999e+14	1.368182e+05
7.406882e+14	1.378746e+05
7.515292e+14	1.389392e+05
7.625249e+14	1.400120e+05
7.736777e+14	1.410932e+05
7.849896e+14	1.421826e+05
7.964628e+14	1.432805e+05
8.080997e+14	1.443869e+05
8.199025e+14	1.455017e+05
8.318736e+14	1.466252e+05
8.440153e+14	1.477574e+05
8.563299e+14	1.488984e+05
8.688200e+14	1.500481e+05
8.814878e+14	1.512067e+05
8.943360e+14	1.523742e+05
9.073671e+14	1.535508e+05
9.205835e+14	1.547365e+05
9.339879e+14	1.559313e+05
9.475830e+14	1.571353e+05
9.613712e+14	1.583487e+05
9.753555e+14	1.595714e+05
9.895384e+14	1.608035e+05
1.003923e+15	1.620452e+05
1.018511e+15	1.632964e+05
1.033307e+15	1.645573e+05
1.048313e+15	1.658280e+05
1.063532e+15	1.671084e+05
1.078966e+15	1.683987e+05
1.094620e+15	1.696991e+05
1.110495e+15	1.710094e+05
1.126595e+15	1.723299e+05
1.142924e+15	1.736605e+05
1.159484e+15	1.750015e+05
1.176278e+15	1.763527e+05
1.193310e+15	1.777145e+05
1.210584e+15	1.790867e+05
1.228101e+15	1.804695e+05
1.245867e+15	1.818630e+05
1.263884e+15	1.832673e+05
1.282156e+15	1.846824e+05
1.300686e+15	1.861085e+05
1.319478e+15	1.875455e+05
1.338535e+15	1.889937e+05
1.357862e+15	1.904530e+05
1.377462e+15	1.919236e+05
1.397338e+15	1.934056e+05
1.417495e+15	1.948990e+05
1.437937e+15	1.964039e+05
1.458667e+15	1.979204e+05
1.479689e+15	1.994487e+05
1.501008e+15	2.009888e+05
1.522627e+15	2.025407e+05
1.544551e+15	2.041046e+05
1.566784e+15	2.056806e+05
1.589331e+15	2.072688e+05
1.612195e+15	2.088693e+05
1.635381e+15	2.104821e+05
1.658893e+15	2.121073e+05
1.682736e+15	2.137451e+05
1.706915e+15	2.153956e+05
1.731434e+15	2.170588e+05
1.756298e+15	2.187348e+05
1.781512e+15	2.204238e+05
1.807080e+15	2.221258e+05
1.833007e+15	2.238410e+05
1.859299e+15	2.255694e+05
1.885960e+15	2.273111e+05
1.912995e+15	2.290663e+05
1.940410e+15	2.308351e+05
1.968211e+15	2.326175e+05
1.996401e+15	2.344137e+05
2.024987e+15	2.362237e+05
2.053973e+15	2.380478e+05
2.083367e+15	2.398859e+05
2.113173e+15	2.417382e+05
2.143396e+15	2.436048e+05
2.174043e+15	2.454858e+05
2.205120e+15	2.473813e+05
2.236632e+15	2.492915e+05
2.268585e+15	2.512164e+05
2.300986e+15	2.531562e+05
2.333841e+15	2.551110e+05
2.367155e+15	2.570808e+05
2.400936e+15	2.590659e+05
2.435189e+15	2.610663e+05
2.469921e+15	2.630821e+05
2.505139e+15	2.651136e+05
2.540850e+15	2.671607e+05
2.577060e+15	2.692236e+05
2.613776e+15	2.713024e+05
2.651005e+15	2.733973e+05
2.688753e+15	2.755083e+05
2.727030e+15	2.776357e+05
2.765840e+15	2.797795e+05
2.805193e+15	2.819398e+05
2.845095e+15	2.841168e+05
2.885553e+15	2.863107e+05
2.926577e+15	2.885214e+05
2.968172e+15	2.907493e+05
3.010347e+15	2.929943e+05
3.053111e+15	2.952567e+05
3.096470e+15	2.975366e+05
3.140434e+15	2.998340e+05
3.185011e+15	3.021492e+05
3.230208e+15	3.044823e+05
3.276036e+15	3.068334e+05
3.322501e+15	3.092026e+05
3.369613e+15	3.115901e+05
3.417381e+15	3.139961e+05
3.465814e+15	3.164207e+05
3.514920e+15	3.188639e+05
3.564710e+15	3.213261e+05
3.615193e+15	3.238072e+05
3.666377e+15	3.263075e+05
3.718273e+15	3.288271e+05
3.770890e+15	3.313662e+05
3.824238e+15	3.339249e+05
3.878328e+15	3.365033e+05
3.933169e+15	3.391016e+05
3.988772e+15	3.417200e+05
4.045147e+15	3.443586e+05
4.102304e+15	3.470176e+05
4.160255e+15	3.496972e+05
4.219010e+15	3.523974e+05
4.278581e+15	3.551185e+05
4.338977e+15	3.578605e+05
4.400212e+15	3.606238e+05
4.462295e+15	3.634084e+05
4.525239e+15	3.662145e+05
4.589056e+15	3.690422e+05
4.653757e+15	3.718918e+05
4.719355e+15	3.747634e+05
4.785861e+15	3.776572e+05
4.853289e+15	3.805733e+05
4.921650e+15	3.835119e+05
4.990958e+15	3.864732e+05
5.061225e+15	3.894574e+05
5.132465e+15	3.924646e+05
5.204690e+15	3.954951e+05
5.277915e+15	3.985489e+05
5.352153e+15	4.016264e+05
5.427417e+15	4.047275e+05
5.503722e+15	4.078527e+05
5.581082e+15	4.110020e+05
5.659511e+15	4.141755e+05
5.739023e+15	4.173736e+05
5.819635e+15	4.205964e+05
5.901360e+15	4.238441e+05
5.984214e+15	4.271168e+05
6.068212e+15	4.304149e+05
6.153370e+15	4.337383e+05
6.239703e+15	4.370875e+05
6.327228e+15	4.404625e+05
6.415960e+15	4.438636e+05
6.505917e+15	4.472909e+05
6.597114e+15	4.507447e+05
6.689570e+15	4.542252e+05
6.783300e+15	4.577325e+05
6.878322e+15	4.612669e+05
6.974655e+15	4.648286e+05
7.072315e+15	4.684178e+05
7.171320e+15	4.720348e+05
7.271690e+15	4.756796e+05
7.373442e+15	4.793526e+05
7.476595e+15	4.830540e+05
7.581169e+15	4.867839e+05
7.687182e+15	4.905427e+05
7.794655e+15	4.943304e+05
7.903607e+15	4.981474e+05
8.014058e+15	5.019939e+05
8.126028e+15	5.058701e+05
8.239539e+15	5.097762e+05
8.354611e+15	5.137125e+05
8.471265e+15	5.176792e+05
8.589523e+15	5.216765e+05
8.709406e+15	5.257047e+05
8.830937e+15	5.297639e+05
8.954138e+15	5.338546e+05
9.079032e+15	5.379768e+05
9.205641e+15	5.421308e+05
9.333989e+15	5.463169e+05
9.464100e+15	5.505353e+05
9.595996e+15	5.547863e+05
9.729704e+15	5.590702e+05
9.865247e+15	5.633871e+05
1.000265e+16	5.677373e+05
1.014194e+16	5.721211e+05
1.028314e+16	5.765388e+05
1.042627e+16	5.809906e+05
1.057137e+16	5.854768e+05
1.071846e+16	5.899976e+05
1.086756e+16	5.945533e+05
1.101871e+16	5.991442e+05
1.117193e+16	6.037705e+05
1.132725e+16	6.084326e+05
1.148469e+16	6.131307e+05
1.164430e+16	6.178650e+05
1.180609e+16	6.226359e+05
1.197009e+16	6.274436e+05
1.213634e+16	6.322885e+05
1.230487e+16	6.371708e+05
1.247570e+16	6.420907e+05
1.264887e+16	6.470487e+05
1.282441e+16	6.520449e+05
1.300236e+16	6.570798e+05
1.318273e+16	6.621535e+05
1.336557e+16	6.672663e+05
1.355092e+16	6.724187e+05
1.373879e+16	6.776108e+05
1.392924e+16	6.828430e+05
1.412229e+16	6.881157e+05
1.431797e+16	6.934290e+05
1.451633e+16	6.987834e+05
1.471740e+16	7.041791e+05
1.492122e+16	7.096165e+05
1.512782e+16	7.150958e+05
1.533724e+16	7.206175e+05
1.554952e+16	7.261818e+05
1.576470e+16	7.317891e+05
1.598282e+16	7.374397e+05
1.620391e+16	7.431339e+05
1.642802e+16	7.488720e+05
1.665519e+16	7.546545e+05
1.688545e+16	7.604817e+05
1.711886e+16	7.663538e+05
1.735545e+16	7.722712e+05
1.759527e+16	7.782344e+05
1.783835e+16	7.842436e+05
1.808475e+16	7.902992e+05
1.833451e+16	7.964016e+05
1.858767e+16	8.025510e+05
1.884427e+16	8.087480e+05
1.910438e+16	8.149928e+05
1.936803e+16	8.212859e+05
1.963527e+16	8.276275e+05
1.990614e+16	8.340181e+05
2.018071e+16	8.404580e+05
2.045901e+16	8.469477e+05
2.074110e+16	8.534875e+05
2.102703e+16	8.600777e+05
2.131686e+16	8.667189e+05
2.161062e+16	8.734113e+05
2.190838e+16	8.801555e+05
2.221019e+16	8.869517e+05
2.251611e+16	8.938003e+05
2.282618e+16	9.007019e+05
2.314047e+16	9.076567e+05
2.345904e+16	9.146653e+05
2.378193e+16	9.217279e+05
2.410921e+16	9.288451e+05
2.444094e+16	9.360173e+05
2.477717e+16	9.432448e+05
2.511798e+16	9.505282e+05
2.546341e+16	9.578678e+05
2.581353e+16	9.652640e+05
2.616841e+16	9.727174e+05
2.652811e+16	9.802283e+05
2.689269e+16	9.877972e+05
2.726222e+16	9.954246e+05
2.763676e+16	1.003111e+06
2.801639e+16	1.010856e+06
2.840116e+16	1.018662e+06
2.879116e+16	1.026528e+06
2.918645e+16	1.034454e+06
2.958709e+16	1.042442e+06
2.999317e+16	1.050491e+06
3.040476e+16	1.058602e+06
3.082193e+16	1.066776e+06
3.124475e+16	1.075014e+06
3.167330e+16	1.083314e+06
3.210766e+16	1.091679e+06
3.254791e+16	1.100109e+06
3.299412e+16	1.108603e+06
3.344638e+16	1.117164e+06
3.390476e+16	1.125790e+06
3.436935e+16	1.134483e+06
3.484023e+16	1.143243e+06
3.531748e+16	1.152070e+06
3.580120e+16	1.160966e+06
3.629147e+16	1.169931e+06
3.678837e+16	1.178964e+06
3.729199e+16	1.188068e+06
3.780243e+16	1.197242e+06
3.831978e+16	1.206486e+06
3.884412e+16	1.215802e+06
3.937556e+16	1.225190e+06
3.991418e+16	1.234651e+06
4.046009e+16	1.244184e+06
4.101337e+16	1.253791e+06
4.157414e+16	1.263472e+06
4.214249e+16	1.273228e+06
4.271852e+16	1.283060e+06
4.330234e+16	1.292967e+06
4.389404e+16	1.302951e+06
4.449374e+16	1.313012e+06
4.510154e+16	1.323150e+06
4.571755e+16	1.333367e+06
4.634188e+16	1.343663e+06
4.697464e+16	1.354038e+06
4.761594e+16	1.364493e+06
4.826591e+16	1.375029e+06
4.892464e+16	1.385647e+06
4.959227e+16	1.396346e+06
5.026891e+16	1.407128e+06
5.095468e+16	1.417993e+06
5.164970e+16	1.428942e+06
5.235410e+16	1.439976e+06
5.306801e+16	1.451095e+06
5.379154e+16	1.462300e+06
5.452483e+16	1.473591e+06
5.526801e+16	1.484969e+06
5.602121e+16	1.496436e+06
5.678456e+16	1.507991e+06
5.755821e+16	1.519635e+06
5.834228e+16	1.531369e+06
5.913692e+16	1.543193e+06
5.994226e+16	1.555109e+06
6.075846e+16	1.567117e+06
6.158566e+16	1.579218e+06
6.242400e+16	1.591412e+06
6.327363e+16	1.603700e+06
6.413470e+16	1.616083e+06
6.500737e+16	1.628562e+06
6.589179e+16	1.641137e+06
6.678812e+16	1.653809e+06
6.769651e+16	1.666579e+06
6.861713e+16	1.679448e+06
6.955014e+16	1.692416e+06
7.049571e+16	1.705484e+06
7.145400e+16	1.718653e+06
7.242519e+16	1.731924e+06
7.340944e+16	1.745297e+06
7.440693e+16	1.758773e+06
7.541783e+16	1.772354e+06
7.644233e+16	1.786039e+06
7.748061e+16	1.799830e+06
7.853285e+16	1.813728e+06
7.959923e+16	1.827733e+06
8.067995e+16	1.841846e+06
8.177519e+16	1.856068e+06
8.288516e+16	1.870399e+06
8.401004e+16	1.884842e+06
8.515004e+16	1.899396e+06
8.630535e+16	1.914062e+06
8.747618e+16	1.928842e+06
8.866274e+16	1.943735e+06
8.986524e+16	1.958744e+06
9.108389e+16	1.973869e+06
9.231890e+16	1.989110e+06
9.357049e+16	2.004469e+06
9.483889e+16	2.019947e+06
9.612431e+16	2.035544e+06
9.742699e+16	2.051262e+06
9.874715e+16	2.067101e+06
1.000850e+17	2.083062e+06
1.014409e+17	2.099146e+06
1.028149e+17	2.115355e+06
1.042073e+17	2.131689e+06
1.056185e+17	2.148149e+06
1.070485e+17	2.164736e+06
1.084978e+17	2.181451e+06
1.099664e+17	2.198296e+06
1.114548e+17	2.215270e+06
1.129631e+17	2.232375e+06
1.144917e+17	2.249613e+06
1.160407e+17	2.266983e+06
1.176105e+17	2.284488e+06
1.192014e+17	2.302128e+06
1.208135e+17	2.319904e+06
1.224473e+17	2.337817e+06
1.241029e+17	2.355869e+06
1.257807e+17	2.374060e+06
1.274810e+17	2.392392e+06
1.292041e+17	2.410865e+06
1.309503e+17	2.429480e+06
1.327198e+17	2.448240e+06
1.345130e+17	2.467144e+06
1.363303e+17	2.486194e+06
1.381718e+17	2.505392e+06
1.400381e+17	2.524737e+06
1.419293e+17	2.544232e+06
1.438458e+17	2.563878e+06
1.457879e+17	2.583675e+06
1.477561e+17	2.603625e+06
1.497506e+17	2.623729e+06
1.517717e+17	2.643989e+06
1.538199e+17	2.664404e+06
1.558955e+17	2.684978e+06
1.579989e+17	2.705710e+06
1.601304e+17	2.726602e+06
1.622904e+17	2.747656e+06
1.644792e+17	2.768872e+06
1.666974e+17	2.790252e+06
1.689452e+17	2.811798e+06
1.712230e+17	2.833509e+06
1.735313e+17	2.855388e+06
1.758704e+17	2.877436e+06
1.782408e+17	2.899655e+06
1.806429e+17	2.922045e+06
1.830770e+17	2.944607e+06
1.855437e+17	2.967345e+06
1.880433e+17	2.990257e+06
1.905764e+17	3.013347e+06
1.931432e+17	3.036614e+06
1.957444e+17	3.060062e+06
1.983802e+17	3.083690e+06
2.010513e+17	3.107501e+06
2.037580e+17	3.131496e+06
2.065009e+17	3.155676e+06
2.092803e+17	3.180043e+06
2.120969e+17	3.204598e+06
2.149511e+17	3.229343e+06
2.178433e+17	3.254278e+06
2.207742e+17	3.279407e+06
2.237441e+17	3.304729e+06
2.267537e+17	3.330247e+06
2.298035e+17	3.355961e+06
2.328939e+17	3.381875e+06
2.360255e+17	3.407988e+06
2.391989e+17	3.434303e+06
2.424146e+17	3.460821e+06
2.456732e+17	3.487544e+06
2.489753e+17	3.514474e+06
2.523214e+17	3.541611e+06
2.557121e+17	3.568958e+06
2.591480e+17	3.596516e+06
2.626296e+17	3.624287e+06
2.661577e+17	3.652272e+06
2.697328e+17	3.680473e+06
2.733556e+17	3.708892e+06
2.770266e+17	3.737531e+06
2.807465e+17	3.766391e+06
2.845160e+17	3.795473e+06
2.883357e+17	3.824780e+06
2.922063e+17	3.854313e+06
2.961285e+17	3.884075e+06
3.001028e+17	3.914066e+06
3.041301e+17	3.944289e+06
3.082110e+17	3.974745e+06
3.123463e+17	4.005436e+06
3.165366e+17	4.036365e+06
3.207827e+17	4.067532e+06
3.250853e+17	4.098940e+06
3.294452e+17	4.130590e+06
3.338631e+17	4.162485e+06
3.383398e+17	4.194626e+06
3.428761e+17	4.227015e+06
3.474728e+17	4.259654e+06
3.521306e+17	4.292545e+06
3.568503e+17	4.325690e+06
3.616329e+17	4.359092e+06
3.664790e+17	4.392751e+06
3.713897e+17	4.426670e+06
3.763656e+17	4.460851e+06
3.814077e+17	4.495296e+06
3.865169e+17	4.530006e+06
3.916939e+17	4.564985e+06
3.969399e+17	4.600234e+06
4.022555e+17	4.635755e+06
4.076418e+17	4.671551e+06
4.130998e+17	4.707622e+06
4.186302e+17	4.743973e+06
4.242342e+17	4.780604e+06
4.299126e+17	4.817517e+06
4.356665e+17	4.854716e+06
4.414968e+17	4.892202e+06
4.474046e+17	4.929978e+06
4.533909e+17	4.968045e+06
4.594567e+17	5.006406e+06
4.656031e+17	5.045064e+06
4.718312e+17	5.084020e+06
4.781419e+17	5.123276e+06
4.845364e+17	5.162836e+06
4.910159e+17	5.202701e+06
4.975814e+17	5.242874e+06
5.042340e+17	5.283358e+06
5.109750e+17	5.324154e+06
5.178055e+17	5.365265e+06
5.247266e+17	5.406693e+06
5.317396e+17	5.448441e+06
5.388457e+17	5.490512e+06
5.460461e+17	5.532907e+06
5.533420e+17	5.575630e+06
5.607348e+17	5.618683e+06
5.682256e+17	5.662068e+06
5.758158e+17	5.705788e+06
5.835067e+17	5.749846e+06
5.912996e+17	5.794244e+06
5.991959e+17	5.838984e+06
6.071970e+17	5.884071e+06
6.153041e+17	5.929505e+06
6.235188e+17	5.975290e+06
6.318424e+17	6.021429e+06
6.402763e+17	6.067924e+06
6.488221e+17	6.114778e+06
6.574812e+17	6.161993e+06
6.662550e+17	6.209574e+06
6.751452e+17	6.257522e+06
6.841532e+17	6.305840e+06
6.932806e+17	6.354531e+06
7.025290e+17	6.403598e+06
7.118999e+17	6.453044e+06
7.213950e+17	6.502871e+06
7.310159e+17	6.553084e+06
7.407643e+17	6.603684e+06
7.506418e+17	6.654675e+06
7.606502e+17	6.706059e+06
7.707912e+17	6.757841e+06
7.810665e+17	6.810022e+06
7.914779e+17	6.862606e+06
8.020271e+17	6.915596e+06
8.127161e+17	6.968996e+06
8.235466e+17	7.022807e+06
8.345206e+17	7.077035e+06
8.456398e+17	7.131681e+06
8.569062e+17	7.186748e+06
8.683218e+17	7.242242e+06
8.798885e+17	7.298163e+06
8.916083e+17	7.354516e+06
9.034832e+17	7.411305e+06
9.155153e+17	7.468532e+06
9.277067e+17	7.526201e+06
9.400593e+17	7.584315e+06
9.525754e+17	7.642878e+06
9.652571e+17	7.701893e+06
9.781066e+17	7.761364e+06
9.911261e+17	7.821294e+06
1.004318e+18	7.881687e+06
1.017684e+18	7.942546e+06
1.031227e+18	8.003875e+06
1.044949e+18	8.065678e+06
1.058853e+18	8.127957e+06
1.072940e+18	8.190718e+06
1.087214e+18	8.253963e+06
1.101677e+18	8.317697e+06
1.116331e+18	8.381923e+06
1.131178e+18	8.446645e+06
1.146222e+18	8.511866e+06
1.161464e+18	8.577591e+06
1.176909e+18	8.643824e+06
1.192557e+18	8.710568e+06
1.208412e+18	8.777827e+06
1.224477e+18	8.845606e+06
1.240754e+18	8.913908e+06
1.257246e+18	8.982737e+06
1.273956e+18	9.052098e+06
1.290886e+18	9.121995e+06
1.308041e+18	9.192431e+06
1.325422e+18	9.263411e+06
1.343033e+18	9.334939e+06
1.360876e+18	9.407020e+06
1.378955e+18	9.479657e+06
1.397273e+18	9.552855e+06
1.415832e+18	9.626618e+06
1.434637e+18	9.700951e+06
1.453690e+18	9.775858e+06
1.472995e+18	9.851343e+06
1.492555e+18	9.927411e+06
1.512373e+18	1.000407e+07
1.532452e+18	1.008131e+07
1.552797e+18	1.015916e+07
1.573410e+18	1.023760e+07
1.594295e+18	1.031665e+07
1.615456e+18	1.039631e+07
1.636897e+18	1.047659e+07
1.658620e+18	1.055749e+07
1.680630e+18	1.063901e+07
1.702930e+18	1.072116e+07
1.725525e+18	1.080394e+07
1.748417e+18	1.088736e+07
1.771612e+18	1.097143e+07
1.795113e+18	1.105615e+07
1.818924e+18	1.114152e+07
1.843049e+18	1.122755e+07
1.867492e+18	1.131424e+07
1.892257e+18	1.140161e+07
1.917350e+18	1.148965e+07
1.942773e+18	1.157836e+07
1.968531e+18	1.166777e+07
1.994629e+18	1.175786e+07
2.021071e+18	1.184865e+07
2.047862e+18	1.194014e+07
2.075006e+18	1.203234e+07
2.102508e+18	1.212525e+07
2.130373e+18	1.221887e+07
2.158605e+18	1.231322e+07
2.187209e+18	1.240830e+07
2.216190e+18	1.250411e+07
2.245553e+18	1.260066e+07
2.275303e+18	1.269796e+07
2.305445e+18	1.279601e+07
2.335984e+18	1.289481e+07
2.366926e+18	1.299438e+07
2.398276e+18	1.309472e+07
2.430038e+18	1.319583e+07
2.462219e+18	1.329772e+07
2.494824e+18	1.340040e+07
2.527859e+18	1.350388e+07
2.561328e+18	1.360815e+07
2.595239e+18	1.371322e+07
2.629596e+18	1.381911e+07
2.664406e+18	1.392582e+07
2.699674e+18	1.403335e+07
2.735407e+18	1.414171e+07
2.771610e+18	1.425090e+07
2.808290e+18	1.436094e+07
2.845453e+18	1.447183e+07
2.883105e+18	1.458358e+07
2.921253e+18	1.469618e+07
2.959903e+18	1.480966e+07
2.999062e+18	1.492402e+07
3.038737e+18	1.503925e+07
3.078934e+18	1.515538e+07
3.119660e+18	1.527240e+07
3.160921e+18	1.539033e+07
3.202726e+18	1.550917e+07
3.245082e+18	1.562892e+07
3.287994e+18	1.574960e+07
3.331472e+18	1.587122e+07
3.375521e+18	1.599377e+07
3.420150e+18	1.611726e+07
3.465366e+18	1.624171e+07
3.511177e+18	1.636713e+07
3.557591e+18	1.649351e+07
3.604615e+18	1.662086e+07
3.652258e+18	1.674920e+07
3.700528e+18	1.687853e+07
3.749432e+18	1.700886e+07
3.798980e+18	1.714020e+07
3.849179e+18	1.727255e+07
3.900039e+18	1.740592e+07
3.951567e+18	1.754032e+07
4.003773e+18	1.767576e+07
4.056666e+18	1.781224e+07
4.110254e+18	1.794978e+07
4.164547e+18	1.808838e+07
4.219553e+18	1.822805e+07
4.275282e+18	1.836880e+07
4.331745e+18	1.851064e+07
4.388949e+18	1.865357e+07
4.446905e+18	1.879761e+07
4.505623e+18	1.894275e+07
4.565113e+18	1.908902e+07
4.625385e+18	1.923642e+07
4.686449e+18	1.938495e+07
4.748315e+18	1.953464e+07
4.810995e+18	1.968547e+07
4.874498e+18	1.983748e+07
4.938835e+18	1.999065e+07
5.004018e+18	2.014501e+07
5.070057e+18	2.030057e+07
5.136964e+18	2.045732e+07
5.204750e+18	2.061528e+07
5.273426e+18	2.077446e+07
5.343005e+18	2.093488e+07
5.413497e+18	2.109653e+07
5.484915e+18	2.125942e+07
5.557272e+18	2.142358e+07
5.630578e+18	2.158900e+07
5.704848e+18	2.175571e+07
5.780092e+18	2.192369e+07
5.856325e+18	2.209298e+07
5.933559e+18	2.226357e+07
6.011807e+18	2.243548e+07
6.091083e+18	2.260872e+07
6.171399e+18	2.278330e+07
6.252770e+18	2.295922e+07
6.335209e+18	2.313650e+07
6.418730e+18	2.331515e+07
6.503348e+18	2.349518e+07
6.589076e+18	2.367660e+07
6.675930e+18	2.385942e+07
6.763923e+18	2.404365e+07
6.853072e+18	2.422931e+07
6.943390e+18	2.441640e+07
7.034894e+18	2.460493e+07
7.127599e+18	2.479492e+07
7.221520e+18	2.498638e+07
7.316674e+18	2.517931e+07
7.413076e+18	2.537373e+07
7.510743e+18	2.556966e+07
7.609692e+18	2.576710e+07
7.709938e+18	2.596606e+07
7.811500e+18	2.616656e+07
7.914394e+18	2.636861e+07
8.018638e+18	2.657221e+07
8.124249e+18	2.677739e+07
8.231246e+18	2.698416e+07
8.339646e+18	2.719252e+07
8.449468e+18	2.740249e+07
8.560730e+18	2.761408e+07
8.673451e+18	2.782730e+07
8.787651e+18	2.804217e+07
8.903348e+18	2.825870e+07
9.020562e+18	2.847691e+07
9.139313e+18	2.869679e+07
9.259621e+18	2.891838e+07
9.381507e+18	2.914167e+07
9.504990e+18	2.936669e+07
9.630093e+18	2.959345e+07
9.756835e+18	2.982196e+07
9.885239e+18	3.005223e+07
1.001533e+19	3.028428e+07
1.014712e+19	3.051812e+07
1.028064e+19	3.075377e+07
1.041591e+19	3.099124e+07
1.055295e+19	3.123054e+07
1.069179e+19	3.147169e+07
1.083245e+19	3.171470e+07
1.097495e+19	3.195959e+07
1.111932e+19	3.220637e+07
1.126558e+19	3.245505e+07
1.141376e+19	3.270566e+07
1.156388e+19	3.295820e+07
1.171596e+19	3.321269e+07
1.187004e+19	3.346914e+07
1.202614e+19	3.372758e+07
1.218428e+19	3.398801e+07
1.234449e+19	3.425045e+07
1.250681e+19	3.451492e+07
1.267124e+19	3.478143e+07
1.283784e+19	3.504999e+07
1.300661e+19	3.532063e+07
1.317760e+19	3.559337e+07
1.335082e+19	3.586820e+07
1.352631e+19	3.614516e+07
1.370411e+19	3.642426e+07
1.388423e+19	3.670551e+07
1.406670e+19	3.698894e+07
1.425157e+19	3.727455e+07
1.443886e+19	3.756237e+07
1.462860e+19	3.785241e+07
1.482083e+19	3.814469e+07
1.501557e+19	3.843923e+07
1.521286e+19	3.873604e+07
1.541273e+19	3.903514e+07
1.561522e+19	3.933656e+07
1.582037e+19	3.964030e+07
1.602819e+19	3.994638e+07
1.623874e+19	4.025483e+07
1.645204e+19	4.056566e+07
1.666814e+19	4.087889e+07
1.688706e+19	4.119454e+07
1.710885e+19	4.151263e+07
1.733354e+19	4.183318e+07
1.756117e+19	4.215619e+07
1.779178e+19	4.248171e+07
1.802541e+19	4.280973e+07
1.826210e+19	4.314029e+07
1.850188e+19	4.347340e+07
1.874480e+19	4.380909e+07
1.899090e+19	4.414736e+07
1.924021e+19	4.448825e+07
1.949279e+19	4.483177e+07
1.974868e+19	4.517794e+07
2.000791e+19	4.552679e+07
2.027053e+19	4.587833e+07
2.053659e+19	4.623258e+07
2.080613e+19	4.658957e+07
2.107919e+19	4.694931e+07
2.135582e+19	4.731184e+07
2.163608e+19	4.767716e+07
2.192000e+19	4.804530e+07
2.220763e+19	4.841629e+07
2.249902e+19	4.879014e+07
2.279423e+19	4.916687e+07
2.309329e+19	4.954652e+07
2.339627e+19	4.992910e+07
2.370320e+19	5.031463e+07
2.401415e+19	5.070314e+07
2.432917e+19	5.109465e+07
2.464830e+19	5.148918e+07
2.497161e+19	5.188676e+07
2.529914e+19	5.228740e+07
2.563096e+19	5.269115e+07
2.596711e+19	5.309801e+07
2.630766e+19	5.350801e+07
2.665266e+19	5.392117e+07
2.700217e+19	5.433753e+07
2.735625e+19	5.475710e+07
2.771495e+19	5.517991e+07
2.807835e+19	5.560599e+07
2.844649e+19	5.603536e+07
2.881945e+19	5.646804e+07
2.919728e+19	5.690406e+07
2.958004e+19	5.734345e+07
2.996781e+19	5.778623e+07
3.036065e+19	5.823243e+07
3.075862e+19	5.868208e+07
3.116179e+19	5.913520e+07
3.157022e+19	5.959182e+07
3.198400e+19	6.005196e+07
3.240318e+19	6.051566e+07
3.282783e+19	6.098293e+07
3.325804e+19	6.145382e+07
3.369386e+19	6.192834e+07
3.413538e+19	6.240652e+07
3.458267e+19	6.288840e+07
3.503580e+19	6.337400e+07
3.549484e+19	6.386335e+07
3.595989e+19	6.435647e+07
3.643101e+19	6.485341e+07
3.690828e+19	6.535418e+07
3.739179e+19	6.585881e+07
3.788161e+19	6.636735e+07
3.837782e+19	6.687981e+07
3.888052e+19	6.739623e+07
3.938978e+19	6.791663e+07
3.990570e+19	6.844106e+07
4.042835e+19	6.896953e+07
4.095782e+19	6.950208e+07
4.149421e+19	7.003875e+07
4.203760e+19	7.057956e+07
4.258809e+19	7.112455e+07
4.314576e+19	7.167374e+07
4.371072e+19	7.222718e+07
4.428305e+19	7.278488e+07
4.486285e+19	7.334690e+07
4.545023e+19	7.391325e+07
4.604527e+19	7.448398e+07
4.664808e+19	7.505911e+07
4.725875e+19	7.563869e+07
4.787740e+19	7.622274e+07
4.850412e+19	7.681130e+07
4.913903e+19	7.740441e+07
4.978222e+19	7.800209e+07
5.043380e+19	7.860439e+07
5.109389e+19	7.921134e+07
5.176260e+19	7.982298e+07
5.244003e+19	8.043934e+07
5.312630e+19	8.106046e+07
5.382153e+19	8.168637e+07
5.452583e+19	8.231712e+07
5.523932e+19	8.295274e+07
5.596212e+19	8.359326e+07
5.669435e+19	8.423874e+07
5.743613e+19	8.488919e+07
5.818760e+19	8.554467e+07
5.894886e+19	8.620521e+07
5.972006e+19	8.687085e+07
6.050132e+19	8.754163e+07
6.129278e+19	8.821759e+07
6.209456e+19	8.889877e+07
6.290680e+19	8.958521e+07
6.372963e+19	9.027695e+07
6.456320e+19	9.097403e+07
6.540764e+19	9.167650e+07
6.626309e+19	9.238439e+07
6.712970e+19	9.309774e+07
6.800762e+19	9.381660e+07
6.889699e+19	9.454101e+07
6.979795e+19	9.527102e+07
7.071067e+19	9.600666e+07
7.163529e+19	9.674799e+07
7.257197e+19	9.749503e+07
7.352086e+19	9.824785e+07
7.448213e+19	9.900648e+07
7.545593e+19	9.977097e+07
7.644243e+19	1.005414e+08
7.744179e+19	1.013177e+08
7.845419e+19	1.021000e+08
7.947978e+19	1.028884e+08
8.051875e+19	1.036829e+08
8.157126e+19	1.044835e+08
8.263749e+19	1.052902e+08
8.371763e+19	1.061032e+08
8.481185e+19	1.069225e+08
8.592033e+19	1.077481e+08
8.704326e+19	1.085801e+08
8.818083e+19	1.094185e+08
8.933323e+19	1.102634e+08
9.050065e+19	1.111148e+08
9.168329e+19	1.119728e+08
9.288135e+19	1.128374e+08
9.409502e+19	1.137087e+08
9.532451e+19	1.145867e+08
9.657002e+19	1.154715e+08
9.783177e+19	1.163631e+08
9.910996e+19	1.172616e+08
1.004048e+20	1.181671e+08
1.017165e+20	1.190795e+08
1.030453e+20	1.199990e+08
1.043915e+20	1.209256e+08
1.057552e+20	1.218593e+08
1.071366e+20	1.228003e+08
1.085360e+20	1.237485e+08
1.099537e+20	1.247040e+08
1.113899e+20	1.256669e+08
1.128447e+20	1.266373e+08
1.143186e+20	1.276151e+08
1.158116e+20	1.286005e+08
1.173241e+20	1.295935e+08
1.188562e+20	1.305942e+08
1.204084e+20	1.316026e+08
1.219807e+20	1.326187e+08
1.235736e+20	1.336428e+08
1.251872e+20	1.346747e+08
1.268218e+20	1.357146e+08
1.284777e+20	1.367625e+08
1.301552e+20	1.378186e+08
1.318545e+20	1.388827e+08
1.335760e+20	1.399551e+08
1.353199e+20	1.410358e+08
1.370864e+20	1.421248e+08
1.388761e+20	1.432223e+08
1.406890e+20	1.443282e+08
1.425255e+20	1.454426e+08
1.443859e+20	1.465657e+08
1.462706e+20	1.476974e+08
1.481798e+20	1.488378e+08
1.501139e+20	1.499871e+08
1.520732e+20	1.511452e+08
1.540579e+20	1.523123e+08
1.560686e+20	1.534884e+08
1.581054e+20	1.546736e+08
1.601687e+20	1.558679e+08
1.622589e+20	1.570715e+08
1.643763e+20	1.582843e+08
1.665212e+20	1.595065e+08
1.686941e+20	1.607381e+08
1.708953e+20	1.619793e+08
1.731252e+20	1.632300e+08
1.753840e+20	1.644904e+08
1.776723e+20	1.657606e+08
1.799904e+20	1.670405e+08
1.823386e+20	1.683303e+08
1.847175e+20	1.696301e+08
1.871272e+20	1.709399e+08
1.895684e+20	1.722598e+08
1.920413e+20	1.735899e+08
1.945464e+20	1.749303e+08
1.970842e+20	1.762811e+08
1.996549e+20	1.776422e+08
2.022591e+20	1.790139e+08
2.048972e+20	1.803962e+08
2.075697e+20	1.817891e+08
2.102769e+20	1.831928e+08
2.130193e+20	1.846074e+08
2.157975e+20	1.860328e+08
2.186118e+20	1.874693e+08
2.214627e+20	1.889169e+08
2.243507e+20	1.903756e+08
2.272763e+20	1.918456e+08
2.302400e+20	1.933269e+08
2.332422e+20	1.948197e+08
2.362835e+20	1.963241e+08
2.393644e+20	1.978400e+08
2.424854e+20	1.993676e+08
2.456469e+20	2.009071e+08
2.488496e+20	2.024584e+08
2.520940e+20	2.040217e+08
2.553806e+20	2.055971e+08
2.587099e+20	2.071846e+08
2.620826e+20	2.087844e+08
2.654991e+20	2.103965e+08
2.689601e+20	2.120211e+08
2.724661e+20	2.136583e+08
2.760177e+20	2.153080e+08
2.796155e+20	2.169706e+08
2.832601e+20	2.186459e+08
2.869522e+20	2.203342e+08
2.906922e+20	2.220355e+08
2.944809e+20	2.237500e+08
2.983189e+20	2.254777e+08
3.022068e+20	2.272188e+08
3.061452e+20	2.289732e+08
3.101349e+20	2.307413e+08
3.141765e+20	2.325230e+08
3.182706e+20	2.343184e+08
3.224180e+20	2.361277e+08
3.266193e+20	2.379510e+08
3.308753e+20	2.397884e+08
3.351866e+20	2.416399e+08
3.395540e+20	2.435057e+08
3.439781e+20	2.453860e+08
3.484598e+20	2.472808e+08
3.529998e+20	2.491902e+08
3.575988e+20	2.511143e+08
3.622576e+20	2.530533e+08
3.669770e+20	2.550073e+08
3.717578e+20	2.569763e+08
3.766007e+20	2.589606e+08
3.815066e+20	2.609602e+08
3.864762e+20	2.629752e+08
3.915105e+20	2.650058e+08
3.966103e+20	2.670521e+08
4.017763e+20	2.691141e+08
4.070095e+20	2.711921e+08
4.123107e+20	2.732862e+08
4.176809e+20	2.753964e+08
4.231208e+20	2.775228e+08
4.286315e+20	2.796658e+08
4.342138e+20	2.818252e+08
4.398687e+20	2.840014e+08
4.455971e+20	2.861943e+08
4.513999e+20	2.884042e+08
4.572782e+20	2.906311e+08
4.632329e+20	2.928752e+08
4.692650e+20	2.951367e+08
4.753755e+20	2.974156e+08
4.815654e+20	2.997122e+08
4.878357e+20	3.020264e+08
4.941876e+20	3.043585e+08
5.006220e+20	3.067087e+08
5.071400e+20	3.090769e+08
5.137428e+20	3.114635e+08
5.204313e+20	3.138685e+08
5.272068e+20	3.162920e+08
5.340703e+20	3.187343e+08
5.410231e+20	3.211955e+08
5.480661e+20	3.236756e+08
5.552007e+20	3.261749e+08
5.624280e+20	3.286935e+08
5.697493e+20	3.312315e+08
5.771656e+20	3.337891e+08
5.846783e+20	3.363665e+08
5.922887e+20	3.389638e+08
5.999979e+20	3.415811e+08
6.078073e+20	3.442187e+08
6.157181e+20	3.468766e+08
6.237318e+20	3.495550e+08
6.318495e+20	3.522542e+08
6.400728e+20	3.549741e+08
6.484028e+20	3.577151e+08
6.568411e+20	3.604772e+08
6.653890e+20	3.632607e+08
6.740480e+20	3.660656e+08
6.828194e+20	3.688922e+08
6.917048e+20	3.717406e+08
7.007056e+20	3.746111e+08
7.098234e+20	3.775037e+08
7.190596e+20	3.804186e+08
7.284158e+20	3.833560e+08
7.378935e+20	3.863161e+08
7.474943e+20	3.892991e+08
7.572198e+20	3.923051e+08
7.670716e+20	3.953343e+08
7.770514e+20	3.983869e+08
7.871609e+20	4.014631e+08
7.974016e+20	4.045631e+08
8.077753e+20	4.076869e+08
8.182838e+20	4.108349e+08
8.289288e+20	4.140072e+08
8.397120e+20	4.172040e+08
8.506352e+20	4.204255e+08
8.617004e+20	4.236718e+08
8.729092e+20	4.269432e+08
8.842636e+20	4.302399e+08
8.957654e+20	4.335621e+08
9.074166e+20	4.369098e+08
9.192191e+20	4.402835e+08
9.311749e+20	4.436832e+08
9.432859e+20	4.471091e+08
9.555542e+20	4.505615e+08
9.679817e+20	4.540405e+08
9.805707e+20	4.575464e+08
9.933231e+20	4.610794e+08
1.006241e+21	4.646397e+08
1.019327e+21	4.682274e+08
1.032583e+21	4.718429e+08
1.046010e+21	4.754863e+08
1.059612e+21	4.791578e+08
1.073391e+21	4.828576e+08
1.087349e+21	4.865861e+08
1.101487e+21	4.903433e+08
1.115810e+21	4.941295e+08
1.130318e+21	4.979450e+08
1.145015e+21	5.017899e+08
1.159902e+21	5.056645e+08
1.174983e+21	5.095690e+08
1.190259e+21	5.135037e+08
1.205734e+21	5.174688e+08
1.221410e+21	5.214645e+08
1.237289e+21	5.254910e+08
1.253374e+21	5.295486e+08
1.269668e+21	5.336376e+08
1.286174e+21	5.377581e+08
1.302894e+21	5.419104e+08
1.319831e+21	5.460948e+08
1.336987e+21	5.503116e+08
1.354367e+21	5.545608e+08
1.371972e+21	5.588429e+08
1.389805e+21	5.631581e+08
1.407870e+21	5.675066e+08
1.426170e+21	5.718886e+08
1.444707e+21	5.763045e+08
1.463484e+21	5.807545e+08
1.482505e+21	5.852388e+08
1.501773e+21	5.897578e+08
1.521292e+21	5.943117e+08
1.541063e+21	5.989007e+08
1.561091e+21	6.035251e+08
1.581379e+21	6.081853e+08
1.601930e+21	6.128815e+08
1.622748e+21	6.176139e+08
1.643836e+21	6.223828e+08
1.665198e+21	6.271886e+08
1.686837e+21	6.320315e+08
1.708756e+21	6.369118e+08
1.730960e+21	6.418298e+08
1.753453e+21	6.467857e+08
1.776237e+21	6.517799e+08
1.799316e+21	6.568127e+08
1.822696e+21	6.618843e+08
1.846378e+21	6.669951e+08
1.870368e+21	6.721454e+08
1.894669e+21	6.773354e+08
1.919285e+21	6.825655e+08
1.944221e+21	6.878360e+08
1.969480e+21	6.931472e+08
1.995067e+21	6.984994e+08
2.020986e+21	7.038929e+08
2.047241e+21	7.093281e+08
2.073837e+21	7.148052e+08
2.100778e+21	7.203246e+08
2.128068e+21	7.258867e+08
2.155713e+21	7.314917e+08
2.183716e+21	7.371399e+08
2.212082e+21	7.428318e+08
2.240816e+21	7.485677e+08
2.269923e+21	7.543478e+08
2.299408e+21	7.601726e+08
2.329275e+21	7.660423e+08
2.359530e+21	7.719574e+08
2.390176e+21	7.779181e+08
2.421221e+21	7.839248e+08
2.452668e+21	7.899780e+08
2.484523e+21	7.960779e+08
2.516791e+21	8.022249e+08
2.549478e+21	8.084193e+08
2.582589e+21	8.146616e+08
2.616129e+21	8.209521e+08
2.650104e+21	8.272911e+08
2.684520e+21	8.336791e+08
2.719382e+21	8.401164e+08
2.754696e+21	8.466035e+08
2.790469e+21	8.531406e+08
2.826705e+21	8.597282e+08
2.863411e+21	8.663666e+08
2.900593e+21	8.730564e+08
2.938258e+21	8.797977e+08
2.976411e+21	8.865912e+08
3.015058e+21	8.934371e+08
3.054207e+21	9.003358e+08
3.093864e+21	9.072878e+08
3.134035e+21	9.142935e+08
3.174726e+21	9.213533e+08
3.215946e+21	9.284676e+08
3.257700e+21	9.356369e+08
3.299995e+21	9.428615e+08
3.342839e+21	9.501418e+08
3.386238e+21	9.574784e+08
3.430200e+21	9.648717e+08
3.474732e+21	9.723220e+08
3.519842e+21	9.798299e+08
3.565536e+21	9.873957e+08
3.611823e+21	9.950200e+08
3.658710e+21	1.002703e+09
3.706205e+21	1.010446e+09
3.754316e+21	1.018248e+09
3.803050e+21	1.026110e+09
3.852417e+21	1.034034e+09
3.902423e+21	1.042018e+09
3.953078e+21	1.050064e+09
4.004389e+21	1.058172e+09
4.056366e+21	1.066343e+09
4.109017e+21	1.074577e+09
4.162350e+21	1.082874e+09
4.216374e+21	1.091236e+09
4.271099e+21	1.099662e+09
4.326533e+21	1.108153e+09
4.382686e+21	1.116710e+09
4.439567e+21	1.125332e+09
4.497185e+21	1.134022e+09
4.555550e+21	1.142778e+09
4.614672e+21	1.151602e+09
4.674560e+21	1.160494e+09
4.735225e+21	1.169455e+09
4.796675e+21	1.178485e+09
4.858923e+21	1.187585e+09
4.921977e+21	1.196755e+09
4.985848e+21	1.205996e+09
5.050548e+21	1.215308e+09
5.116086e+21	1.224692e+09
5.182473e+21	1.234149e+09
5.249721e+21	1.243678e+09
5.317841e+21	1.253282e+09
5.386843e+21	1.262959e+09
5.456740e+21	1.272711e+09
5.527543e+21	1.282538e+09
5.599263e+21	1.292441e+09
5.671913e+21	1.302421e+09
5.745504e+21	1.312478e+09
5.820049e+21	1.322612e+09
5.895561e+21	1.332825e+09
5.972051e+21	1.343116e+09
6.049532e+21	1.353487e+09
6.128017e+21	1.363939e+09
6.207520e+21	1.374470e+09
6.288052e+21	1.385083e+09
6.369629e+21	1.395778e+09
6.452262e+21	1.406556e+09
6.535967e+21	1.417417e+09
6.620756e+21	1.428362e+09
6.706644e+21	1.439391e+09
6.793645e+21	1.450505e+09
6.881773e+21	1.461705e+09
6.971043e+21	1.472992e+09
7.061470e+21	1.484366e+09
7.153069e+21	1.495828e+09
7.245854e+21	1.507378e+09
7.339842e+21	1.519017e+09
7.435048e+21	1.530746e+09
7.531487e+21	1.542566e+09
7.629176e+21	1.554477e+09
7.728130e+21	1.566480e+09
7.828367e+21	1.578576e+09
7.929903e+21	1.590765e+09
8.032754e+21	1.603048e+09
8.136937e+21	1.615426e+09
8.242471e+21	1.627900e+09
8.349372e+21	1.640470e+09
8.457657e+21	1.653137e+09
8.567346e+21	1.665902e+09
8.678456e+21	1.678765e+09
8.791005e+21	1.691728e+09
8.905013e+21	1.704791e+09
9.020497e+21	1.717954e+09
9.137478e+21	1.731220e+09
9.255974e+21	1.744587e+09
9.376005e+21	1.758058e+09
9.497591e+21	1.771633e+09
9.620753e+21	1.785313e+09
9.745509e+21	1.799099e+09
9.871882e+21	1.812991e+09
9.999892e+21	1.826990e+09
1.012956e+22	1.841097e+09
1.026091e+22	1.855313e+09
1.039396e+22	1.869639e+09
1.052873e+22	1.884076e+09
1.066525e+22	1.898624e+09
1.080354e+22	1.913284e+09
1.094362e+22	1.928058e+09
1.108551e+22	1.942945e+09
1.122924e+22	1.957948e+09
1.137483e+22	1.973066e+09
1.152231e+22	1.988302e+09
1.167170e+22	2.003654e+09
1.182302e+22	2.019126e+09
1.197631e+22	2.034717e+09
1.213157e+22	2.050428e+09
1.228885e+22	2.066260e+09
1.244817e+22	2.082215e+09
1.260955e+22	2.098293e+09
1.277302e+22	2.114495e+09
1.293861e+22	2.130823e+09
1.310634e+22	2.147276e+09
1.327625e+22	2.163856e+09
1.344835e+22	2.180565e+09
1.362269e+22	2.197402e+09
1.379928e+22	2.214370e+09
1.397816e+22	2.231468e+09
1.415936e+22	2.248699e+09
1.434290e+22	2.266062e+09
1.452882e+22	2.283560e+09
1.471714e+22	2.301192e+09
1.490791e+22	2.318961e+09
1.510115e+22	2.336867e+09
1.529689e+22	2.354912e+09
1.549516e+22	2.373095e+09
1.569600e+22	2.391419e+09
1.589944e+22	2.409885e+09
1.610552e+22	2.428493e+09
1.631426e+22	2.447245e+09
1.652571e+22	2.466141e+09
1.673990e+22	2.485184e+09
1.695686e+22	2.504373e+09
1.717663e+22	2.523711e+09
1.739924e+22	2.543198e+09
1.762474e+22	2.562836e+09
1.785316e+22	2.582625e+09
1.808453e+22	2.602567e+09
1.831890e+22	2.622663e+09
1.855631e+22	2.642914e+09
1.879679e+22	2.663321e+09
1.904038e+22	2.683886e+09
1.928713e+22	2.704610e+09
1.953707e+22	2.725494e+09
1.979025e+22	2.746539e+09
2.004671e+22	2.767747e+09
2.030649e+22	2.789118e+09
2.056963e+22	2.810655e+09
2.083617e+22	2.832357e+09
2.110617e+22	2.854228e+09
2.137967e+22	2.876267e+09
2.165670e+22	2.898476e+09
2.193732e+22	2.920857e+09
2.222158e+22	2.943411e+09
2.250951e+22	2.966138e+09
2.280117e+22	2.989042e+09
2.309661e+22	3.012122e+09
2.339587e+22	3.035380e+09
2.369901e+22	3.058818e+09
2.400607e+22	3.082437e+09
2.431711e+22	3.106238e+09
2.463217e+22	3.130223e+09
2.495132e+22	3.154394e+09
2.527459e+22	3.178751e+09
2.560205e+22	3.203296e+09
2.593375e+22	3.228030e+09
2.626974e+22	3.252956e+09
2.661008e+22	3.278074e+09
2.695483e+22	3.303386e+09
2.730404e+22	3.328893e+09
2.765777e+22	3.354597e+09
2.801607e+22	3.380500e+09
2.837902e+22	3.406603e+09
2.874667e+22	3.432907e+09
2.911907e+22	3.459415e+09
2.949629e+22	3.486127e+09
2.987840e+22	3.513045e+09
3.026545e+22	3.540172e+09
3.065752e+22	3.567507e+09
3.105465e+22	3.595054e+09
3.145693e+22	3.622814e+09
3.186442e+22	3.650788e+09
3.227718e+22	3.678977e+09
3.269528e+22	3.707385e+09
3.311879e+22	3.736012e+09
3.354779e+22	3.764860e+09
3.398233e+22	3.793930e+09
3.442251e+22	3.823226e+09
3.486837e+22	3.852747e+09
3.532001e+22	3.882496e+09
3.577750e+22	3.912475e+09
3.624091e+22	3.942686e+09
3.671031e+22	3.973130e+09
3.718579e+22	4.003808e+09
3.766742e+22	4.034724e+09
3.815529e+22	4.065879e+09
3.864946e+22	4.097274e+09
3.915004e+22	4.128911e+09
3.965709e+22	4.160793e+09
4.017071e+22	4.192921e+09
4.069097e+22	4.225297e+09
4.121797e+22	4.257923e+09
4.175178e+22	4.290801e+09
4.229251e+22	4.323932e+09
4.284023e+22	4.357320e+09
4.339504e+22	4.390965e+09
4.395703e+22	4.424871e+09
4.452629e+22	4.459038e+09
4.510292e+22	4.493468e+09
4.568701e+22	4.528165e+09
4.627866e+22	4.563130e+09
4.687796e+22	4.598364e+09
4.748502e+22	4.633871e+09
4.809994e+22	4.669652e+09
4.872281e+22	4.705709e+09
4.935375e+22	4.742044e+09
4.999285e+22	4.778661e+09
5.064021e+22	4.815559e+09
5.129596e+22	4.852743e+09
5.196019e+22	4.890214e+09
5.263301e+22	4.927974e+09
5.331454e+22	4.966026e+09
5.400489e+22	5.004372e+09
5.470417e+22	5.043013e+09
5.541250e+22	5.081953e+09
5.613000e+22	5.121194e+09
5.685677e+22	5.160738e+09
5.759296e+22	5.200587e+09
5.833866e+22	5.240744e+09
5.909402e+22	5.281210e+09
5.985915e+22	5.321990e+09
6.063418e+22	5.363084e+09
6.141924e+22	5.404495e+09
6.221445e+22	5.446227e+09
6.301995e+22	5.488280e+09
6.383588e+22	5.530658e+09
6.466236e+22	5.573364e+09
6.549953e+22	5.616399e+09
6.634754e+22	5.659766e+09
6.720652e+22	5.703469e+09
6.807661e+22	5.747509e+09
6.895795e+22	5.791889e+09
6.985070e+22	5.836611e+09
7.075500e+22	5.881679e+09
7.167100e+22	5.927095e+09
7.259885e+22	5.972861e+09
7.353870e+22	6.018981e+09
7.449072e+22	6.065457e+09
7.545504e+22	6.112292e+09
7.643185e+22	6.159489e+09
7.742129e+22	6.207050e+09
7.842353e+22	6.254978e+09
7.943873e+22	6.303277e+09
8.046707e+22	6.351948e+09
8.150872e+22	6.400995e+09
8.256383e+22	6.450421e+09
8.363260e+22	6.500228e+09
8.471519e+22	6.550420e+09
8.581179e+22	6.601000e+09
8.692257e+22	6.651970e+09
8.804773e+22	6.703334e+09
8.918743e+22	6.755094e+09
9.034188e+22	6.807254e+09
9.151127e+22	6.859817e+09
9.269578e+22	6.912786e+09
9.389561e+22	6.966163e+09
9.511096e+22	7.019953e+09
9.634204e+22	7.074158e+09
9.758903e+22	7.128782e+09
9.885216e+22	7.183827e+09
1.001316e+23	7.239298e+09
1.014276e+23	7.295197e+09
1.027404e+23	7.351527e+09
1.040702e+23	7.408293e+09
1.054172e+23	7.465496e+09
1.067815e+23	7.523142e+09
1.081636e+23	7.581233e+09
1.095635e+23	7.639772e+09
1.109815e+23	7.698763e+09
1.124178e+23	7.758209e+09
1.138728e+23	7.818115e+09
1.153465e+23	7.878483e+09
1.168394e+23	7.939318e+09
1.183515e+23	8.000622e+09
1.198832e+23	8.062399e+09
1.214346e+23	8.124654e+09
1.230062e+23	8.187389e+09
1.245981e+23	8.250609e+09
1.262106e+23	8.314316e+09
1.278439e+23	8.378516e+09
1.294983e+23	8.443211e+09
1.311742e+23	8.508406e+09
1.328717e+23	8.574105e+09
1.345912e+23	8.640310e+09
1.363329e+23	8.707027e+09
1.380972e+23	8.774259e+09
1.398842e+23	8.842011e+09
1.416944e+23	8.910285e+09
1.435280e+23	8.979086e+09
1.453853e+23	9.048419e+09
1.472666e+23	9.118287e+09
1.491722e+23	9.188695e+09
1.511025e+23	9.259646e+09
1.530578e+23	9.331145e+09
1.550383e+23	9.403197e+09
1.570445e+23	9.475804e+09
1.590766e+23	9.548972e+09
1.611349e+23	9.622706e+09
1.632199e+23	9.697008e+09
1.653319e+23	9.771884e+09
1.674712e+23	9.847339e+09
1.696381e+23	9.923376e+09
1.718331e+23	1.000000e+10